t0,t1,t2,a0,a1,a2,b0,b1,b2,c0,c1,c2,dicnotch,winSys,maxAmpl,sysTime,duration,R2_of_fit,Es,As,Ed,Ad,td,fd,pulse_index,start_time,end_time
0.08453710404760037,0.0879999530117338,0.15336579092257335,2.4708097699665696,0.4196929530184413,0.4588884513340531,0.24502898736668363,0.3413967440638184,1.3940751064448889,0.13876601361030277,1.962254642198736,0.4191651315938711,0.3759999999999999,0.3759999999999999,0.4773955564254296,0.2879999999999998,1.016,0.9878344588195411,-0.0866954303799383,-0.1964408766627571,-0.0005952424241512937,0.0030928946027943566,-6.503882460077482,0.2816107238718383,0,3.072,4.088
0.10141991590851257,0.10399999474555674,0.6253587092499422,2.0207063087859805,0.3284844683889016,0.3323733541778466,0.34749300335512506,0.35658518352730734,1.106877466108099,0.15339827096483216,4.889316441096109,0.41953920588328797,0.4159999999999995,0.4159999999999995,0.49311751577846613,0.28800000000000026,1.016,0.9879168647190898,-0.13007951903597698,-0.20009481360765963,-0.0028148408815890963,-0.006579755158001554,9.618315123832193,0.25098039215686274,1,4.088,5.104
0.12279425551400028,0.1279999982301048,0.19211703051420734,2.069269070936269,0.22071915930570624,0.3480055172549459,0.2547336011400832,0.3395055037878376,1.4207705104928097,0.12974028136324675,4.694085929827111,0.6169979749165576,0.4079999999999995,0.4079999999999995,0.47953172819544543,0.29600000000000026,1.056,0.9876492578013547,-0.0838523317742689,-0.19095122900343228,0.0011076666031190545,-0.01435381298309115,2.5816050842466605,0.26274509803921564,2,5.104,6.16
0.09319593210011104,0.0883093768917353,0.09600001743567717,2.653670890241658,0.1536563459908156,0.1259065909276471,0.27093059557561805,1.0758906964954056,0.32041775669800576,0.1539316885422654,4.244028763494696,0.7351665595531801,0.36799999999999944,0.36799999999999944,0.5326770911951594,0.29600000000000026,1.024,0.9867477968846778,-0.10613427819488735,-0.2072108626727825,0.0032973737193860817,-0.028394254495244204,1.8375359818323656,0.2549019607843137,4,7.2,8.224
0.08211637885808523,0.25599998087736964,0.3153981752853733,1.4691524973251002,0.1423578463672651,0.913318589047365,0.6790410077696839,0.7013525022577841,0.28596941523132335,0.2417760783935538,2.104801211110627,0.7655728900532688,0.40000000000000036,0.40000000000000036,0.45668341318827976,0.30400000000000027,1.0399999999999991,0.9969452816770277,-0.07034242874387071,-0.0620450655997649,0.04696848036703781,-0.1334901077353007,1.5363300872737118,0.2431372549019607,5,8.224,9.264
0.07559650563265727,0.3199999540149601,0.31564690946073237,2.3096943534134984,0.41436173965328177,0.9553981066420437,0.4960048058471438,1.4696511779969903,0.2813127745591274,0.26374617129537736,1.0660127012008553,0.8089270981910821,0.3680000000000003,0.3680000000000003,0.47771758790996344,0.29600000000000115,1.048,0.9967602603686422,-0.09430364163812863,-0.11025938821550094,0.022882118368696865,-0.09340408831981103,1.7082157458875158,0.2509803921568628,6,9.264,10.312
0.07715930510936465,0.07999998313795091,0.621035873660551,2.0388320164480405,0.37581451234223157,0.39067415436183284,0.36637205234073494,0.3771465301658762,1.3278378893312102,0.1604166105028201,5.585555350766526,0.45456722432276975,0.40000000000000036,0.40000000000000036,0.4870822090463067,0.2640000000000011,1.024000000000001,0.9877658653260858,-0.1407064052859649,-0.2126577028133202,-0.006216975392403896,0.001859674033496921,-36.10166746760138,0.2509803921568628,7,10.312,11.336
0.06413909105199395,0.23999990939106372,0.3054572205875526,2.2123417708413755,0.08152480563162147,1.0156362068619054,0.5393881166815748,0.7797518767174283,0.27135608832157865,0.26185877812588126,5.871305545884213,0.6686530307393871,0.38400000000000034,0.38400000000000034,0.5079279594215471,0.2959999999999994,1.032,0.9966838265702767,-0.10448586063227708,-0.1071133782107167,0.034169091005284466,-0.1114161052684508,1.6391242755147732,0.24705882352941178,8,11.336,12.368
0.07075796835806253,0.07199995451040977,0.6325402495482925,1.6114777385128,0.4412515984953881,0.3714971680583521,0.40646740373821494,0.5641543863128349,1.3742198598563231,0.153327626006468,5.962655787226861,0.43360725073264694,0.40000000000000036,0.40000000000000036,0.46166970459554246,0.28800000000000026,1.0079999999999991,0.9865812171070355,-0.11864886876899,-0.18486313219637687,-2.9472002709688056e-06,-0.01617246551582867,4.738225325686551,0.24313725490196073,9,12.368,13.376
0.0919362897619529,0.09599994907378757,0.6434151016082664,1.8123383009578518,0.32948258448533513,0.3168541369768165,0.36346576249250895,0.3837141015772692,1.2854424652581007,0.14917913147383297,5.6118704613531305,0.4451756406653854,0.41600000000000037,0.41600000000000037,0.48412836086930683,0.28800000000000026,1.0,0.9860480029456887,-0.12220155397000253,-0.18993635796803862,-0.001318245103639418,-0.01163458608030732,5.691755650946478,0.25490196078431365,10,13.376,14.376
0.11723130698559446,0.11999998774434896,1.3025447437275286,2.6358389102915933,0.10522474858884237,0.07957478477703568,0.24271962224831634,0.32822209777626304,1.7439827704219635,0.14620261482621827,2.135844916777699,0.4417200133389388,0.42400000000000126,0.42400000000000126,0.48273810078222607,0.30400000000000027,1.048,0.9850559250390564,-0.07997715393775247,-0.18631650519453646,0.0014003503091142453,-0.01818350247775121,2.038730238067032,0.26274509803921575,11,14.376,15.424
0.09260789411860296,0.09599993803158664,0.6270599520362294,1.7389328698364095,0.45800095303486965,0.39970720468896426,0.40215864581648314,0.6175715739696437,1.2677796490579958,0.153425921905463,7.846670414830815,0.4023635654563411,0.41600000000000037,0.41600000000000037,0.5019551721319717,0.30400000000000027,1.032,0.9873340061760636,-0.13492855700390288,-0.1958390284953997,0.0007645123224074568,-0.01987271630825002,3.9989678755026827,0.24705882352941183,12,15.424,16.456
0.048312488897155684,0.11200002262791808,0.275980967566823,1.5080423753193413,0.681307363621257,0.9663987252731951,0.5525380002928505,1.3515444049502148,0.29003301439911916,0.21412087391102075,1.0081582497207582,0.8271378997849143,0.3520000000000003,0.3520000000000003,0.483212262309396,0.2560000000000002,1.0079999999999991,0.9969775036431192,-0.0895231831230621,-0.1168169195789942,0.018279523599287018,-0.08264822122948154,1.6403244698426929,0.2509803921568627,13,16.456,17.464
0.0579744256691359,0.37021209414115985,0.2725938959590588,2.9471430580538582,0.44272165592876744,0.9852173190265949,0.7199999999337999,0.3621348366557924,0.29068641764444,0.38083406128242886,1.0160000011746881,0.9749905951822729,0.360000000000003,0.360000000000003,0.4926086595133544,0.28000000000000114,1.0160000000000018,0.9983055051010661,-0.01981024662698939,0.020072626489570106,0.13669448569047815,-0.22553591546171914,1.45325238564297,0.2588235294117648,14,17.464,18.48
0.09337470808544025,0.08890502182404554,0.09599994551093774,2.7241874921008042,0.06136964125561772,0.28952917379374316,0.24484674496500858,0.5837923311285529,0.40457336781076775,0.14971771851666305,4.352935557195702,0.5660747660242207,0.38400000000000034,0.38400000000000034,0.48131388557981675,0.28800000000000026,1.024000000000001,0.9845578215434644,-0.08156104957723653,-0.18828667407236133,0.0012570058329674906,-0.015869110577632812,2.2489410897389934,0.2745098039215686,15,18.48,19.504
0.09967228086799872,0.10399990416763369,0.1758629474754585,2.71793331234216,0.2779522385892781,0.434836478590329,0.24599771999960152,0.31931777757455165,1.3134061931302903,0.1407355096859163,11.061796253786492,0.42754676423328863,0.39199999999999946,0.39199999999999946,0.5285223249780822,0.3039999999999985,1.0399999999999991,0.9865753784176072,-0.10215776651050415,-0.2136884081628062,0.002609675565490183,-0.024511370396405045,1.9349445492857373,0.2549019607843137,16,19.504,20.544
0.07757974322209002,0.07999999598903877,0.6369028058311792,1.75707015323789,0.36831074670279507,0.2950108096589786,0.3974882799799994,0.40264352358657934,0.984377552689806,0.15100528184277243,6.729546148067072,0.3237162577344897,0.4800000000000004,0.4800000000000004,0.494664604786968,0.28000000000000114,1.0159999999999982,0.9871198957112562,-0.13890295097212074,-0.20290109286470445,0.00010563270798910684,-0.01689495663542248,4.882329768432726,0.24705882352941172,17,20.544,21.56
0.10124542187652907,0.2906105767385301,0.03630604240499194,4.584143339901877,0.9238726147232517,0.4298641267113651,0.23881812877980618,0.3748544880201797,3.8381298661738446,0.21142757876294,1.176734240905627,0.2082619937847234,0.3680000000000021,0.3680000000000021,0.46193630839419,0.272000000000002,1.0080000000000027,0.9993439066113347,-0.015667029778615768,-0.07400830027135827,-0.014943895150141523,-0.1158183711050254,0.48883784184952195,0.24890514957506443,18,21.56,22.568
0.09338502342982996,0.09599995364928014,0.6417222679819743,1.9270732235284063,0.3322351308999257,0.2843627722947437,0.350473355384933,0.3825121540405727,1.4592590421453955,0.1577623353391458,3.909158722698164,0.4589858550308692,0.36799999999999855,0.36799999999999855,0.4586503334292138,0.28800000000000026,1.0159999999999982,0.9881586908495321,-0.11450885253853492,-0.18857109907457492,-0.002898883753825712,-0.004950619151038948,12.049838365701625,0.25490196078431365,19,22.568,23.584
0.09992505906990574,0.10399999949213883,0.6501794705666751,1.8711047735101323,0.3393791223308019,0.3284251721547577,0.35920708632925447,0.397823101110337,1.2698746091199742,0.1489861512471162,5.49716583885786,0.43539594944141813,0.4319999999999986,0.4319999999999986,0.4972117881060833,0.2959999999999994,1.0160000000000018,0.9874973578434832,-0.12801115714527259,-0.19715727661762025,-0.0018902422188981577,-0.010419546049629972,6.3626840676823075,0.2666666666666668,20,23.584,24.6
0.10226017511017686,0.1039999435305767,0.6566349268569917,1.709618263278691,0.3405154611853575,0.3120417990110338,0.38010958978460346,0.4051040377437163,1.0842475248318346,0.149837088062666,7.080547582849982,0.3681308117856453,0.4399999999999977,0.4399999999999977,0.4698902925867085,0.3119999999999976,1.0239999999999974,0.9868229498177324,-0.11967332735555589,-0.185546267935293,-0.0007109914581020089,-0.014949675421411445,4.896907183691318,0.23529411764705882,21,24.6,25.624
0.09962518955615958,0.10400000590121188,0.6574072096741128,1.6835025927329674,0.3716092822249304,0.3222524974457691,0.38754385184387863,0.46608591416984746,1.0574999138762324,0.14450558176065761,6.59752840404906,0.3598428248815495,0.4720000000000013,0.4720000000000013,0.4987233296648522,0.30400000000000205,1.032,0.9875906539150219,-0.12997491265335276,-0.1967637700664626,0.000593222728369789,-0.019367611757001538,4.027639893846441,0.23529411764705876,22,25.624,26.656
0.08538599567048683,0.08799992716694091,0.6584365326855907,1.9295973408724165,0.35289649361822223,0.351677625693078,0.34552700111401236,0.49478236121827207,1.1609766762627056,0.1530794064268496,7.222282387357203,0.39243074478706386,0.4559999999999995,0.4559999999999995,0.4856424529583221,0.28000000000000114,1.0080000000000027,0.9869695357610963,-0.11856757661349791,-0.19592145295905253,-0.002043699728824618,-0.0082523283948961,7.347864781054703,0.25490196078431376,23,26.656,27.664
0.10180177974230546,0.10265645582201006,0.10400001516548318,2.012344531478482,0.08840313598705206,0.13882420177492785,0.2677521939588872,0.5571219743300687,0.3225775095405142,0.13516245796679083,3.1781799779678814,0.6565105815694112,0.3839999999999968,0.3839999999999968,0.4850924425464773,0.2959999999999994,1.0159999999999982,0.9830308622989576,-0.08363918532252071,-0.18451147417882746,0.001880511605727557,-0.019992265911531342,2.0993920986654167,0.2666666666666667,24,27.664,28.68
0.08954326399371884,0.0880000100748035,0.3204708600922371,1.6607365876568785,0.06464977771002792,1.0343694677164985,0.7489231530944306,0.7581694981154902,0.3045995337989305,0.2531890346698555,3.3670021569352935,1.0013473420684462,0.39199999999999946,0.39199999999999946,0.5171888448548838,0.3200000000000003,1.032,0.9973179188879053,-0.06948471441940628,-0.034604765069606164,0.09404612754743491,-0.19192896210831734,1.4405969360886668,0.25098039215686274,25,28.68,29.712
0.0921254075548592,0.09599994213721347,0.6422958761714782,1.7816855151243012,0.37768465702749743,0.3060961034059753,0.3701705329035163,0.5254130351438931,1.7657412132408006,0.15330034094587439,7.322199145441786,0.4294284010035718,0.39199999999999946,0.39199999999999946,0.4759793183687178,0.28800000000000026,1.024000000000001,0.9879301525981448,-0.11894068572613894,-0.19084041389152506,-0.0006922942412071686,-0.013934695561409426,4.928469973758601,0.2588235294117648,27,30.736,31.76
0.09223073904205642,0.09599999323837076,0.6412177766757348,1.8932965993442643,0.42075232772396254,0.34455387098481643,0.3655622331716815,0.5676052711468282,1.3352571950824101,0.15567449205686423,6.120165831264059,0.3923504945445355,0.4079999999999977,0.4079999999999977,0.4943578825831543,0.2959999999999958,1.0239999999999974,0.9879326093080604,-0.1266155061523732,-0.19735961029117727,-0.0005855755162415897,-0.014756728556300317,4.788853830095064,0.2588235294117648,28,31.76,32.784
0.10165372599299435,0.10399997237614157,0.6423640541500307,1.8863050901825462,0.3495379857343077,0.29193814103910387,0.36851691378102625,0.4116238786262514,1.3355565787190424,0.15456072020718853,6.58946221431296,0.38919143930559225,0.4239999999999995,0.4239999999999995,0.49118495336555135,0.2959999999999994,1.024000000000001,0.9883000421470648,-0.12855668322000058,-0.19428861616325216,-0.0007635598008184539,-0.014744359216289296,4.967542673520507,0.26666666666666666,29,32.784,33.808
0.10941647347456492,0.11199998354719078,0.7285073017403184,1.7470708225433278,0.4410915917516268,0.32054605682264886,0.43747707195951435,0.4633479394519206,0.888532238396488,0.15170111990423304,8.544666339862724,0.27689687647747774,0.5760000000000005,0.5760000000000005,0.5273437918333388,0.32800000000000296,1.0480000000000018,0.9883186403051425,-0.16028861748262418,-0.19990684547635318,0.004930293050572167,-0.03595325925944044,3.110580782974375,0.24313725490196073,30,33.808,34.856
0.09171478808955,0.09600000075036504,0.6605732674442538,1.8395789828458777,0.3727496672792147,0.3505982009395904,0.3969716505418679,0.4201817246967262,1.1667633812923475,0.15639512774267705,4.940002289887076,0.4550844420370356,0.43199999999999505,0.43199999999999505,0.504496503495546,0.30399999999999494,1.0480000000000018,0.9884415138249795,-0.1444130867966838,-0.20848141601089556,-0.0003099627257955057,-0.016613935182849704,4.960869884886419,0.2431372549019607,31,34.856,35.904
0.0589247957814927,0.4090921241791204,0.2804542307101398,1.7850443853375695,0.24722512270538372,0.9169740094850605,0.7839999955800642,0.332713314374238,0.29810325054892006,0.3075597811711334,1.0320010269481192,0.9665929453009438,0.3919999999999959,0.3919999999999959,0.45848700533893966,0.27199999999999847,1.0319999999999965,0.9982162951205301,-0.043006930970005866,-0.014543634165598923,0.0914570099542143,-0.18545449837767386,1.4856095605040178,0.25098039215686274,32,35.904,36.936
0.08219564586807762,0.08799999422417007,0.5975029443203125,1.7828226693698672,0.45498092882316665,0.35072972180540835,0.41100096354112436,0.4106225385425137,1.1842096931726223,0.15800140300325707,5.957207483760994,0.31748849325515077,0.4399999999999977,0.4399999999999977,0.46204103539616026,0.27199999999999847,1.0,0.9870986786699258,-0.13699470912788683,-0.18759475298734077,-0.0029784634131757,-0.011571376725528777,7.212412606906255,0.2745098039215686,33,36.936,37.936
0.07852272070153785,0.07997992898453106,0.08000002485899767,3.0090651024107733,0.09977748386986911,0.20359069149196296,0.2668210049613874,0.34036938946529305,0.506016671018849,0.16511281061705993,3.1943308060815614,0.7321413882091389,0.35999999999999943,0.35999999999999943,0.502724577620108,0.2879999999999967,1.0080000000000027,0.9885067599397146,-0.10077260608110898,-0.20095548468942734,0.0029318856247644368,-0.024468908084570504,2.0905621174792426,0.23529411764705885,34,37.936,38.944
0.09256476413227559,0.09599995902986723,0.6764485655799761,1.6705108964949011,0.33031356447460397,0.3183843887817159,0.37238869598248975,0.4016126366567521,1.1977325812702575,0.1457427899503928,6.012429663399145,0.41795118979291584,0.4399999999999977,0.4399999999999977,0.46751317698068506,0.2879999999999967,0.9839999999999947,0.9861146496817539,-0.11233278592749019,-0.1759670254822899,-0.00043264426795341416,-0.015020044373758397,4.432242637226857,0.2470588235294118,35,38.944,39.928
0.1215614345848521,0.12799995924228758,0.6560797544490957,2.04586888363687,0.32946271954260203,0.39638413487638385,0.33439708687984354,0.5024498088230673,1.2415783792152522,0.16222266984744488,12.22193300513914,0.4449822411159926,0.40800000000000125,0.40800000000000125,0.4553538469324956,0.32800000000000296,1.0560000000000045,0.987804753550543,-0.1076082478553233,-0.1861438888328591,-0.0015930541564372,-0.010640746718491467,5.776146396073941,0.24313725490196073,36,39.928,40.984
0.0826159310503472,0.0879999986872793,0.6373429384883493,1.632589553348989,0.3000560556113319,0.314306596398841,0.3533486060381681,0.4105631518086754,1.2075425785171994,0.145752048684148,6.8221939222748755,0.40441030099538855,0.4159999999999968,0.4159999999999968,0.43498818321058086,0.2639999999999958,1.0079999999999956,0.9869334389742017,-0.09904679945248147,-0.18023825796238452,-0.0031655783711726205,-0.0016283506952062196,31.741570166016537,0.2627450980392157,37,40.984,41.992
0.0753014978144568,0.0799997588218273,0.17748869002547846,1.797310885536771,0.09254620252546758,0.3713316585197382,0.25406284999212936,0.7006393969892128,0.24301019702377566,0.14930674590622217,4.520435657841541,0.06792339048109447,0.3680000000000021,0.3680000000000021,0.49572862591041794,0.30400000000000205,1.0160000000000053,0.9973320017351998,-0.04200878799653184,-0.13584609218871127,-0.002793964179598569,-0.07145168207781907,0.6756287800293692,0.25420340166528727,38,41.992,43.008
0.09245708623054312,0.09599992019513066,0.6113096302302652,1.642707797258438,0.3074629146424539,0.3234313490835802,0.3536633335807773,0.4172374680383515,1.4770916748537275,0.1450180205296408,5.718517127791873,0.49191955129166165,0.4239999999999995,0.4239999999999995,0.44672457563130163,0.2879999999999967,1.0159999999999982,0.9867844591334133,-0.10117682578703058,-0.18080483676707249,-0.002468123316248836,-0.004141920119427817,12.915473469696257,0.2431372549019608,39,43.008,44.024
0.09337595243334965,0.09599994531593163,0.6112030867622501,1.6245621767979106,0.33191081346563256,0.3252155869998756,0.3672034608109475,0.39726096539238076,1.2476634589410664,0.145840590236583,6.969741588708423,0.40287764488423417,0.4239999999999995,0.4239999999999995,0.4412456763876579,0.28000000000000114,0.9919999999999973,0.9856639046253733,-0.10384614522643246,-0.17244738387927594,-0.002113988871801873,-0.008223239575063507,7.402013935593441,0.2588235294117648,40,44.024,45.016
0.10245730828608804,0.10399995475508808,0.6088497807537403,1.8448908948061238,0.3811155323617949,0.3503799332490109,0.3670735407534027,0.35637401397861895,1.3499780967422124,0.14914696634540925,4.941380950271061,0.3732372616378699,0.6799999999999997,0.6799999999999997,0.4725188762541271,0.2880000000000038,1.0480000000000018,0.9867326556597477,-0.133341863291574,-0.20731074271857836,-0.009013084222462258,0.010694242061911122,-5.453079019552049,0.2588235294117648,41,45.016,46.064
0.0651573441879734,0.2802761407447619,0.607801687362383,4.306969159237457,0.5993909451378845,0.8613759167356609,0.4311514859650366,0.2204145680151199,0.4724890393218734,0.31242784532220524,1.2773142452955364,0.40967928790910757,0.3359999999999985,0.3359999999999985,0.430696920974993,0.28000000000000114,1.0,0.9968795164313927,-0.07831952024218633,-0.08994680202591662,0.01993944435556649,-0.08283022387405513,1.734632519772345,0.2509803921568628,42,46.064,47.064
0.10986755873353696,0.11199995633350227,0.5854954601297521,1.8573023500935273,0.3682329786475625,0.46895235010156555,0.35391364131518865,0.4503388326881551,2.419535808038878,0.14578843280361095,9.725064995453709,0.6523346496376581,0.4239999999999995,0.4239999999999995,0.49580968199760356,0.2959999999999994,1.0559999999999974,0.988705885566099,-0.13007793604338203,-0.20920594284428612,-0.006040329860240074,0.004377802826270531,-12.770831519277719,0.2509803921568628,43,47.064,48.12
0.07741753432084275,0.07999995179007478,0.561568023279915,2.1974963212880323,0.4463266216379737,0.418335440340262,0.3489206187661934,0.437536747136951,2.001916192376219,0.16181567082035686,5.959142632406042,0.46139854043722667,0.3760000000000048,0.3760000000000048,0.48417789630099345,0.2640000000000029,1.0080000000000027,0.9899607441606302,-0.140284899514136,-0.21223530139549224,-0.008980090837644073,0.01003186016535122,-5.845581615979728,0.2666666666666668,44,48.12,49.128
0.08949395857783493,0.09599997989232129,0.17198553216018062,2.7574023455704046,0.26763016764822345,0.3807600828594691,0.18706805094426848,0.18923017676663012,1.8046011379231268,0.12655417878326292,12.367320435207324,0.08465875845926736,0.38400000000000034,0.38400000000000034,0.48293412879782804,0.2879999999999967,1.0480000000000018,0.9968997189792606,-0.04413159575853382,-0.14824678859252685,-0.0034247024359773982,-0.049416167340903025,0.6423661841845929,0.2928519851099642,45,49.128,50.176
0.08497760470067267,0.0879998566196761,0.5616848206218631,2.6125253289560075,0.5181492382892819,0.5125646346114714,0.3398620547762956,0.6458562138960202,1.4893088458252213,0.18011804079308388,11.592018740274282,0.4369034507726331,0.40800000000000125,0.40800000000000125,0.49290888417295586,0.2879999999999967,1.024000000000001,0.9894350257677912,-0.1401524868648489,-0.20961982509409588,-0.0022839729951801553,-0.009923637197319427,7.400269134030546,0.26666666666666666,46,50.176,51.2
0.09319209596202851,0.09599995900040618,0.6126581443908582,2.0933160835356146,0.4562390698988084,0.43951134871390873,0.36910660228756026,0.4442009681052885,1.4128824283881447,0.15941618651785583,4.557611104155457,0.474680064282407,0.40799999999999415,0.40799999999999415,0.5090918332223227,0.2879999999999967,1.0239999999999938,0.9888563427182262,-0.1504009700075961,-0.2119565181006503,-0.004455128328202308,-0.006549157367045698,11.585445326525502,0.2745098039215687,47,51.2,52.224
0.09394258773872353,0.09599999463099637,0.6263333817267923,1.8028010553297364,0.38760546333311735,0.3218603373809133,0.3897516560566567,0.44081661249137344,1.0646888066705558,0.1499754344695571,6.72941259236703,0.34204435626380253,0.45600000000000307,0.45600000000000307,0.5094889463942391,0.30400000000000205,1.0400000000000063,0.9880582434186855,-0.14301711094761974,-0.2086546742313558,0.0003010110395191348,-0.018385782395435195,4.57004575834532,0.2549019607843137,48,52.224,53.264
0.08452392962124941,0.08799999695909792,0.595220228969602,1.9130185612616302,0.44859963801183483,0.3885684732097475,0.39023632132561986,0.44050782328240473,1.3640553576717458,0.1542468447922106,4.551074460737018,0.4394442905304678,0.40799999999999415,0.40799999999999415,0.5161903576672473,0.2879999999999967,1.0239999999999938,0.9877985272984731,-0.15265554192463757,-0.21296051048850898,-0.0029719718529301166,-0.009560881346212385,8.302647153067545,0.25098039215686274,49,53.264,54.288
0.06638012560122926,0.25983931038984703,0.33414027005769253,4.131957798332886,0.9710535989900727,0.9710535989900727,0.720000000000013,0.343009434788337,0.39099562890037237,0.44411901847441476,1.040000000029246,0.8279668954942833,0.36000000000000654,0.36000000000000654,0.4855267994950364,0.28000000000000114,1.0400000000000063,0.9986410149180077,0.01311038013772739,0.0563245565835382,0.17930188776886397,-0.2595141070753831,1.4945249434399306,0.2352941176470588,50,54.288,55.328
0.07625207220504437,0.07999998655766628,0.6320295977078003,1.8906933798873913,0.35958051613046416,0.3213492412542961,0.3806148418294419,0.36569980904854493,1.0685442519078905,0.15261336886979823,5.727608244914837,0.3712451582636363,0.4399999999999977,0.4399999999999977,0.504659560808821,0.27999999999999403,1.0079999999999956,0.9871590233433348,-0.14374540480022596,-0.20898310136195264,-0.0027513117506702844,-0.008332363441406589,8.861059002086671,0.23529411764705885,51,55.328,56.336
0.10024742737498163,0.10399992684078353,0.6729128587903623,1.8987540245745014,0.34685154149157926,0.3737825494454332,0.3594760350632775,0.4090528195260833,1.1567258886223442,0.15162849380322993,6.091853361855601,0.4318083451746604,0.4239999999999995,0.4239999999999995,0.49335127752666275,0.2880000000000038,1.0080000000000027,0.9865872657297321,-0.1265224893166453,-0.19237161627177893,-0.002025153737975079,-0.010989173015677822,6.080463029519121,0.25490196078431365,52,56.336,57.344
0.15599999999996986,0.14400000922030023,0.06900084411269782,2.8887734766799813,0.36401220490773173,0.40325582550838807,0.21252676368180642,0.23049995684468885,1.3938101938559342,0.1328583210515473,2.244984510139732,0.2629404534127048,0.4239999999999995,0.4239999999999995,0.5469206260903516,0.3119999999999976,1.064,0.9878946664363567,-0.07505326535496816,-0.18245030610049856,0.0010328868633265197,-0.0403317176061581,0.9529075005011759,0.256077473437535,53,57.344,58.408
0.09457718493054564,0.09600000078633183,1.155537861677505,2.78515569040967,0.13638901855444327,0.09678464132793953,0.27105021732571605,0.31601998895452127,0.6399523809343063,0.1572907135440318,2.984549769108353,0.8111006133395404,0.37599999999999767,0.37599999999999767,0.5297294051851468,0.3119999999999976,1.0399999999999991,0.9856670542718136,-0.1099353975931514,-0.213413530396456,0.0031996363844739137,-0.026782624766625192,2.0512264750420024,0.2392156862745099,54,58.408,59.448
0.08546069821590392,0.08799999585115055,0.6325699322118629,1.6530942038832486,0.37176632218606626,0.38225126180846936,0.38935565430869357,0.5296798285424706,1.5819938116202137,0.156350348262665,7.939485443187808,0.5112403051754321,0.392000000000003,0.392000000000003,0.4543523765394999,0.2879999999999967,1.0480000000000018,0.9875916190733675,-0.11286383871998153,-0.1888567895746499,-0.001383517451745411,-0.010853651813972104,6.407337965058881,0.2352941176470588,55,59.448,60.496
0.076816629270394,0.07999991615621968,0.7129750337406825,1.4826607349061485,0.33350331146126033,0.28242289541696397,0.4302409357880782,0.39593383452656383,0.6350209286065959,0.14559059545482028,9.986101373792577,0.22289912118590896,0.7999999999999972,0.7999999999999972,0.4629875040292288,0.27199999999999847,1.0319999999999965,0.9863910458004607,-0.12309466937925433,-0.18908525663394818,-0.000549956029035889,-0.015309458653114394,5.307188334688026,0.25098039215686274,56,60.496,61.528
0.06148478866720306,0.36187899725030537,0.2743649763726788,4.968567296936134,0.7823756923949756,0.9937135246049845,0.7520000000000093,0.4462516168734103,0.32571066012721467,0.49601138122218075,1.0480000013295945,1.1909013213058732,0.3760000000000048,0.3760000000000048,0.49685676230249654,0.28000000000000114,1.0480000000000018,0.9984586290328795,0.04997427371503688,0.08692121376903715,0.2337460048887364,-0.3052334524232012,1.4410502317924034,0.25098039215686274,57,61.528,62.576
0.08456756497875098,0.08799999172128789,0.6272695151185569,2.446602264393463,0.3534406480327972,0.38081759177166585,0.33822604652894783,0.35494958987071434,1.2568709316191695,0.1701029566789738,4.017116815572176,0.5019459837807438,0.35999999999999943,0.35999999999999943,0.49331155827662293,0.27199999999999847,1.0159999999999982,0.988752558002187,-0.14114133016947872,-0.2125075722151321,-0.004751010959008149,-0.0008102823084052756,78.17848469759548,0.26274509803921564,58,62.576,63.592
0.10927939651243501,0.1119999999135673,1.2187834838046583,2.588302597134057,0.12901054183236113,0.07690497221201262,0.2703084839738706,0.35649403033586397,1.6088489641003645,0.15652305518276052,2.6420311581336953,0.48781002087956615,0.40800000000000125,0.40800000000000125,0.5025940004371998,0.30400000000000205,1.0400000000000063,0.9858109203426024,-0.0947867284659089,-0.19422217626006982,0.0027302145454069773,-0.026128883803193503,1.8850341773670316,0.2784313725490196,59,63.592,64.632
0.09906633456524615,0.1039999248056483,0.6328826542568724,2.1514580113715858,0.2898087761725242,0.23963626793074552,0.3247605488453863,0.39313143475826257,1.0675106691308582,0.16153932150080824,3.8118009430250694,0.4124449938857382,0.367999999999995,0.367999999999995,0.46870240138521996,0.29599999999999227,1.0319999999999965,0.9877303899597644,-0.1109141522652458,-0.1940838684453045,-5.96426461218838e-05,-0.013028600879439668,4.665367878904736,0.23529411764705882,60,64.632,65.664
0.09731540278587823,0.1039999805847922,0.6526761134774524,2.026476950310489,0.39702474122683534,0.36821078815597785,0.3664769561321366,0.5247940076432567,1.3398488579554861,0.16247925875965527,8.891948625042259,0.39458774317982004,0.45600000000000307,0.45600000000000307,0.4945147027623076,0.3119999999999976,1.0480000000000018,0.9884678360663248,-0.1353285872204557,-0.2062903940222256,-0.0018067863251694967,-0.012127456492496247,6.0265831688318885,0.2392156862745098,61,65.664,66.712
0.07728412069832327,0.07999993494066365,0.6593680300967217,1.848680553360093,0.3982622136554506,0.3691899862704618,0.3964474589603856,0.4149212891981895,1.0437752795772037,0.16111035263630835,5.87244525408955,0.36638863947392375,0.43200000000000216,0.43200000000000216,0.47523540145461085,0.27199999999999136,1.0079999999999956,0.9871395090876992,-0.13430415985100974,-0.19357102066145782,-0.0030903560883321205,-0.009238805431945683,8.291168972738868,0.25098039215686274,62,66.712,67.72
0.1480000000000032,0.14399999567681188,0.06710981626945352,3.2540451417297107,0.5438501181243975,0.4076041537253165,0.22158744880956097,0.18161284889880083,3.408886660647208,0.15233871586486528,2.1114122887098206,0.14760433170959825,0.38400000000000034,0.38400000000000034,0.4776629500425697,0.2960000000000065,1.0400000000000063,0.997308597077436,-0.06514026944782002,-0.16317166481245635,-0.0015422932441938255,-0.03375376014233677,0.8506900469755415,0.26562302741661764,63,67.72,68.76
0.10267115742531183,0.10399994350499285,1.4941583887832626,2.190661109804503,0.1753991741881345,0.08616589233992217,0.3044376299514674,0.3640274091804709,1.7761198369583098,0.15021731125205684,3.1581126551763123,0.40147659533646085,0.43199999999998795,0.43199999999998795,0.5274682126769314,0.3199999999999932,1.039999999999992,0.9850218273987614,-0.11437162200272867,-0.2074110057725202,0.005887625441944509,-0.038573950059877196,1.855921848261166,0.25490196078431365,64,68.76,69.8
0.08468454252713542,0.08800000431038789,0.6551806232669474,1.6169698445472205,0.3536783549229738,0.3066948358367718,0.4053351782065776,0.3983533592917742,1.3182736234852577,0.15570406091969854,5.2241760632666425,0.4505224457348349,0.4159999999999968,0.4159999999999968,0.44425700822558006,0.2960000000000065,1.0080000000000098,0.9871627977056032,-0.11352406191888383,-0.17442016060804597,4.744745959737502e-05,-0.01671721172903343,4.575826260321513,0.25490196078431365,65,69.8,70.808
0.10916504439195661,0.11199996861248052,1.518548585222539,3.378824649748794,0.09649902803166069,0.08270176646690713,0.2433932057454674,0.31156934004408054,1.6474486109762976,0.16640947290716676,3.0693754280121737,0.43291598301414214,0.4239999999999924,0.4239999999999924,0.4600242347966369,0.3199999999999932,1.039999999999992,0.9853262712315011,-0.07816503465836842,-0.1806272022943183,0.0017253385572680603,-0.020326016996560378,1.9575655381331223,0.2549019607843137,66,70.808,71.848
0.0936800253949072,0.09599989666766152,0.6653872836889436,1.6839420014742985,0.41800790879154087,0.31927593213991873,0.43083642144372675,0.4280341956847701,1.268843718134449,0.1544228299264991,8.809040438580634,0.34688070523475945,0.5760000000000076,0.5760000000000076,0.48474342092064815,0.2960000000000065,1.0319999999999965,0.9881672401055993,-0.14137728332480473,-0.19101634163496126,0.0012879870345948279,-0.024210774327264498,4.059836675177898,0.26666666666666666,67,71.848,72.88
0.07335770181859408,0.3927358529501079,0.28905171186528494,2.830092247548329,0.5722948807724204,1.0187337079310668,0.7679999999999972,0.4232684313296981,0.3246338955544767,0.38349107497917984,1.0240000000379597,1.0843065346606446,0.38400000000000034,0.38400000000000034,0.5093668539667193,0.3119999999999976,1.024000000000001,0.9979167678232906,0.004343972432607785,0.048700147767903906,0.18728577370619928,-0.2763339230208645,1.3703417535386953,0.2274509803921568,68,72.88,73.904
0.08487839962678674,0.08799990002111671,0.628124827545488,2.0076175122692668,0.48932110503189763,0.46985059158678555,0.41047464151685853,0.4513420644578431,1.1794817351164635,0.1692893538650457,9.676673451079994,0.3627197914075814,0.6800000000000068,0.6800000000000068,0.48382751970046867,0.2879999999999967,1.0320000000000107,0.9888291663826468,-0.1561814178858947,-0.20497914202484746,-0.004859679357606464,-0.010343672969484102,9.056566563151865,0.25490196078431376,69,73.904,74.936
0.0897400733560886,0.09599999316243564,0.6330636772716292,1.9898922570275583,0.372314068702479,0.4100442963242852,0.3471915383059056,0.5442165767911115,1.3125915394523673,0.15731623840504186,6.267294212584325,0.49412353924402386,0.3919999999999959,0.3919999999999959,0.4907684652389498,0.2879999999999967,1.039999999999992,0.9875864150968763,-0.12270141268331725,-0.20472697343524035,-0.001531993410959982,-0.009493317714178932,6.620150960913607,0.2588235294117647,70,74.936,75.976
0.08474336846953631,0.0879999291639837,0.6659491986917982,1.9277186909625619,0.35298108078765694,0.32535046305021,0.3603022833897313,0.5271389464500587,1.231094426595145,0.15838447274151743,7.076188454105844,0.4205089636869569,0.3919999999999959,0.3919999999999959,0.49470325928886305,0.28000000000000114,1.024000000000001,0.9878140969802167,-0.1233237577900475,-0.19846537878637915,0.0002938818290183977,-0.01629776826965161,4.237134299368845,0.2705882352941177,71,75.976,77.0
0.10591335047664321,0.11199991258604611,0.6561818057225671,2.084326594965516,0.5131008436180335,0.37621655787054287,0.37032730743548964,0.6734366120379714,2.1797286401943126,0.1645478347255759,6.279271050513716,0.47660583677497076,0.4159999999999968,0.4159999999999968,0.5139641048543224,0.3119999999999976,1.0480000000000018,0.9888195667476619,-0.14144351151131745,-0.20492283266904182,0.0003305650602282318,-0.020895463445996028,3.9403240314924464,0.25098039215686274,72,77.0,78.048
0.07646668130611871,0.07999673300698111,0.31635607726972603,1.405213690903952,0.06187774312329012,0.9900438895198012,0.7999810387477916,1.4762835778236516,0.30491568544853587,0.23988020947029895,7.330714136802601,1.0029612525189238,0.3999999999999915,0.3999999999999915,0.495021944980663,0.2879999999999967,1.024000000000001,0.9964782635689429,-0.06198759315276478,-0.03717731038290928,0.08376491688292553,-0.18134572489105671,1.4202692426675532,0.2549019607843137,73,78.048,79.072
0.10072516352318972,0.10399992922453409,0.6800360987788099,1.7341906981701787,0.3917667765951896,0.3069837595681663,0.3762641378539249,0.6209517233890721,1.007301815033844,0.1564432413982584,7.026440318470534,0.3513404567290296,0.5039999999999907,0.5039999999999907,0.46751184465390877,0.3199999999999932,1.0319999999999965,0.9887403457497975,-0.11188987254605248,-0.181049506818327,0.0032314011310558685,-0.027583776610647176,2.841641192265935,0.2509803921568628,74,79.072,80.104
0.08112798340757113,0.07999999506702139,0.3156993062743071,1.275282485200382,0.05856358117689605,0.9370172988303366,0.7999999999999515,1.5753049414190747,0.3031426698518515,0.2296915761790341,3.626784768162006,0.967644037480225,0.4000000000000057,0.4000000000000057,0.46850864941516834,0.30400000000000205,1.0319999999999965,0.9971682397967615,-0.05933591792401974,-0.04116182641457851,0.06531862755132165,-0.15957544465973417,1.4555647637238536,0.2588235294117648,75,80.104,81.136
0.10659540725969952,0.10473759356985332,0.11199995420341835,2.8585729267696514,0.07427435225242511,0.16184171747494372,0.25880344733575456,0.3438306630121563,0.3286668641001814,0.15329454511030835,5.256163186412455,0.6217082830030171,0.3760000000000048,0.3760000000000048,0.5199696635217832,0.30400000000000205,1.0400000000000063,0.9843652758191506,-0.10442475633853128,-0.2085751135578777,0.0019335882521702757,-0.01965340918694992,2.409604182913918,0.24705882352941183,76,81.136,82.176
0.13394559700196726,0.1279999870097081,0.0469139695234045,2.7309502210427055,0.24904866005852536,0.3471263790815046,0.19791272784849562,0.22874420995488304,1.3051005044789,0.13999697652122559,4.50479660776857,0.11269742476392858,0.367999999999995,0.367999999999995,0.49067785558976085,0.27199999999999136,1.0159999999999911,0.9955609688801866,-0.03621831822702341,-0.1255089395092713,-0.00562247870098138,-0.0881644316458962,0.5460616863937493,0.24782489945490274,77,82.176,83.192
0.08119401244511713,0.31596732203719347,1.0420023875344029,1.3085400324193643,0.9552274480310975,0.10551138786299175,0.7839999999994277,0.3153822872280367,0.5910209648944507,0.23086472343342804,1.024000013400985,0.5894495262206427,0.3920000000000101,0.3920000000000101,0.4776137240155488,0.30400000000000205,1.024000000000001,0.9967139913212631,-0.05955580886520458,-0.040693179811578606,0.07015224627187566,-0.16740462994660268,1.4078213253817204,0.25490196078431376,78,83.192,84.216
0.10749805482029726,0.11199999963271992,0.6575019432372596,1.798043799580229,0.3266231046542234,0.3031054477943972,0.3674906647768016,0.4191164677792554,1.273396957056694,0.15415900331140753,6.623085615362694,0.4233639137178235,0.46400000000001285,0.46400000000001285,0.46743387578873985,0.2960000000000065,1.0400000000000063,0.9877596547764297,-0.11766037827744147,-0.18857060560482972,-0.00039772908144212506,-0.015372195983594024,4.61912836260766,0.26274509803921575,79,84.216,85.256
0.07295904005283636,0.13904828514823556,0.3201057289211881,5.305656114343154,1.0611312228952932,1.0611312228952932,0.3426109709254557,1.5040000000000189,0.320383162805452,0.2640638528461665,1.0319999999999967,0.8054933888939177,0.3760000000000048,0.3760000000000048,0.5305656114476467,0.30400000000000205,1.0319999999999965,0.9969176740290258,-0.1018370817271525,-0.15488286652103328,0.010286071171332938,-0.07199756987308856,1.4848324344829285,0.24313725490196084,80,85.256,86.288
0.07621472555125693,0.07999993880635313,0.6378463731215382,1.8738931065888147,0.3845668013255671,0.37079085226681574,0.3782149191633654,0.39735656222107835,1.2048485667621762,0.15374044151247301,5.703395064349507,0.41780344923431884,0.4159999999999968,0.4159999999999968,0.48614336665216973,0.26400000000001,0.9920000000000044,0.9876208583590123,-0.13535549451137832,-0.19820192221077693,-0.0029590426520877096,-0.008647595849199293,8.358994320345554,0.25098039215686274,81,86.288,87.28
0.09420336372556087,0.09599996239778905,1.073463729257395,3.272246775194989,0.06818017167089005,0.03960069259577073,0.23108148525335823,0.2617060894613206,0.33551226218849034,0.15821574442045017,7.330282101419927,0.14474964729206677,0.35999999999999943,0.35999999999999943,0.45102920628491033,0.29599999999999227,1.0160000000000053,0.9845522748452872,-0.0700587749388549,-0.17420319892369904,0.001328647919251069,-0.017405449610917084,1.9236024652692494,0.25098039215686274,82,87.28,88.296
0.08598930186301103,0.08799994411119719,0.6160414147137163,1.5803101950174643,0.3576077138981842,0.28926334816969823,0.40110204212466627,0.3990373467251295,1.1153597486255815,0.15053334618660796,8.106405892095347,0.32207347791371543,0.5359999999999872,0.5359999999999872,0.4424279698894592,0.2879999999999967,1.0159999999999911,0.987167066239181,-0.11383324268303906,-0.1794234562365903,-0.0007295727934419376,-0.014239811670348912,5.408069964459779,0.26666666666666666,83,88.296,89.312
0.09040332406776753,0.09599992595661969,0.640517000793037,2.057280146448309,0.3999633535852079,0.38499021944941764,0.3640509673936722,0.46097415216010235,1.731754444343202,0.1574586152708456,7.695829025138385,0.4791365856467483,0.4240000000000066,0.4240000000000066,0.5137571469124709,0.2960000000000065,1.0,0.9877732353622805,-0.14173216282344536,-0.20171925437345833,-0.0017865466271175152,-0.013261395422196065,5.523928969616937,0.24705882352941172,84,89.312,90.312
0.10910385650717042,0.11199985296838169,1.316780804566944,2.3067167939565865,0.10234972297770838,0.08449624194697317,0.2496174948867955,0.2951989598197027,1.55021271077868,0.1407089007131048,2.3143874658954533,0.4324768941372045,0.4240000000000066,0.4240000000000066,0.4713107151109091,0.2879999999999967,1.0160000000000053,0.9838645487585328,-0.07708319343169873,-0.17830355705250914,0.0014192601886620082,-0.017706656276216634,2.035702875650367,0.25490196078431365,85,90.312,91.328
0.0839789051557398,0.25599966676064473,0.3138908512325673,1.2291247834783399,0.05580119593398132,0.8904275374274667,0.7535982480455806,1.2262625900639537,0.2812189550200883,0.2238717003618244,4.255508913841664,0.8552488785696419,0.3919999999999959,0.3919999999999959,0.44521756922301514,0.2879999999999967,1.0480000000000018,0.9972262913701709,-0.0637125271201819,-0.0560295945753192,0.04466424100255212,-0.13031259537544473,1.5653550430169185,0.25882352941176473,86,91.328,92.376
0.07103386365664978,0.07199999745694215,0.5870323858752954,1.891792178924233,0.35053385301677137,0.31425377615258543,0.373766441360341,0.3710592676579991,1.3254833158356918,0.1632052400609823,6.5205689389848525,0.3990963498475654,0.43200000000000216,0.43200000000000216,0.4461478455763702,0.2639999999999958,1.0079999999999956,0.9881738604481904,-0.12138574746035331,-0.19232667281381685,-0.0037639026735052073,-0.0030749354348625127,21.87247212681662,0.27058823529411763,87,92.376,93.384
0.10189711227187918,0.10399988380728376,0.17599998323306892,3.263149771581976,0.28994089493060354,0.40032525575546346,0.24328087549638142,0.2686915946667614,1.3330539533175134,0.15340047672414486,3.710541112329442,0.48712945678285685,0.37599999999999056,0.37599999999999056,0.49712725941850866,0.3119999999999976,1.039999999999992,0.988078392265977,-0.10396150134551446,-0.2133276805673474,0.00015325061916282188,-0.00623983668452076,6.199463348411525,0.24313725490196078,89,94.4,95.44
0.08451496009721142,0.0879999872904748,0.6338397129955742,1.8989792754800694,0.39040354549691236,0.35462843029942076,0.3896477098319427,0.40777497875267815,1.1619432226190334,0.1579995422044079,5.838511161195048,0.411012270144162,0.4480000000000075,0.4480000000000075,0.4954501955737356,0.2960000000000065,1.0160000000000053,0.9882292703552129,-0.14207452163005643,-0.20160169139605122,-0.0007751495820820405,-0.015624949874300081,5.2534309162102,0.24313725490196075,90,95.44,96.456
0.08322756108606826,0.08799998850226455,0.17402868685127712,3.263739985485734,0.17269066865419755,0.38010414364382494,0.18251442569153895,0.19661696963450956,0.7337184691105301,0.13550981110541335,3.6297664967255616,0.07956948539270792,0.367999999999995,0.367999999999995,0.4846920362471352,0.29599999999999227,1.0319999999999965,0.9968581663385971,-0.03674577706214098,-0.13499125102717674,-0.005739560459509661,-0.0662876941172609,0.5882965307530866,0.2457550882363893,91,96.456,97.488
0.09234718837876944,0.0959999512124814,0.6486782124742042,1.7933633719698308,0.32573361769547954,0.329095893599381,0.3671848392706518,0.4086994805131307,1.0499394259778794,0.14990280887239163,6.3889762290458165,0.4000976988929177,0.4480000000000075,0.4480000000000075,0.4843531791800151,0.28000000000000114,1.0160000000000053,0.987156610759788,-0.12283382438021608,-0.1936064242208566,-0.0009350118268273979,-0.01248833417666966,5.384854552182042,0.25490196078431365,92,97.488,98.504
0.0968034630735436,0.09599999954053583,0.32892747035822645,1.2464697613714262,0.06470111088693424,1.0352177740848973,0.8624558328377873,1.6012379549054854,0.3274593402232494,0.20820392830207796,4.2949660012157365,1.0082920380994378,0.43200000000000216,0.43200000000000216,0.5176088870952475,0.3199999999999932,1.0559999999999974,0.9967806888382994,-0.07300392473823145,-0.04485482652353556,0.08504899772406577,-0.1869309892246216,1.4503988619933292,0.25098039215686274,93,98.504,99.56
0.0850734658165687,0.08544644302583511,0.08799997900488335,1.9653553952001699,0.11347968064792929,0.3560054722467378,0.2848937635611621,0.4839224349441422,0.3910118372067951,0.14438286907197714,1.0629121821932224,0.6322727051945993,0.367999999999995,0.367999999999995,0.4490703839103213,0.2879999999999967,1.0079999999999956,0.9846752553975923,-0.08255026154357037,-0.18039886149733125,0.0006710006612183654,-0.010826841418079386,3.596216409452247,0.24705882352941183,94,99.56,100.568
0.1061906981215537,0.11200000325959285,1.2097639574363712,2.654318884432053,0.08655241358090127,0.10379557535145956,0.24831706529067152,0.3148591448269267,0.5919608000093957,0.15100319840285528,3.118011777862798,0.7005124798520566,0.3919999999999959,0.3919999999999959,0.47691951793889775,0.30400000000000205,1.0480000000000018,0.9852129144628283,-0.08002782816056163,-0.18699895178925657,0.0014067829963595444,-0.01841865406600878,1.9721154217145231,0.25490196078431376,95,100.568,101.616
0.09136585493509414,0.09599995381684528,0.6581493653311443,1.835163340783124,0.3367618667237806,0.29814366618560406,0.36771495035368634,0.3907258136787427,1.0408280690986893,0.15133208709089946,6.230501179480059,0.34242774244300106,0.48799999999999955,0.48799999999999955,0.4811834308031627,0.27200000000000557,1.024000000000001,0.9877209111239097,-0.12766405742637854,-0.1994824399684123,-0.002292081046736086,-0.00906282795851484,7.554063275650147,0.2549019607843137,96,101.616,102.64
0.07825754719864463,0.07999998999127927,1.0831850064606914,2.5350973021305285,0.09602941147611575,0.026741456680678715,0.24426586890081659,0.3077528572101959,1.5342426631834567,0.1446698794523556,3.2116249680523405,0.6446303356364536,0.4000000000000057,0.4000000000000057,0.4807361929470133,0.28000000000000114,0.9839999999999947,0.9783797465345817,-0.07829871069675735,-0.18158141081780121,0.0016503561232605582,-0.018627956010956837,1.9340284861214423,0.2470588235294118,97,102.64,103.624
0.11638504019889982,0.119999994363092,0.6507916495996451,2.05481400932239,0.3618348450827673,0.3226087971760897,0.35118473585796245,0.38566720533665344,1.0407660928302842,0.15642114913909852,5.482972809824527,0.34912744193736933,0.5120000000000005,0.5120000000000005,0.4902664494505453,0.30400000000000205,1.0320000000000107,0.9878454919723678,-0.1320362093580817,-0.19764641046565629,-0.0019692539664165377,-0.012572657183876207,5.799839723067395,0.25882352941176473,98,103.624,104.656
0.10932721598229982,0.10399995558916152,1.0742807554166587,3.249556116335633,0.11388946637849072,0.11971283820938405,0.21159767464295,0.6448362221505276,0.6154720946050959,0.13989351373887945,2.5980636253032587,0.7474353711738644,0.38400000000000034,0.38400000000000034,0.5008502214071326,0.2879999999999967,1.0159999999999911,0.982536699445464,-0.07544633635196558,-0.1838235674045,0.0014730450242247024,-0.021320701169497542,1.5385909537071554,0.28235294117647064,99,104.656,105.672
0.09769110310308352,0.10399987123107793,0.18853451377315614,2.4128350941187677,0.21316199619894666,0.3105029788005691,0.17845722042278,0.21374529716085416,1.3583832339343438,0.11681612928163994,9.707156140958052,0.06482256396362719,0.3680000000000092,0.3680000000000092,0.46552030523969534,0.2960000000000065,1.0160000000000053,0.994782177396738,-0.03726739658551383,-0.13299845905200525,-0.002687653477710784,-0.054232049562807555,0.678207563912145,0.24721629653443614,100,105.672,106.688
0.09456827038003876,0.0959999503863205,0.6178539951538924,1.8420750273494442,0.4527553991495788,0.37681343309253984,0.3770620124439843,0.5991356961420783,1.2805505219246667,0.15514840465767593,7.293858329407877,0.4237340141398492,0.40800000000000125,0.40800000000000125,0.49554237533598344,0.30400000000000205,1.0,0.9865896825926603,-0.12584453466656487,-0.18516489441587494,0.0038634623774550366,-0.029125968725128362,2.881035581767528,0.207843137254902,101,106.688,107.688
0.10963028805350158,0.11200000197825903,0.6015999403341211,1.9522491163683233,0.4995999934667555,0.4437203194454927,0.38504789594798183,0.40397403314522956,1.4357011370223876,0.15838815512187399,10.063433585466411,0.31353459350529156,0.6400000000000006,0.6400000000000006,0.45979798652653264,0.29599999999999227,1.0159999999999911,0.987589433215795,-0.1412133029691521,-0.19017061300689195,-0.01042340328376603,0.0016907745000747352,-46.01584557348681,0.207843137254902,102,107.688,108.704
0.11000142128897292,0.11199993928490523,0.6097277112597007,1.7402075337385607,0.312766436056291,0.32652893695009405,0.3164084277475546,0.40527708190520695,1.4740271758027041,0.14341383906500632,5.2078552768509665,0.42302896739997503,0.4240000000000066,0.4240000000000066,0.41928713120329564,0.30400000000000205,0.9920000000000044,0.9873457346263209,-0.08619466393034693,-0.16506915073865716,-0.0046520479686105376,0.005211888639645296,-7.573562021526982,0.2980392156862744,103,108.704,109.696
0.09675269341390445,0.35508542460792697,0.2838994128405473,3.259283291489555,0.9110697157988132,0.9110697157988132,0.8479999999995169,0.39056708947284013,0.3473291095455498,0.4544399044158386,1.0080000000950875,1.143781968178561,0.4240000000000066,0.4240000000000066,0.4555348578994067,0.3200000000000074,1.0079999999999956,0.9980850347166098,0.10619765296157851,0.141009613272783,0.24923397614615433,-0.3207864004240497,1.324134244814832,0.2588235294117647,104,109.696,110.704
0.13169356188913206,0.1279999759549883,1.1146999040013033,3.277994696154992,0.059956195993981345,0.13077728338955127,0.1972107436937465,0.7940844070025146,0.644093179260372,0.1342598428596459,5.041281472151444,0.6519382583921551,0.4240000000000066,0.4240000000000066,0.47964395710737096,0.3200000000000074,1.0480000000000018,0.9844912704633382,-0.06333506432753655,-0.17141073362248532,0.0006004018065005293,-0.014871604235738745,1.453719590196077,0.2588235294117647,105,110.704,111.752
0.09391204099937553,0.09599989353386736,0.5706920805553705,2.005954747703464,0.398992579271041,0.5071434615509057,0.30969358042819967,0.5359148286824752,1.8533904235050238,0.14560036240455781,7.856056839686505,0.5301083225379633,0.3760000000000048,0.3760000000000048,0.4659732122860433,0.28000000000000114,1.0320000000000107,0.9881847730685711,-0.10850746547603471,-0.2027738688567738,-0.00824515838143736,0.01976894084522965,-1.6970963634373255,0.2588235294117647,106,111.752,112.784
0.08294087889630075,0.08799992803479084,0.5318407959715344,1.7964259165847851,0.35451767233987236,0.39743853320598294,0.3407849241343102,0.48872862195581895,1.33136532706028,0.1379765018682725,8.511432787037714,0.4532101551152165,0.37599999999999056,0.37599999999999056,0.5019301499453559,0.2799999999999869,1.0159999999999911,0.9880517224653005,-0.12313040726679274,-0.20904079661992098,-0.001787527673098014,-0.005812167131590114,9.733605943889417,0.2666666666666666,107,112.784,113.8
0.07901438336433586,0.07999994598398447,0.5805840911368709,1.7830835144616926,0.2653677639420553,0.31436080555837903,0.3216982439232401,0.3493234999938672,1.2942124727905142,0.1392767393081231,5.850020270418505,0.4475490651156451,0.4159999999999968,0.4159999999999968,0.46089649065328603,0.28000000000000114,1.0400000000000063,0.9870351565414632,-0.105414020849487,-0.20493941535955473,-0.005377698327116537,0.012477473157178502,-3.1133562623114166,0.2666666666666666,108,113.8,114.84
0.10836181048778395,0.11199999789080249,0.6104372723482302,1.7604556940179925,0.32221558550062024,0.34151017399220723,0.3462861598910049,0.347058884760492,1.3613973462501079,0.1388986530830552,5.153135089739399,0.4077526310662394,0.4239999999999924,0.4239999999999924,0.4770815502017061,0.29599999999999227,1.063999999999993,0.9877380239923201,-0.12246178220347667,-0.21010363286857825,-0.0080977076992115,0.015180335690697745,-2.940206065584111,0.25098039215686274,109,114.84,115.904
0.10123847957573669,0.10399993063674995,0.5931766096872008,1.7479409650321962,0.3100688993236603,0.33239376526975034,0.34131579492575015,0.36581509939705065,1.4832669540283039,0.1404094994600062,6.914063920913063,0.4128925978452971,0.4720000000000084,0.4720000000000084,0.46414247907178385,0.28000000000000114,1.0559999999999974,0.9880763490661392,-0.1145410182867607,-0.20458835159741803,-0.0068785200980849975,0.012540781392975327,-3.5579395654671493,0.2627450980392157,110,115.904,116.96
0.13994100739584212,0.13599999974140042,0.054555437089642306,2.662719176743538,0.5209757688110451,0.6233805366691791,0.17380714409927522,0.15358328230349733,1.9955369004626387,0.11680411392896414,3.2054431102970837,0.19260383583991442,0.35200000000000387,0.35200000000000387,0.47283611242446305,0.28000000000000114,1.0160000000000053,0.9961066249970572,-0.039362654709456046,-0.13296913842137295,-0.0035367785914532397,-0.04883030348671108,0.4391137502115111,0.2733901525036041,111,116.96,117.976
0.0922095361235641,0.09599995799103775,0.641904718455396,1.6400149215516087,0.36688670248193783,0.2820371314236553,0.3769006620476934,0.4037203016891496,1.4825430430522941,0.13555849978284387,4.7689298906413375,0.3443246998843483,0.4719999999999942,0.4719999999999942,0.500051067349077,0.2879999999999967,1.0479999999999876,0.9880525185987161,-0.13241909995426532,-0.21245308251472328,-0.00638002868083519,0.0049087808825794554,-11.961256897379174,0.26666666666666666,114,120.04,121.088
0.09201883904119422,0.08800000896499148,1.399644786942013,3.4388265340994484,0.062204644700278006,0.16042024419806022,0.21845246415182412,0.3465793586281064,0.8970533793514667,0.14784149071350153,3.1804353600486963,0.643205951257132,0.3680000000000092,0.3680000000000092,0.4974677989638616,0.27200000000000557,1.0400000000000063,0.9866013955321546,-0.07870705858952075,-0.19309984682494333,0.0007094936942177272,-0.012808403808949972,1.9801431334690627,0.26666666666666666,115,121.088,122.128
0.08634036195754966,0.08799992018808536,0.6166962516241798,1.8546664491545226,0.40980685801577926,0.4118487772420677,0.3713767757171864,0.48701004691590843,1.8560436746318947,0.15022735046450447,7.340182317268475,0.49548364931143424,0.38400000000000034,0.38400000000000034,0.4995572266997716,0.28000000000000114,1.024000000000001,0.9887231255511705,-0.13578027196393838,-0.20717094133077057,-0.005050326978075791,-0.0012263874724412155,52.34469509679507,0.27450980392156865,116,122.128,123.152
0.109558811554504,0.11199997887199864,0.6503798260636416,1.8401958794268845,0.42873041749483465,0.4443093126260181,0.4184003021243952,0.4155474411923081,1.2943236740864448,0.15346134697622138,8.53780091575747,0.45965019823838865,0.6159999999999997,0.6159999999999997,0.5204511961807097,0.29599999999999227,1.063999999999993,0.9899434501762554,-0.16442732133569601,-0.21331155583696304,-0.0007316472136517753,-0.0207283350198754,4.860505333351356,0.27058823529411763,117,123.152,124.216
0.08542654663531753,0.0879999080185911,0.6209070580138154,2.161937556408557,0.3416208392326616,0.38768632952693693,0.3380967354143416,0.4482739920506569,1.24471700881053,0.16282421819777088,6.977773790516101,0.4501209105477343,0.40800000000000125,0.40800000000000125,0.4839409887709841,0.28000000000000114,1.0319999999999965,0.9879446997797396,-0.12444435591958361,-0.20647871856365463,-0.003552964317146941,-0.0020917385480213532,28.076975286873395,0.2627450980392157,119,125.248,126.28
0.05863260973811184,0.3770011592363696,0.2720856720814689,3.3577205591496617,0.5147047730915217,0.9832650478939352,0.7359999926256887,0.3660687051732183,0.29990455390139753,0.4126651472167655,1.0160000313746105,1.0516517853522416,0.367999999999995,0.367999999999995,0.4916325277729326,0.29599999999999227,1.0160000000000053,0.9983416064088768,0.004503494530584971,0.04488051956211132,0.1685708711670746,-0.2536440173072372,1.4187036806529885,0.24705882352941166,120,126.28,127.296
0.07481404350490446,0.07999998578174163,0.1652482657768237,2.4821560976340273,0.27247950156031625,0.3431349554753013,0.19891586965531516,0.2597858165152731,1.8163096420124596,0.13200287825713947,7.981261805039125,0.08112946470838052,0.38400000000000034,0.38400000000000034,0.46716588922853963,0.29599999999999227,1.0160000000000053,0.9968049514926676,-0.04123746037015895,-0.141806511950748,-0.002944043556189509,-0.05389800946925072,0.6636741478779916,0.23981680140393527,121,127.296,128.312
0.06555036318849265,0.32909995205638404,0.2643118939904907,3.0778886610725817,0.9401470958259703,0.9401470958261636,0.7999999999999499,0.44253472505414515,0.3880398178916078,0.4273177767296841,1.024000000021174,1.0608764100237118,0.39999999999997726,0.39999999999997726,0.47007354791308187,0.28000000000000114,1.024000000000001,0.9981434710506433,0.03408836445945382,0.07298224320647323,0.19852104272553722,-0.2812181820349601,1.3834219532991487,0.24313725490196078,122,128.312,129.336
0.06686454084983151,0.3699432668786771,0.2807235444148053,2.703535944301561,0.47605274654037344,0.9936541021058578,0.7519999998798826,0.38343518870059723,0.3029128610262514,0.3726755821668461,1.0400000241238334,0.9849434188120357,0.37599999999997635,0.37599999999997635,0.49682705108947645,0.2879999999999825,1.039999999999992,0.9984127259106097,-0.020769554765161735,0.02218063187697769,0.14239607304586033,-0.2335720285851923,1.480726666122262,0.2470588235294118,123,129.336,130.376
0.057633126070052894,0.33689798317213765,0.2582583035157929,4.506564902226395,0.8626805870236107,0.9709832525546769,0.7199999999999703,0.4443777131824001,0.33573205827677643,0.4623584255617628,1.0079999999999816,1.0739228559128933,0.3599999999999852,0.3599999999999852,0.4854916262773385,0.28000000000000114,1.0079999999999814,0.998568370628718,0.0336972050974349,0.07092172719812925,0.20445808674548202,-0.2798606535080733,1.3843490414094235,0.25098039215686274,124,130.376,131.384
0.06283275329582375,0.06399998695242283,0.601373713278917,2.23723432595852,0.39503216734277585,0.37656325530492085,0.3501553015416347,0.5306099839662624,1.365544615270278,0.16974199161741987,6.44965573640529,0.477244864050513,0.38400000000001455,0.38400000000001455,0.4962545427558048,0.2560000000000002,0.9920000000000186,0.9872062011146299,-0.13090409441552592,-0.2031314274130528,0.0001317097076230264,-0.01453326768087531,4.822246076036483,0.25882352941176473,125,131.384,132.376
0.08343767288678897,0.2719998978877086,0.32292743443310146,1.6647930953267998,0.31689406392983166,1.0083444623693747,0.8037449868367873,0.8777942024609325,0.31199687739294846,0.2776589537753076,2.2771472847283407,0.9362545135761068,0.40799999999998704,0.40799999999998704,0.5041968743460337,0.29599999999999227,1.039999999999992,0.9974143350776536,-0.04862391675299796,-0.012141985946471007,0.11143681459322874,-0.21352633053741443,1.4111150746971106,0.2588235294117647,126,132.376,133.416
0.09842674851690048,0.09750584239388563,0.10400005158902244,3.30678919155448,0.06105320984780655,0.18201548780121302,0.23854127314963391,0.265361009126258,0.41988838955317476,0.15696921761037338,3.947858255611793,0.5761552655345415,0.3760000000000048,0.3760000000000048,0.48797724373607876,0.3120000000000118,1.0320000000000107,0.98507423350527,-0.08816670673389529,-0.19613200040950568,0.0010120699962656802,-0.013822985493256331,2.501925871132328,0.2392156862745098,127,133.416,134.448
0.0861360086062445,0.0879999378647278,0.6647779984494979,1.787983583823341,0.3587250920802644,0.3176687451156465,0.40157998819077817,0.42878463321824195,1.0275738311828826,0.15688065655253794,6.72329271403531,0.41533223008788217,0.4479999999999791,0.4479999999999791,0.49959738255814723,0.29599999999999227,1.0079999999999814,0.9866207942899827,-0.13419204670125637,-0.18956300756257266,0.004371289008229518,-0.029767551005511574,3.0074097782555307,0.24313725490196073,128,134.448,135.456
0.08995717443981112,0.2719997146123246,0.3225034263158482,1.4017442295608635,0.25756463476205355,0.9659830484816232,0.8319969721645598,1.0741011318619624,0.31723314890710774,0.25027477544589954,1.8803175190930703,1.0276304799312546,0.41600000000002524,0.41600000000002524,0.48299436634667003,0.30400000000000205,1.0320000000000107,0.9970821157589715,-0.04637518489215593,-0.014982812923049343,0.09511743001932643,-0.19774609421532546,1.3900149534618247,0.2549019607843137,129,135.456,136.488
0.08981534555062154,0.09599990576402426,0.32227677337533955,1.1652481838322042,0.060139448168815925,0.9622311707010546,0.8319999932139011,1.632604248722346,0.3134846719207665,0.20427048652389002,7.009669151120376,0.919580585925986,0.4159999999999968,0.4159999999999968,0.48111558535052734,0.29599999999999227,1.0560000000000116,0.9973841405187073,-0.07127017625621995,-0.055638500170314145,0.061369288079493114,-0.15569004206863507,1.502786180829413,0.25490196078431365,130,136.488,137.544
0.06533234920860291,0.0719999953092945,0.1564503227143058,2.506157199054916,0.30547674098739186,0.44680105081516397,0.20328542499962268,0.2392796449587209,1.3864847435844485,0.130490714009029,8.296960117272727,0.09260563927916052,0.3919999999999959,0.3919999999999959,0.5162562282885698,0.29599999999999227,1.0079999999999814,0.9965536230304983,-0.04929699677211201,-0.15510669101860175,-0.004768386787198552,-0.06944450605456798,0.657703552075997,0.24814567507680252,131,137.544,138.552
0.09265245512847393,0.09599992506513712,0.6640323952719883,1.7194365902437618,0.40288213645210535,0.3479451451474467,0.3912984417923871,0.6091888338451216,1.3305409810274458,0.16044563139129392,7.430549236333392,0.44560916817372637,0.4159999999999968,0.4159999999999968,0.4672799649471655,0.30400000000000205,1.0400000000000205,0.9879924322026651,-0.1155840349077233,-0.18396771905652387,0.002411307735846366,-0.02465788577512638,3.2588083649533814,0.23529411764705882,132,138.552,139.592
0.05178651046318725,0.2758450756051095,0.7090722488940344,2.7012533253688167,0.9643763661157697,0.6479343512743502,0.783999912378585,0.3858398786275407,3.7920000000000296,0.39271848258423847,3.7462509400149977,1.2640000000000098,0.3919999999999959,0.3919999999999959,0.4821881830578849,0.2639999999999816,1.024000000000001,0.9979403410980912,-0.003205407054149664,0.03436818343042105,0.16365800140931375,-0.2529882786461658,1.4022339503507006,0.25490196078431365,133,139.592,140.616
0.08265115709440927,0.08799999825750547,0.6103541298346845,2.3717381991052218,0.38064617374719933,0.44726414580258006,0.34763847327258446,0.4915864751297953,1.7592900213255358,0.17544975858012038,10.800823366314802,0.5623267265461734,0.38399999999998613,0.38399999999998613,0.48492060901845546,0.27199999999999136,1.0239999999999725,0.9891208176180649,-0.13332313917351435,-0.20477403328854143,-0.002455308401619071,-0.008661603624082153,7.963685364458963,0.2549019607843137,134,140.616,141.64
0.08555203104808651,0.08799993658275594,0.6362931479239534,2.134875565343887,0.4162994375275418,0.40641656417741506,0.37905930488921563,0.513393135429097,1.403715595523899,0.17236227942859675,7.654960972536811,0.46800142418660934,0.4000000000000057,0.4000000000000057,0.5003952735252231,0.2880000000000109,1.0560000000000116,0.9873918826813963,-0.14554947516154376,-0.21388709298565028,-0.0009186372131400299,-0.015037476902416094,5.57118926966589,0.2549019607843137,135,141.64,142.696
0.07011322057651762,0.07199996370120111,1.2507700728579279,2.3394862363526956,0.143052849638592,0.06937780103915879,0.2707514060953544,0.3536948254309876,0.6261835142380494,0.15534800176582542,1.7561254382221956,0.5527384169439756,0.3439999999999941,0.3439999999999941,0.45542177631020664,0.28000000000000114,1.0080000000000098,0.9859674504294501,-0.0802725712517858,-0.1828363156445166,0.0016574955833096113,-0.017615946747296125,2.264551190461291,0.22745098039215683,136,142.696,143.704
0.08654349388347914,0.08800001754069056,1.299927402383773,2.659513415060049,0.1355481531135594,0.2711680882250012,0.2869566079183267,0.43515462332316657,0.5408144128281385,0.17017845690512998,6.160679872390501,0.7145968687378463,0.40799999999998704,0.40799999999998704,0.4895017708291205,0.29599999999999227,1.024000000000001,0.987866366696978,-0.0958393025163638,-0.1905134235844932,0.005045925512131205,-0.03750075251945018,1.662636637192732,0.2588235294117648,137,143.704,144.728
0.07311007240507976,0.4086626277412607,0.2961903230658743,2.7694974649885826,0.5390809586282145,0.9851963352436598,0.8159999999990158,0.46117680205045886,0.3095807600684894,0.4053068537621086,1.0159999999999914,1.216000000000008,0.40799999999998704,0.40799999999998704,0.49259816762182995,0.29599999999999227,1.0159999999999911,0.9984307530785587,0.03555864641128354,0.0759222887138108,0.1976377640523071,-0.2859371294350937,1.3389597981320247,0.2627450980392157,138,144.728,145.744
0.11638243959078398,0.1199999872611912,0.6527648757944133,1.97244580090753,0.383940598130927,0.3529385640002896,0.38912357331862363,0.388309967011029,1.3108794444159768,0.1636040873442274,6.361949705852904,0.4646500792071357,0.4399999999999977,0.4399999999999977,0.48704109783078653,0.32800000000000296,1.0320000000000107,0.9887022912417872,-0.13894139486370158,-0.1870707570404716,0.0022861961533347814,-0.027152281931753716,3.4361457811767186,0.25490196078431376,139,145.744,146.776
0.10953384347304847,0.11199995283892263,0.6892370617989927,1.683059742354076,0.4052613502399043,0.32953582877309195,0.42035576607725206,0.4819142490305796,1.3722878963983762,0.15586533549012344,5.7825966985268415,0.4630572950539981,0.43199999999998795,0.43199999999998795,0.4886716761192903,0.3119999999999834,1.039999999999992,0.9884303024747234,-0.13143429246897115,-0.18162204270631455,0.004579850121321366,-0.033126127718526716,2.9124424136390386,0.2745098039215686,140,146.776,147.816
0.10102090566162031,0.10399997943143177,0.6651218191627747,1.7642022978050427,0.47597530107570685,0.35310493867882087,0.4363373775226439,0.4609660189114245,0.8602931358269662,0.15321342426959528,9.829343181777064,0.2775914697719732,0.6800000000000068,0.6800000000000068,0.5213532450273864,0.30400000000000205,1.0080000000000098,0.9823425788566065,-0.1541831545218412,-0.18622906507587525,0.008316534667918124,-0.042475289883110674,2.733144495759256,0.25098039215686274,141,147.816,148.824
0.1174415585085828,0.11999982761885368,1.2900010938356297,2.3702096415280556,0.10423703933895252,0.0781503430659912,0.27040515747095395,0.35129362602882813,1.4950653161411998,0.15624788753894114,6.64336594252185,0.44818137592886886,0.4479999999999791,0.4479999999999791,0.46052303250922855,0.3199999999999932,1.039999999999992,0.985558310129648,-0.07971942589780615,-0.1758757663105547,0.003352928405029677,-0.03088234462812774,1.699964364745904,0.24313725490196075,142,148.824,149.864
0.07516325024050376,0.1483620702473054,0.3130279093380871,4.6955426280419506,0.9391085256084686,0.9391085256084686,0.3565891907293821,1.6000000000000225,0.3613690405445941,0.27403112136231744,1.0159999999999914,1.0187096571354113,0.4000000000000057,0.4000000000000057,0.46955426280423435,0.28000000000000114,1.0159999999999911,0.9966981229617592,-0.07727307602029805,-0.12254391565642693,0.01650631555932648,-0.08858787234728076,1.3210460409308082,0.2509803921568628,143,149.864,150.88
0.07367772048872852,0.2739921453532654,0.3581812730206186,4.724837112601058,0.9803225532305381,0.9803225532305381,0.8000000000000113,0.3710851137354987,0.4256979870382452,0.509609845316451,1.2872947420556846,0.9938661618774489,0.4000000000000057,0.4000000000000057,0.4901612766152691,0.30400000000000205,1.024000000000001,0.9985451517701011,0.10513920639470942,0.1326629949325845,0.28530782656072484,-0.3437971538619449,1.3496083889522041,0.26274509803921564,144,150.88,151.904
0.10030994997028926,0.10399999143996139,0.6411824800423458,2.0964120570655065,0.42721331269812035,0.3068423008113056,0.3649705129930542,0.40428866986266343,1.1896762325370764,0.15402689079310078,5.5969412038140405,0.3005912489067935,0.5039999999999907,0.5039999999999907,0.530337417362557,0.30400000000000205,1.0080000000000098,0.9819202647596977,-0.15443735616766868,-0.2096108042860096,-0.0023756784686601905,-0.013910397118402187,5.851106012859,0.2549019607843137,145,151.904,152.912
0.10173695303400722,0.10400000778242538,0.686454915832734,1.5802821993841611,0.35069509104967717,0.26028247990779085,0.40500769667159825,0.3918453095402985,1.1912908663457316,0.15086243088856466,4.076337982881202,0.4190924182873466,0.4240000000000066,0.4240000000000066,0.4530542616783495,0.3119999999999834,1.0159999999999911,0.9871007476845528,-0.11313694425289182,-0.17099099875688248,0.0018369365555206735,-0.02301838717085666,3.4903002405609684,0.25490196078431376,146,152.912,153.928
0.08204099489732188,0.08799999900520575,0.1706535509812648,2.3742712415415457,0.29738978602066174,0.36496636134961613,0.2144211238448933,0.23944262901944363,1.4607808304274212,0.13805970376489968,4.642048248455663,0.09077345068053747,0.367999999999995,0.367999999999995,0.46654559785901567,0.29599999999999227,1.0159999999999911,0.9963670898253012,-0.04576055551450086,-0.14697701410247266,-0.0012890155492178137,-0.05400070190784923,0.7757863571545944,0.2654862347543222,147,153.928,154.944
0.10295539712864281,0.10399988569541449,1.1993316058546049,2.3851554232203123,0.16804065725057918,0.13225444106317288,0.2717317506487296,0.3605595596085283,1.047991976781691,0.14943307303707937,1.7088951302941422,0.5484490578431777,0.38400000000001455,0.38400000000001455,0.4999699387424725,0.3120000000000118,1.0320000000000107,0.9845151003702581,-0.0947058993629996,-0.1954828628975753,0.0024492086809822003,-0.023172861102130727,2.102743300220393,0.25490196078431376,148,154.944,155.976
0.08619773654310874,0.08799996423099475,0.6500986745056202,1.7438095005223497,0.38895506003296576,0.32578309041639353,0.4049085212613945,0.4219234451694261,1.0459198002318433,0.15057913798719974,6.317967726517514,0.3850707291919779,0.45599999999998886,0.45599999999998886,0.503841188665983,0.2880000000000109,1.0,0.9856372168539634,-0.1385922281313267,-0.19168161766491032,0.0032320496139485316,-0.026946640951960817,3.3381829084654866,0.2509803921568628,149,155.976,156.976
0.07945731571550595,0.08000000534929005,0.6753165940609579,1.7713638949159762,0.3335935010738258,0.3178328742299893,0.3918226452179912,0.41420885068829255,1.155760009028726,0.15579395293996648,6.914076573692378,0.43249522912040655,0.4159999999999968,0.4159999999999968,0.4895856457297828,0.28000000000000114,1.024000000000001,0.9871859767042459,-0.13023313547381005,-0.1978258296276586,0.00033330925524512,-0.016928561867093316,4.60016284395582,0.26274509803921586,151,158.008,159.032
0.08525447473044616,0.08799978434855046,1.2445672930516722,2.8132874469712688,0.16972417853770838,0.08776557044473102,0.28144050687394256,0.3818185925179352,1.741658713397757,0.1636235692394471,2.3119717556031216,0.44371572842039286,0.39999999999997726,0.39999999999997726,0.5328103224079095,0.28000000000000114,1.0079999999999814,0.9863748837374917,-0.112761037180567,-0.20649905208353353,0.0038404658500241166,-0.0297067863851161,1.8857471927064857,0.2392156862745098,152,159.032,160.04
0.06857033417562536,0.07200000467520727,0.6269670367095156,1.7495834919716438,0.40745124185789083,0.3537914227029043,0.39727140308237635,0.5669162381521469,1.3561495686085916,0.16036973128976667,7.33199164032203,0.4668968255674143,0.3919999999999959,0.3919999999999959,0.4763118191669212,0.28000000000000114,1.0,0.9876104749869213,-0.12223361424881292,-0.18617739550699833,0.003276720657601595,-0.0255331713386237,3.195544528766376,0.23137254901960785,153,160.04,161.04
0.0839056047310113,0.08799992584422242,0.699693271656568,1.5991965559430676,0.35821679611893337,0.2853371897997604,0.4446040103278464,0.4316409273572278,1.0548347908022464,0.16016777937343893,7.943309447476219,0.4172319001078323,0.4720000000000084,0.4720000000000084,0.470719483935043,0.28000000000000114,1.0080000000000098,0.9879717392633677,-0.12402346608579193,-0.17005671342405268,0.008266257231837352,-0.040569679624267066,2.5091225969088176,0.24705882352941183,154,161.04,162.048
0.11016298749801963,0.11199955910100927,1.3347342623292375,3.3357873654215684,0.1190863978849928,0.07943034065262666,0.24809042488912025,0.3486460672281481,1.8288148322545423,0.16427031947357032,2.536509184732092,0.4455694937288061,0.4159999999999968,0.4159999999999968,0.4934419687641195,0.3120000000000118,1.0560000000000116,0.9858585556024452,-0.09005188483894809,-0.1963515422882199,0.0021953228704512926,-0.0231705615672939,1.9779600518380664,0.24705882352941175,155,162.048,163.104
0.07742576674969101,0.07999999610206314,0.6574802950159739,1.704266034301909,0.41618812060384697,0.29136846849272013,0.44941833875254483,0.43286996813071715,0.8175016162192937,0.1563627397042112,8.6058000113593,0.2812189139098617,0.5679999999999836,0.5679999999999836,0.503689829778911,0.27199999999999136,1.0239999999999725,0.9875920256011537,-0.15404631590544515,-0.19858695305028096,0.007858963510869819,-0.0383386940587678,2.960597798776974,0.25490196078431376,156,163.104,164.128
0.0829692497355151,0.08799999298601163,0.6420204189207207,1.7236597947692147,0.35714007097920614,0.32336417633903203,0.3968066870546169,0.41151810575999087,1.069307223335993,0.15494915999481063,6.766553224624213,0.3932238538599297,0.4560000000000173,0.4560000000000173,0.4694014477719729,0.2960000000000207,1.0080000000000098,0.9878336722228509,-0.12526754205264382,-0.18669968566936151,0.0011011202846666227,-0.020019755011032963,4.014108872860535,0.24313725490196078,157,164.128,165.136
0.07600362871669696,0.25600038321399626,0.31525422960177163,1.3864592331813577,0.18815261366411887,1.0022736113486386,0.8639921562118109,1.486412109769458,0.32146992841738636,0.24788103397102712,2.0393703518575648,1.1221922687437806,0.43200000000001637,0.43200000000001637,0.5011373469450078,0.30400000000000205,1.0159999999999911,0.9968719735034397,-0.04638660937085144,-0.015590741049318652,0.10144649412174558,-0.20324579731083986,1.360721733625783,0.2509803921568628,158,165.136,166.152
0.08287832638649262,0.40264647790546443,0.2979116745152795,4.536796303368622,0.8106616591560427,0.9877222180068909,0.7840000000000485,0.4829194950473427,0.31684781828426967,0.49593215011401737,1.0400000000000207,1.295999999999992,0.39200000000002433,0.39200000000002433,0.4938611090037229,0.3120000000000118,1.0400000000000205,0.9983755909239913,0.08751437081179333,0.12267617466217406,0.2671240871423276,-0.33761845625072395,1.362029021465205,0.25098039215686274,159,166.152,167.192
0.0941358079727927,0.0959999179007785,0.6782300476509013,1.8596219763915058,0.3594543056368685,0.33521590812307306,0.3903792388636886,0.43716424878427484,1.2238646139333589,0.16078283896675288,6.996153496581765,0.4340159440092659,0.46399999999999864,0.46399999999999864,0.4876762692736169,0.2879999999999825,1.039999999999992,0.98816324655668,-0.13373845355951142,-0.19735142560641566,0.0006746521910734084,-0.019880438165663677,4.189733278762012,0.2627450980392157,160,167.192,168.232
0.06472137549755325,0.27643409823861326,0.38186823195294023,4.146960854148693,1.066030521525213,1.0660305215151245,0.8319999999998093,0.35631416498926877,0.44732715457271127,0.48272474240669244,1.3967696093289195,0.8734587249800339,0.4159999999999968,0.4159999999999968,0.5330152607626066,0.30400000000000205,1.0080000000000098,0.9979326351967029,0.1097504005288876,0.1312732833094332,0.3198200545477639,-0.36497736400098657,1.3104954440129504,0.2549019607843136,161,168.232,169.24
0.10778096123098656,0.11199997330779024,0.6337315602024319,2.29232929755082,0.3982594975233007,0.3440476560701392,0.34569447412466886,0.371322421418348,1.234458164351472,0.1609370068046356,6.753760260498571,0.31912800081744097,0.5039999999999907,0.5039999999999907,0.5045862520572741,0.3119999999999834,1.0319999999999823,0.9839667626217318,-0.14946877373394624,-0.2143696312441931,-0.006785537604491288,-0.0007220308533397862,97.37590102187734,0.23921568627450984,162,169.24,170.272
0.09286331646681639,0.09600000219906164,0.6562166084724791,1.817028567395373,0.34361096562602533,0.30882334957773616,0.3894861690905329,0.41516305090091254,1.2048899030482374,0.16018763817406603,6.593241974473071,0.4397034910547989,0.4399999999999977,0.4399999999999977,0.4754034865442018,0.2960000000000207,1.024000000000001,0.9880501362974223,-0.12618775707932248,-0.18791024644672,0.001934069295517922,-0.022861071348177525,3.60231123149182,0.2588235294117647,163,170.272,171.296
0.09385068279685374,0.09599984796286165,0.099187003509578,2.1977090355660747,0.15880005461969018,0.0584381016038285,0.28996462233987996,0.36370869842595355,0.5664079002301562,0.15608219068594106,2.3016797786411733,0.615383201200164,0.3760000000000048,0.3760000000000048,0.4701672328944919,0.2960000000000207,1.0160000000000196,0.9863911692263918,-0.08853262606764077,-0.1819083920151472,0.00349699997231417,-0.028352421808217378,1.9254999757343227,0.2666666666666666,164,171.296,172.312
0.09196227375772278,0.09599992558859291,0.6367800656654714,2.1908282811359974,0.4582039888013131,0.2935736080111734,0.36301675273408096,0.5338418169983902,0.9058821541855582,0.17332393176255445,3.175618182692173,0.3418948215455841,0.37599999999997635,0.37599999999997635,0.4887614124277142,0.30400000000000205,1.024000000000001,0.9881505796652776,-0.13071253816199277,-0.1945609321773104,0.003056630932998131,-0.02598215573328706,3.196784574904733,0.2549019607843137,165,172.312,173.336
0.08474402409927657,0.08536396086668856,0.08800004683727701,2.5892745069536454,0.08493968464408552,0.2009735195000483,0.25914032129658,0.34519080437754135,0.4620773441854537,0.15512214180128478,3.2998528059486385,0.6436219481366126,0.367999999999995,0.367999999999995,0.46567143237514913,0.2879999999999825,0.9919999999999902,0.9834053841753156,-0.08192015957260501,-0.18018596290831385,0.0020923979401190184,-0.02068119911431382,2.0430723828139743,0.25098039215686274,166,173.336,174.328
0.09871170418941735,0.10399995376188097,0.6530314623326847,1.9104362454958044,0.37215950662238173,0.33951974434557414,0.3638614929496642,0.3700097937848288,1.1140864743757966,0.15198751089499288,3.033733411379969,0.4885025040482969,0.40799999999998704,0.40799999999998704,0.4952798900701234,0.29599999999999227,0.9919999999999902,0.9851947353876519,-0.1291192696316853,-0.18850160125694973,-7.320000717967877e-05,-0.01677975279333617,4.29708851305973,0.2588235294117647,167,174.328,175.32
0.1112638885896403,0.11200000978776405,1.353948132327049,2.2404960394192712,0.12358433914472272,0.0801690934369414,0.26484583294999064,0.32819463371576585,1.5544372299862175,0.14695401903837987,2.3322048172466054,0.42150363628671217,0.43200000000001637,0.43200000000001637,0.46910085339935953,0.30400000000000205,1.0160000000000196,0.9839681977008088,-0.07924444124378059,-0.1753954318440788,0.002175555865282277,-0.022590138429818718,1.9170826952679205,0.2509803921568627,168,175.32,176.336
0.07677345938430871,0.07999986397469724,0.5378962419591786,2.34035296524282,0.312074367217896,0.451185691675826,0.3047279880064569,0.45097506267159887,1.4731806554973135,0.16493573221563687,10.039021162914237,0.5618896179887043,0.367999999999995,0.367999999999995,0.44037126278372346,0.28000000000000114,1.0080000000000098,0.9885125845854744,-0.10181842114153075,-0.1922332412753939,-0.00353136424149625,0.0029018518580319285,-15.728591284747534,0.25882352941176473,170,177.368,178.376
0.05683257295338433,0.11999954192929735,0.27703188760726566,1.8841745824392548,0.9463940959284113,0.9463757925555522,0.4661725570275268,1.4079991182188396,0.28730436295432044,0.22825457923483364,1.0000035253111543,0.8646040146010491,0.35200000000000387,0.35200000000000387,0.4731970493625048,0.2560000000000002,1.0,0.9976801548292883,-0.0845070285323549,-0.12012141196185079,0.012480834861655677,-0.07140089561396423,1.6194595530269373,0.23137254901960785,171,178.376,179.376
0.08554222222138638,0.0879999420876264,0.5359900914677551,1.5333177639863533,0.36158348478726643,0.3137280891246853,0.38314572480446296,0.38361267342516464,1.2498041540577802,0.1368929111758695,7.308702014312071,0.3302369860646411,0.5519999999999925,0.5519999999999925,0.4517150496021569,0.27199999999999136,1.0159999999999911,0.9860411056035208,-0.11551747658117568,-0.19040997695031603,-0.002820831087549216,-0.00517964360535239,12.72446023396455,0.26274509803921575,172,179.376,180.392
0.06533517150752921,0.06400000882697425,0.2899392475846351,1.3861467952453448,0.059497643423574186,0.9518893879654643,0.6754196471127102,0.4968681294943534,0.26183435756500156,0.21143371430067395,4.735279112438545,0.7146910870173188,0.3439999999999941,0.3439999999999941,0.4759601473352849,0.26400000000001,1.0159999999999911,0.9971385428768126,-0.08947590961847195,-0.08828712007153633,0.032730011460801164,-0.10386997669309643,1.7247920828698489,0.2901960784313726,173,180.392,181.408
0.0872767735968199,0.08800000068977036,1.135120667118155,2.7662337061035824,0.10304913966228794,0.04192408591952153,0.25031047291773084,0.28675882364418986,1.4352760008352665,0.14827831955625392,4.426222082956749,0.7190302965662232,0.36000000000001364,0.36000000000001364,0.5160622702044235,0.28000000000000114,1.0,0.9833818499732563,-0.09495996930724984,-0.1987413144736393,0.0024016012428062995,-0.022970148431960578,1.9241173363134823,0.2588235294117648,174,181.408,182.408
0.10020896079177664,0.10399998773014912,0.5927137657865,2.191644116902258,0.351438462911048,0.38391624982065414,0.3233873364543822,0.48561768647618714,1.6261918456427005,0.16331712447164526,7.782037184280193,0.49467792569451546,0.4000000000000057,0.4000000000000057,0.4603692112736976,0.2960000000000207,1.0320000000000107,0.9904820095740609,-0.11040005921498122,-0.19302552403037798,-0.0031445496290579827,-0.0028703097921887674,19.127250572578586,0.26666666666666666,175,182.408,183.44
0.06458970023092414,0.33902708282433475,0.26451834148436343,2.8884724313173296,0.6980799494358407,0.9408454519806302,0.7519999998496576,0.40568283470069744,0.32671822834840003,0.39289284288835874,1.0240000000000011,0.9405621349757185,0.3760000000000048,0.3760000000000048,0.47042273039852983,0.29599999999999227,1.024000000000001,0.9986857599122978,-0.0018824273989020263,0.039002393271347684,0.15068307180037746,-0.23877283444618969,1.4444710996201002,0.2666666666666667,176,183.44,184.464
0.07934078796508112,0.07999994943602011,0.626459727637453,1.9243959603147829,0.38179890383255366,0.32897412640993123,0.3581129462597826,0.5234841314093605,1.296962924879986,0.15856897582042848,6.40611390645919,0.39564425573154016,0.38400000000001455,0.38400000000001455,0.4775354349294792,0.27199999999999136,1.0159999999999911,0.9883837030206184,-0.1206573456108707,-0.19675371488889015,-0.001208512139181101,-0.010746371564755315,6.156455841608364,0.2823529411764707,177,184.464,185.48
0.07249239666091478,0.29172080530142436,0.6800387701733365,5.240475688408553,1.0480951382024943,1.0480951382024943,0.5225536222311614,0.4005596049839754,3.8879999999999764,0.3708801952257212,2.5729045194961073,1.1960176966883136,0.3760000000000048,0.3760000000000048,0.5240475691012473,0.2960000000000207,1.024000000000001,0.9978673075307272,-0.08049733653422642,-0.0447764811831656,0.08012230289635244,-0.17368301739160766,1.519773288502056,0.2509803921568627,178,185.48,186.504
0.1473841378575427,0.143999985426511,0.060332477549760115,2.1345918703682356,0.262520932269444,0.3867089182288044,0.18966029562974993,0.21917288304875723,1.5065758454779468,0.13030278302571363,6.572400451445579,0.11476564500639976,0.3919999999999959,0.3919999999999959,0.46606805862118433,0.2960000000000207,1.024000000000001,0.9971540576406627,-0.02470538015532881,-0.10419320071974052,-0.00898308778018871,-0.0927096440595708,0.4844862713693237,0.24785837146389708,179,186.504,187.528
0.09475382121985493,0.0924398364781039,0.09600000480937286,2.560582048348016,0.07255049728779893,0.1139797403296393,0.26338136378976346,0.3225777635414545,0.35037783823211477,0.15597623119265472,3.592607017838728,0.6415440993175514,0.3760000000000048,0.3760000000000048,0.47109609673330977,0.30400000000000205,1.0400000000000205,0.9863698531232331,-0.08523800490624829,-0.18994906018846883,0.0013224741190728233,-0.01580201215766086,2.5014128484781075,0.25098039215686274,180,187.528,188.568
0.08401883692061404,0.0879999996779827,0.6242346457816034,2.344885415670668,0.38551745429873746,0.463961316639827,0.34597407955697634,0.43674972820881786,1.4634138048521974,0.16839454950235502,6.066253780590883,0.5419227450969811,0.367999999999995,0.367999999999995,0.5048726733789025,0.28000000000000114,1.0159999999999911,0.988377608785271,-0.14187225068384568,-0.2114159480367131,-0.004138000241242654,-0.004030858433194599,16.420637597119583,0.2705882352941176,181,188.568,189.584
0.10067991842933473,0.10176028668642233,0.17600000588109563,2.6756832315389465,0.23591026531498557,0.3909677866779781,0.24797631057585903,0.32153237650654337,1.392177044522444,0.14485311966640757,5.919286433526802,0.576586558420135,0.38399999999998613,0.38399999999998613,0.4951670819156305,0.30400000000000205,1.039999999999992,0.9860185552026289,-0.09317434756337066,-0.2027531231357866,0.0009798307179359016,-0.012075750354766686,3.0609554586508625,0.25098039215686274,182,189.584,190.624
0.08432858120089916,0.08799994930785754,0.6586845618551055,1.9380100340541089,0.4030101847566632,0.3607400798728044,0.4076532282716082,0.43099815953571685,1.1818543475990109,0.16271007067894486,5.73293736625734,0.38184631806937547,0.4399999999999977,0.4399999999999977,0.5203825773821069,0.2880000000000109,1.024000000000001,0.9865786782880482,-0.15426717312967564,-0.2050912638655525,-0.0033664298036372355,-0.008610578256283679,8.829663425262357,0.21568627450980393,183,190.624,191.648
