t0,t1,t2,a0,a1,a2,b0,b1,b2,c0,c1,c2,dicnotch,winSys,maxAmpl,sysTime,duration,R2_of_fit,Es,As,Ed,Ad,td,fd,pulse_index,start_time,end_time
0.15999999963455813,0.14400006387374725,1.2850097715711062,3.535761793869689,0.547636637940156,0.0862231096251337,0.27801884606393135,1.0737488269707012,0.38773663328503366,0.15696011255367792,13.053470638242647,0.2864463222143618,0.42400000000000004,0.42400000000000004,0.8048217162939582,0.31999999999999995,0.8719999999999999,0.7341497555212697,-0.1539662300144005,-0.15292970635039005,0.033475207420491544,-0.11098097211545704,1.0995196892588572,1.8416541020203043,0,0.512,1.384
0.039223624685399965,0.03999997074642412,0.6428245683601687,1.0133919559204438,0.2885093241516272,0.2872599991224227,0.27329911851350686,0.7033653032776936,0.3800027967922386,0.040578636164622296,4.814759563054236,0.27274389445403757,0.17600000000000016,0.17600000000000016,0.6544593345595695,0.1280000000000001,0.6400000000000001,0.9755715584181835,-0.0787696270547647,-0.13305066919931058,0.006681901744674784,-0.038034988075206666,0.9027405704141886,1.8787827476210854,1,1.384,2.024
0.06966435493906449,0.06399999853150941,0.32925119969419364,2.9230136641320468,0.7167947029190841,0.6056184842457636,0.2291693575071184,0.18358745119054248,0.8904955262618888,0.08803725859356357,5.104850388506699,0.06737651878439348,0.32799999999999985,0.32799999999999985,0.6958103846342651,0.16000000000000014,0.7120000000000002,0.9707504029739323,-0.24282312992199784,-0.24733081050623137,-0.0159769617748503,0.005240547555058537,-10.113950217833224,1.8787827476210854,2,2.024,2.736
0.029196517741542062,0.03199999747899983,0.27602837138605796,2.541959723244926,0.505492360718903,0.4107645213651298,0.23501922818963908,0.26070646971075523,0.5896582902042237,0.07555504490798982,3.962293221322324,0.094023670203341,0.2959999999999998,0.2959999999999998,0.8663604286200388,0.11999999999999966,0.6639999999999997,0.9938567698118435,-0.2419030074430103,-0.25239683867487395,0.004781421390581369,-0.023192654284850487,1.9619291728023518,1.5503652212378642,3,2.736,3.4
0.03420507257724985,0.1249668927411177,0.3014351016898326,8.303820943792193,0.8399303899440237,0.18129153521543817,0.1940759614129207,0.12708316759921073,2.9279999999999995,0.1411000230188541,0.6800000000000003,0.03174137746092436,0.19200000000000017,0.19200000000000017,0.8303820950026155,0.13600000000000012,0.6800000000000002,0.9965365569646896,-0.25299027712269984,-0.24962140989211534,-0.019085597421677498,0.017700528150588445,-1.8072517421785061,1.5503652212378642,4,3.4,4.08
0.03878551678649211,0.03999998114358089,0.28444943002680373,3.084478490818343,0.6356287323231541,0.5772317549759656,0.19748425504610584,0.24788201447234479,1.1441930359528116,0.07821711446825289,3.5197741593201863,0.11851940414272714,0.2160000000000002,0.2160000000000002,0.8482343459750388,0.14400000000000013,0.6799999999999997,0.9886576868741878,-0.23437110469248404,-0.26322034184036436,-0.015073396098199283,0.03541006490280846,-0.35784851689664854,1.5914021453229372,5,4.08,4.76
0.03817434194347199,0.03999998833958702,0.2784598376416221,2.2886428272341197,0.49864464445874696,0.4543237040946711,0.2266314994774523,0.21761581667543103,0.8722289763739702,0.07262312871708496,4.215028908104043,0.14978103109700552,0.3280000000000003,0.3280000000000003,0.7470880846865886,0.13600000000000012,0.6720000000000006,0.9936454296150302,-0.19233417887802012,-0.22727589251946917,-0.0073036743820099675,0.011617111762713697,-2.375962270540597,1.6158288858497665,6,4.76,5.432
0.03774504050300771,0.0713590936626278,0.30065113394655063,8.079529758428222,0.4117972792078296,0.3445687253399393,0.13529275145193354,0.8639999999978103,0.4117468557573304,0.10289199047484862,13.759999999988326,0.07085636406203615,0.2159999999999993,0.2159999999999993,0.8079529758435564,0.13599999999999923,0.6879999999999997,0.9927803743372207,-0.14183595321461895,-0.21890796407739477,0.000980045835103686,-0.03597535901479005,0.7702202653362886,1.5689295440382538,7,5.432,6.12
0.030942915932407014,0.031999956154161985,0.29076613761407033,2.6340866995660326,0.48988515316677655,0.3990541250107931,0.21904909789178925,0.25914612591529945,0.8404707580241926,0.07901068581489473,4.485739165281315,0.08381619193562027,0.2320000000000002,0.2320000000000002,0.8224464496303243,0.1280000000000001,0.6879999999999997,0.9907448126322137,-0.21464937421428815,-0.2503275976879566,-0.0015537799709388958,-0.006699182085087666,5.299281759839023,1.5874938668386442,8,6.12,6.808
0.03662467556788313,0.03999998547087453,0.29451710282443394,2.7834453750351136,0.34659402204883144,0.2778897219656556,0.18155371079643357,0.23930323115653476,0.8497470090818894,0.07475669381042786,4.243203238927355,0.04900017929083162,0.3280000000000003,0.3280000000000003,0.7980406018198576,0.13600000000000012,0.6800000000000006,0.9933428834177505,-0.16744888718527723,-0.2283822419695336,-0.0002838250349535563,-0.010288489792789226,2.5918805689675746,1.6735370603444009,9,6.808,7.488
0.04372741755671944,0.047999981198033996,0.2845529618923209,2.7053518805841628,0.4841802996860481,0.3872452227817118,0.19655065635927607,0.18976516954230674,1.2134519943958184,0.0734175232912518,3.722180406771891,0.054384611486824185,0.2959999999999994,0.2959999999999994,0.7917561097919006,0.13599999999999923,0.6799999999999988,0.9919624821614972,-0.19680730084784123,-0.24039370128809162,-0.00665045942388183,0.00703137885421815,-3.603540669711508,1.6735370603444009,10,7.488,8.168
0.04411091557639309,0.04799999638404574,0.2732618905092329,2.979156930478744,0.6946047385177258,0.6128423776549693,0.22030941526398445,0.20972392801745673,0.9641096196025973,0.07553784984252813,2.747048062497562,0.18976370060578096,0.3600000000000012,0.3600000000000012,0.8969282734604502,0.136000000000001,0.6560000000000006,0.9924258280162935,-0.2883095920240738,-0.2696410468010085,-0.017415770304069003,0.02511734806109234,-1.159054230111636,1.4955882556064486,11,8.168,8.824
0.07182678871846741,0.07199998305838592,0.315417216944784,3.3680137594814443,0.7226620221030892,0.6174254690614911,0.21296609267704714,0.20250867560369779,1.204057586527199,0.08937947324974149,6.2958249804304165,0.09402809545961818,0.3279999999999994,0.3279999999999994,0.7823307270905486,0.16800000000000104,0.7200000000000006,0.9824729000435017,-0.26581449181844424,-0.268292295750441,-0.016794447113339373,0.01313673866913142,-3.315472266925101,1.6725599907233273,12,8.824,9.544
0.0446110533617644,0.047999949363787785,0.26016524545281594,2.449547050002621,0.4533590611833,0.5205705503785112,0.2020526051776211,0.22833638297722605,0.7239083464513457,0.06887705386751215,4.177900353023793,0.1186477139473369,0.30400000000000027,0.30400000000000027,0.8027184284914837,0.13599999999999923,0.6959999999999997,0.9926179820137447,-0.1888465969337834,-0.23886684942272868,-0.0035720765851450106,0.0019000475983781096,-12.217870739226449,1.5474340123746444,13,9.544,10.24
0.03556249279216934,0.039999974663650475,0.2865462098964915,2.969081573811794,0.44592851251535653,0.4475871750604678,0.19022378725096678,0.3133685237172549,0.6337325782249389,0.0780198065887122,4.015684203679182,0.10242574608258866,0.19200000000000017,0.19200000000000017,0.8495039429197373,0.1280000000000001,0.6959999999999997,0.994008234242313,-0.2002320833320459,-0.25195958768069854,-0.0005554692916465158,-0.010409532226433277,2.734444432553125,1.535709176921766,14,10.24,10.936
0.029335456411556358,0.03199999506079682,0.27500383468445594,2.610235964419542,0.5230493026539056,0.46242759512464565,0.217253973390926,0.2402902209531258,0.8322756867765625,0.06965826415639786,3.8522717944614766,0.07385807836266035,0.31200000000000117,0.31200000000000117,0.9051213822998123,0.120000000000001,0.6959999999999997,0.9905824388574589,-0.24684072574034657,-0.2746280885063732,-0.002469347535116973,-0.007948749172674739,4.569167827397745,1.6422097656187422,16,11.632,12.328
0.031640072106289094,0.03199997930423311,0.2774849783807251,2.483290106535767,0.5605347130966434,0.44952482222103807,0.20391811378914587,0.2213542803365494,0.7626166459579597,0.06593453007792577,4.037786713180814,0.07279891145813286,0.29600000000000115,0.29600000000000115,0.8460589384403061,0.1280000000000001,0.6400000000000006,0.9840088908225181,-0.20586055453308985,-0.23663268745560317,-0.0027517049165540646,-0.005664731640741575,6.462001187353189,1.723367611019133,17,12.328,12.968
0.07953940546874783,0.07999999835461881,0.3235904172372087,3.3786753082622947,0.6517708039727701,0.5371223994779164,0.19420829886675492,0.19447402582897938,1.1601931152887919,0.07620640961250905,3.9921032496844777,0.06563665916666604,0.3360000000000003,0.3360000000000003,0.9192490302728311,0.16799999999999926,0.7200000000000006,0.9870614661132617,-0.28130427609075387,-0.28501732720674783,-0.013203568960736496,0.009739641085985034,-3.705770519440415,1.723367611019133,18,12.968,13.688
0.03750320239894172,0.039999994993808526,0.28158006807652564,3.840147349022518,0.635282861217966,0.6023425524811259,0.19290750900185066,0.31299893874740753,0.9782538658407316,0.087054271076795,5.00535424137001,0.13592362862675686,0.1999999999999993,0.1999999999999993,0.948840895172077,0.13599999999999923,0.6959999999999997,0.9943273005613856,-0.28280921450790497,-0.29569778152449594,-0.007459071490661364,0.01180074930780254,-2.1211573096858927,1.4594366796267413,19,13.688,14.384
0.03032286472932994,0.031999988603506155,0.2710193660064768,3.409005058183368,0.5161858933606637,0.7180961838225433,0.1956772376615036,0.2379510702582632,0.5514780397888472,0.08140977111849025,4.172708341172247,0.13600011112093355,0.1999999999999993,0.1999999999999993,0.9290416303784226,0.1280000000000001,0.6879999999999988,0.9939608550952482,-0.2629971024225489,-0.2858187599903363,-0.006687125908644181,0.009331545525850044,-2.6394407983225574,1.4897258378800098,20,14.384,15.072
0.03168544855035053,0.031999971554074885,0.27352077767674965,3.1511482513329443,0.5250313642546883,0.6038634073011014,0.19156238107013768,0.24422254107129032,0.7148222434753786,0.07686274139794301,4.022744682128027,0.11834174136372472,0.20000000000000107,0.20000000000000107,0.8905753708292223,0.1280000000000001,0.6960000000000015,0.9934870874253359,-0.23577126538425744,-0.27454744324158586,-0.007733632815647632,0.013606776108361722,-1.5843659660385048,1.487771698637863,21,15.072,15.768
0.03063867144532681,0.03199999158797698,0.26884986193841154,2.9140171526029706,0.45531558760396984,0.461890744751681,0.1852935232981417,0.24532048266696999,0.8247581173821451,0.0722437668989673,3.9311152790580284,0.07015158308771854,0.2799999999999976,0.2799999999999976,0.8710205637064845,0.11999999999999922,0.695999999999998,0.9922025350841905,-0.20563216839612528,-0.2588172979050779,-0.003940603659455292,-0.003449386542553353,7.132683895508086,1.5904250757018636,22,15.768,16.464
0.03860826009549082,0.03999999976231322,0.2705092211198117,2.5575143974756713,0.5368262391350367,0.5299223085871112,0.18743082451047124,0.2278877982243344,0.8663528115706748,0.0636110862880572,3.9690207625967884,0.09967985032880876,0.31200000000000117,0.31200000000000117,0.849255718411386,0.1280000000000001,0.6960000000000015,0.9866194515397358,-0.195090450813815,-0.2489887585937108,-0.00673481517876845,0.007875637842098044,-3.334316514909696,1.5904250757018636,23,16.464,17.16
0.036708010941305096,0.039999984314341756,0.2776462369230107,3.0708164439031522,0.5588211174507327,0.4885989033463158,0.19087493340868378,0.1693505690297656,1.0908326430254691,0.06964861580015647,3.2918910559856642,0.05700300899041231,0.28800000000000026,0.28800000000000026,0.9010617426053107,0.1280000000000001,0.6879999999999988,0.9913771274681362,-0.25797097324364165,-0.2835486212823843,-0.013316216709720625,0.019948982423729278,-1.2038829631472594,1.650026322587327,24,17.16,17.848
0.031201898310977867,0.031999989334326115,0.2820815193729018,3.2525528922170803,0.6150636106350812,0.6343160479586182,0.21227168914876982,0.24729166707270103,0.9195663544031661,0.0774117049308406,6.081365796873085,0.13514456667473365,0.21600000000000108,0.21600000000000108,0.9811415708750322,0.1280000000000001,0.6880000000000024,0.9925943559834179,-0.3149849362150882,-0.30639821620841995,-0.013055421394590592,0.02332564771819973,-1.0835715248535827,1.4887487682589366,25,17.848,18.536
0.03842706610261781,0.03999998434412485,0.27477185884791666,2.958681491876864,0.6247808941847324,0.6023476263736988,0.2042470356071348,0.2623930515972731,0.8733626769134027,0.06874981185981702,3.2972020434169926,0.11972048091239498,0.23199999999999932,0.23199999999999932,0.9890412203755197,0.13599999999999923,0.695999999999998,0.9931412793130852,-0.2832182587600758,-0.2945676339610466,-0.009025308318344718,0.015524821112882482,-1.4993457330800735,1.4740927239428385,26,18.536,19.232
0.03922945473361079,0.03999999791886047,0.2839498449144324,2.5242153994513203,0.6345467833286101,0.6660796924794041,0.22690294713393075,0.2518667379473175,0.8445951090992838,0.06522855350303411,4.46475556065246,0.12493535532376639,0.3520000000000003,0.3520000000000003,0.9415016534454512,0.1280000000000001,0.7119999999999997,0.9893494741724249,-0.271082860636632,-0.28589823401171777,-0.011144411504626767,0.01692085643376754,-1.6555741914707645,1.4623678884899607,27,19.232,19.944
0.03155240292328905,0.032000000565307156,0.2612595914074014,2.220478184878961,0.5861385032382601,0.6180159556209808,0.2227967837925187,0.2684998375997935,0.8165100325617479,0.0582402524451193,4.003191804121288,0.11928984648327648,0.31200000000000117,0.31200000000000117,0.9044236250837234,0.120000000000001,0.7040000000000006,0.9902494952002814,-0.2279263817142583,-0.26469718457579616,-0.006145921923695861,0.006045518929116873,-4.4847341803977105,1.479955141669278,28,19.944,20.648
0.0365099430164981,0.03999999150107937,0.2518774005186699,3.3613348973456487,0.6910881666155577,0.8856579882264817,0.17459908982772024,0.2473277325619638,1.0545688773432291,0.07272672605352087,7.359072549888703,0.14811199635615793,0.18400000000000105,0.18400000000000105,0.8656601312826717,0.120000000000001,0.7119999999999997,0.9928402196308317,-0.23314124115223234,-0.2805026788666509,-0.01668690125566379,0.0420399358213843,-0.15185995561296234,1.4828863505324974,29,20.648,21.36
0.03165313262022398,0.031999993837797176,0.26601719024079695,2.696572017760727,0.9683410745687369,0.7614473901240105,0.23925012696267361,0.21252408364881215,1.510402768627509,0.07060575202696902,2.837555114733637,0.09576394090859183,0.272000000000002,0.272000000000002,0.8459600500099618,0.120000000000001,0.6960000000000015,0.989547213319735,-0.31079489314601694,-0.29785782727459115,-0.03670012499843456,0.0526921103126436,-0.5031323087030066,1.4780010024271317,30,21.36,22.056
0.044196730772387574,0.04799997827992636,0.26703185464124224,3.328196722985827,0.756320549506805,0.7683419613739209,0.18609499286513448,0.18652240112318175,1.659571564668248,0.06380122922275343,5.403661624641825,0.11390961969298555,0.2959999999999994,0.2959999999999994,1.0191214815471947,0.1280000000000001,0.7199999999999989,0.9883906536803904,-0.3251614779953125,-0.3273274482823835,-0.031673872120029964,0.06661406747858581,-0.06703911274445802,1.4447806353106434,31,22.056,22.776
0.030002899067133434,0.03199999736599227,0.2659290156285265,2.6696014433851545,0.7150342904684345,0.6944207770953522,0.19974321913786627,0.1876881461297298,1.226721392753134,0.058241029638734176,3.083941470453609,0.06333595529402973,0.26399999999999935,0.26399999999999935,0.9552677470085598,0.11200000000000188,0.7040000000000006,0.985589056097261,-0.269841723113346,-0.29518337698737057,-0.02376548997713248,0.04017306906491937,-0.33511680476040706,1.5464569427535708,32,22.776,23.48
0.03141867921680068,0.0319999994156901,0.2674639650310924,2.8071411457364115,0.6937097145546471,0.6882091135838307,0.19186789991013053,0.23219014565871587,0.7429156081931713,0.06059013257870485,4.268749915775308,0.0770913190011576,0.27199999999999847,0.27199999999999847,0.9832520612826012,0.120000000000001,0.6479999999999997,0.9866339201442004,-0.25949333956441045,-0.27368223576959144,-0.009413630160712871,0.0024447215830304143,-13.609082586732258,1.4486889137949364,33,23.48,24.128
0.07941459052156166,0.07999998847923744,0.31399099030774247,4.8433325109607495,0.8889690572898858,0.8596729280752436,0.17649417278559953,0.16666573915626964,1.4072640520509185,0.07920444020744254,4.624336754707178,0.09170128301335831,0.3279999999999994,0.3279999999999994,1.0522016781416144,0.16799999999999926,0.7280000000000015,0.9919985831796634,-0.42211626051224005,-0.3611146559432736,-0.05059329328559463,0.07218151009154153,-0.1713210255292898,1.427193382131326,34,24.128,24.856
0.044729710484101265,0.047999989883631355,0.27804329941398703,3.59433232664815,0.728529407614961,0.6534448809170006,0.19572514677162203,0.17899153542708685,1.01070457589964,0.06868819611193157,4.094609950063078,0.09368594379532785,0.31999999999999673,0.31999999999999673,1.0849242455345163,0.13599999999999923,0.6879999999999988,0.9915095485109425,-0.3801301963015108,-0.33818890744554103,-0.020685358715706075,0.02445766111013975,-1.4459067629313853,1.5121984391646923,35,24.856,25.544
0.05255879163324815,0.05599999792639073,0.2891087308907288,3.475989200245093,0.7837466455271977,0.7556650618116378,0.1828368853515149,0.17918091068922107,0.9761949159845682,0.0633387225806119,4.4591172588137615,0.07878670111929714,0.3039999999999985,0.3039999999999985,1.0680934438279857,0.14399999999999835,0.6720000000000006,0.9853622297046067,-0.33993762910053,-0.31523845064539785,-0.026960931651233852,0.032048370208248966,-0.8648520863749753,1.6168059554708392,36,25.544,26.216
0.053893835208619754,0.0559999665735284,0.2927693515325621,3.5267299124012554,0.9181346849941181,0.8403880327096953,0.22443990516396076,0.21045093636527895,1.1589729726885294,0.08001919741013033,4.8072386458109895,0.12972086026508955,0.35999999999999943,0.35999999999999943,0.9702693661412909,0.15199999999999747,0.695999999999998,0.9904842964251932,-0.3934685836324959,-0.3245203780652888,-0.03569602705828621,0.0421678832215902,-0.8313334679024862,1.6353702782712296,37,26.216,26.912
0.03671425248387717,0.03999999388055174,0.30812308410587774,3.589350144881472,0.45608221472881916,0.30673896801999173,0.19472323343997008,0.2569242494614322,1.0734589129123007,0.07610772286367956,3.558271961904408,0.0493942674152118,0.2240000000000002,0.2240000000000002,1.0858764774155332,0.1280000000000001,0.6880000000000024,0.9937681130474305,-0.3221844243831008,-0.3145913161541135,-0.0009432719108233957,-0.008900944031060265,3.745345690426107,1.6138747466076202,38,26.912,27.6
0.03914397089790455,0.04000000254280639,0.2753610164372223,2.92097538194929,0.6904183528477608,0.6545141727546188,0.20247547318811787,0.23527241054822415,0.8167203320927331,0.06249225946563483,4.258724716868651,0.12808708739388608,0.3200000000000003,0.3200000000000003,1.033359185244882,0.13599999999999923,0.6879999999999988,0.9845901835751414,-0.3044113092208869,-0.30334435545687155,-0.009310548711535086,0.0073706223273962744,-5.451947321156272,1.6138747466076202,39,27.6,28.288
0.03659607359274537,0.03999999245108831,0.28940711285187876,2.798213797029017,0.6220469589622147,0.4809018750824503,0.22542501500311973,0.2039521723762479,0.8901209445870076,0.07145590652106769,4.1892945482953925,0.07614700367667296,0.3039999999999985,0.3039999999999985,0.9225750445472327,0.13599999999999923,0.6799999999999997,0.988632242775,-0.29210294600770154,-0.2852191570577573,-0.005242744822546342,-0.0036230780367721405,12.926204856804196,1.42230803402596,40,28.288,28.968
0.03682876312735315,0.039999989609733055,0.28872233330088237,3.069519709557229,0.7116758040105043,0.6366136601943669,0.25608943661705375,0.21988187674371748,0.8063545154331477,0.07796011175199494,4.71897625774851,0.13259615991209245,0.3200000000000003,0.3200000000000003,1.0315571885210064,0.13599999999999923,0.6960000000000015,0.9928786495536783,-0.4025842784398618,-0.32455517185153016,-0.01036733872661447,0.005109720077835112,-10.078871196832758,1.42230803402596,41,28.968,29.664
0.030687066164497314,0.031999998681621955,0.28420786495788725,2.6474932365665116,0.5971215022182562,0.5260003317344061,0.24961127398671643,0.26972103026035016,0.7629633965847114,0.07079083563173236,4.073210332813759,0.16049850563425253,0.3200000000000003,0.3200000000000003,1.0078649805054292,0.1280000000000001,0.695999999999998,0.9940397808125225,-0.32197340771668304,-0.29939392677452276,-0.00276314513056777,-0.0033122972223496045,13.452520961266513,1.5718607529014736,42,29.664,30.36
0.0381226060670082,0.039999991954422914,0.29051263729958754,3.212383144581152,0.5792622603079636,0.5296093874949895,0.19280715844824944,0.23394744128393707,0.9208850674333849,0.07963239499419099,3.951638084183055,0.09056913537466474,0.21600000000000108,0.21600000000000108,0.8618503790103536,0.13599999999999923,0.7040000000000006,0.9894731712318016,-0.2344253143294018,-0.27302985954111825,-0.008946583566640296,0.010725428656983678,-2.748319378022903,1.5718607529014736,43,30.36,31.064
0.03740452464253846,0.039999998040620995,0.2670703326380175,2.557808535707296,0.7825960829392477,0.6193793636246708,0.22857781298284904,0.2443420994704395,0.9897691737136955,0.07072913882950348,2.5350397424514,0.15714303834628476,0.3440000000000012,0.3440000000000012,0.8573399166401932,0.13599999999999923,0.6879999999999988,0.9874880567869572,-0.25467292165699684,-0.26786510757239695,-0.013937788685218874,0.018260340206573078,-2.0245789349986767,1.6363473478923027,44,31.064,31.752
0.037112391543647635,0.03999998837703553,0.29199065821391557,3.1165921133149714,0.49861322975558525,0.41601462198585526,0.18289557419355268,0.23223804291125366,0.7428193911910153,0.0763771187856455,3.242835229497319,0.07308566124878384,0.20800000000000196,0.20800000000000196,0.8592537242438818,0.13600000000000279,0.6720000000000006,0.9905626973402362,-0.2054736549358292,-0.24979578671320168,-0.003192356940683539,-0.0030207696458454765,10.330331917557817,1.3968431570267406,45,31.752,32.424
0.05476054465991964,0.05599994351826203,0.30692863611553717,3.336508250575918,0.6449694399594463,0.5177504841507866,0.21431850135943653,0.28428046792605566,0.9145827617253268,0.08209530150255642,3.425388124925369,0.11791731616606889,0.22400000000000375,0.22400000000000375,0.9819456954895274,0.15200000000000102,0.7040000000000006,0.9937654709266415,-0.3074866090159225,-0.2939584992780401,-0.005831848902490044,0.0025872066871809535,-13.605385635699408,1.3968431570267406,46,32.424,33.128
0.047404984055858766,0.0479999985302086,0.29396138885304035,3.7728066232319355,0.5852181607604179,0.6076652362398092,0.1850461993268467,0.31788309732187653,0.7742827461235311,0.08342125311180684,3.9901921233006847,0.10969723771476636,0.20000000000000284,0.20000000000000284,0.9648274522627376,0.14399999999999835,0.7199999999999989,0.9935446593086597,-0.26590800896547545,-0.29417396768672577,-0.005552461483156683,0.0027319937301015108,-9.144094572883056,1.4056978504677167,47,33.128,33.848
0.03743416285151217,0.039999995153495935,0.2687580588993467,3.796893594042702,0.5601213423504051,0.569782111984749,0.1722200039778407,0.2260300235565578,0.9646661060964148,0.07653520765735916,4.3182318778195175,0.10228597140688882,0.1839999999999975,0.1839999999999975,0.9677480149954132,0.1280000000000001,0.6880000000000024,0.9904575008614009,-0.25955400320083866,-0.2892125674652268,-0.0098703349902857,0.01877220784657893,-1.0109754862518636,1.458459610005668,48,33.848,34.536
0.04482742847816094,0.0479999941689772,0.27602602560090345,2.908353658987656,0.7102936853583307,0.7540553857640245,0.20339695811996275,0.19325604415267522,1.049994408230593,0.0701058391180253,4.852635028926479,0.11864834051037622,0.30400000000000205,0.30400000000000205,0.8634593343319206,0.13599999999999568,0.6879999999999953,0.9899740912718671,-0.2628093500886676,-0.2781954042472228,-0.02532689787827071,0.047155485507680825,-0.3120899688069504,1.6441639048608887,49,34.536,35.224
0.039203759612079,0.03999999670906076,0.2815672165466327,3.2904710367464984,0.5085053952762782,0.4603146737470422,0.19670326698121693,0.2442776536053672,0.7166658552264988,0.08037443377022108,3.456739966877986,0.11329502913153497,0.2080000000000055,0.2080000000000055,0.9206080256598925,0.14400000000000546,0.6880000000000024,0.9937721574207853,-0.2529589016383625,-0.27595662877659194,-0.002910630405541488,-0.0016299246553450814,20.200205010415022,1.5200149961332783,50,35.224,35.912
0.04376348419123093,0.047999994787313136,0.28359451831124327,3.4739728967465746,0.47306565015505314,0.4645008496359944,0.17818344301794067,0.237887457469152,0.8728321674948871,0.07794383430205061,3.974672357825775,0.09111337187051723,0.20000000000000284,0.20000000000000284,0.9098150709172774,0.13600000000000279,0.7040000000000006,0.993958920558496,-0.23103249346305493,-0.2734986338034568,-0.0050536189343443495,0.005120262958742504,-4.460393146137627,1.5200149961332783,51,35.912,36.616
0.03143831924906346,0.031999982668081565,0.26120145243996956,3.045744112717059,0.5711620747111631,0.829539962060534,0.20285264437362688,0.24590849315184105,0.5876874161763808,0.07610732038555718,5.584823189590406,0.15564562812099844,0.19200000000000017,0.19200000000000017,0.8975993460280995,0.11999999999999744,0.6799999999999997,0.9932104238295497,-0.2550976635894047,-0.2764951775721576,-0.00776831541268395,0.011299482788017021,-2.2964686622286803,1.5396174554060587,52,36.616,37.296
0.04479694713834788,0.047999964185760476,0.29156923004657925,3.2801299305892715,0.43395617539267356,0.3589148662200418,0.17101847487102906,0.21342152286180818,1.0010362307919964,0.07287137644888533,2.7147489107586247,0.055398481757626274,0.21600000000000108,0.21600000000000108,0.8952760129424744,0.13600000000000279,0.6720000000000041,0.9919579438082791,-0.20723038371535657,-0.2518139300016184,-0.005432219915094916,0.009144474602294339,-1.8168421272641457,1.5366862465428386,53,37.296,37.968
0.04648708111087374,0.04799999075575187,0.2888625369829921,3.0014485781606104,0.6252909250168104,0.5871114388265628,0.19155749350650556,0.18695501844843154,0.9299437386805812,0.0673925847498534,4.4314533127937175,0.07076190539506574,0.30399999999999494,0.30399999999999494,0.9218244876466923,0.13599999999999568,0.6879999999999953,0.9846372438558987,-0.2594889304703731,-0.2801084072241574,-0.013715218782637697,0.013623192113207387,-2.347186827004234,1.6392785567555224,54,37.968,38.656
0.036151541054639365,0.13108651122566478,0.2950659455860529,10.457896088385219,2.091579429117933,0.4277547335633017,0.26936810084595203,0.17705601979155192,2.8800000000000234,0.18545379600337344,0.8185869045090222,0.10099126640600989,0.2079999999999984,0.2079999999999984,1.0457897145589667,0.13600000000000279,0.6880000000000024,0.9968190259457903,-0.5211980488668965,-0.25900491778026125,-0.01940729143606292,-0.04021217599286989,3.160639921345739,1.4809322112903507,55,38.656,39.344
0.043915587094795205,0.04799998398038677,0.2805547304145246,4.093936878880752,0.8000707821319925,0.7530761451843996,0.19624997956954807,0.25368047694443285,1.3447557535966004,0.08199652708661365,6.08061754903104,0.13309117610804957,0.22399999999999665,0.22399999999999665,1.0515649895650256,0.13599999999999568,0.7040000000000006,0.9929040712063867,-0.377325396729582,-0.3412731943780616,-0.02115585600033496,0.03408266273227553,-0.7420737882728689,1.4809322112903507,56,39.344,40.048
0.030400352098879032,0.03199999566831006,0.26827936478975845,2.6819822541454346,0.6469558188149102,0.6292771005965414,0.229679511596845,0.2445309899766142,0.8049426064496213,0.06493609491068175,3.9137580754155454,0.1159303014194975,0.3200000000000003,0.3200000000000003,1.0206842977678414,0.11999999999999744,0.6879999999999953,0.9894353986210201,-0.3125096238557932,-0.3014011706077994,-0.00821568797394649,0.007970551490422011,-4.260979589540043,1.481909280911424,57,40.048,40.736
0.036375479431882594,0.03999998916787127,0.2650450013863346,3.3281448618561997,0.6826202544028112,0.6373465077560082,0.20446601781894932,0.1817537107624605,1.1129565767205645,0.07035393460469228,3.5471660305222956,0.08449385667240307,0.2959999999999994,0.2959999999999994,1.036414274662191,0.1280000000000001,0.6960000000000051,0.9901490367178355,-0.3485708699922579,-0.3276239775596536,-0.01933588578399532,0.03034895062640592,-0.794128100420351,1.4643220277321065,58,40.736,41.432
0.0394286042553859,0.03999998419279212,0.284225953852714,2.886302787206827,0.6549573360092561,0.5832830596367141,0.19575331582067027,0.1818123867088811,1.0282541416940802,0.06507184952170508,4.081437647548971,0.06501407423386364,0.2879999999999967,0.2879999999999967,0.9341714196008302,0.1280000000000001,0.6799999999999997,0.982384391251413,-0.263431603349224,-0.2813599546754998,-0.017023693113594612,0.020052212444102692,-1.5328348711157789,1.5180608568911316,59,41.432,42.112
0.046910278661407775,0.047999991721450634,0.29248490593829607,3.165985682834198,0.7158337858659539,0.6214382216599276,0.21102087107916812,0.19740716461004323,1.038141709467429,0.07146418581354977,4.58726453127125,0.08187833451993437,0.3119999999999976,0.3119999999999976,0.999961078079086,0.14399999999999835,0.695999999999998,0.9863988547741337,-0.32849969300076176,-0.30955009735407707,-0.016668484312211494,0.015495792146341069,-2.561906720876542,1.5796773098700587,60,42.112,42.808
0.03788288274512264,0.03999998822985213,0.292654394398442,4.306632102481651,0.7357394096328685,0.7688253673970302,0.1948738395909524,0.23084412124993664,0.8135709054801994,0.08154078812356244,4.519157626392115,0.11138514072158526,0.22399999999999665,0.22399999999999665,1.1291189655989917,0.13600000000000279,0.695999999999998,0.99261595057049,-0.4140526294651171,-0.3581534303991055,-0.01942534430221619,0.026723329729115994,-1.1111957647143529,1.4311016606156188,61,42.808,43.504
0.03751866750712172,0.03999997848139368,0.2816749317389551,4.058749169437394,0.8423337536596878,0.8150473137276888,0.201257892953535,0.23184498311566007,0.9997296683577032,0.07972561338177425,3.7867508539766788,0.11689791797006126,0.2080000000000055,0.2080000000000055,1.0923241162027475,0.13600000000000279,0.6960000000000051,0.9934079934554573,-0.4143172240041262,-0.35597148217794417,-0.026287146191856316,0.039663937637180804,-0.6437243355650842,1.460413749247814,62,43.504,44.2
0.03809585584958786,0.039999995935771755,0.2827009529427639,3.166808743822579,0.7400305869849652,0.7091790528321036,0.21874071166327727,0.19300196604780775,1.0599950659976884,0.06805236987038121,4.127433121635558,0.08329834833935328,0.30399999999999494,0.30399999999999494,1.063466020039719,0.1280000000000001,0.7119999999999962,0.9907794400074275,-0.37966834371987923,-0.34198805486015754,-0.023638763364066076,0.03118065689346902,-0.9626027878912715,1.464322027732107,63,44.2,44.912
0.03078890930894918,0.03199999563307221,0.27399276470069345,2.736537576545041,0.6605839138057968,0.6325158514432005,0.19934678281801718,0.21205838570203253,1.0042473662365257,0.06022025400285152,3.9704968177293103,0.07814160166162003,0.28000000000000114,0.28000000000000114,0.9890972159823672,0.11999999999999744,0.695999999999998,0.9871677343384622,-0.27168734267474903,-0.29362854250156717,-0.015012958299233027,0.019507342445299357,-1.4074326633363763,1.5141525784068388,64,44.912,45.608
0.03657243292475991,0.039999998264105906,0.27327548606608687,3.0480925210907786,0.7170811341980025,0.724112762525575,0.19557030492254548,0.20650282796765257,0.9139146680273115,0.06245176185962371,4.171220758026528,0.08361117208846214,0.2880000000000038,0.2880000000000038,1.0307771726679305,0.1280000000000001,0.6720000000000041,0.989797738389037,-0.3082854828824473,-0.303295773968434,-0.01833438813823756,0.024315778081419923,-1.009508217365654,1.5297856923440099,65,45.608,46.28
0.0512801111277543,0.05599997634060072,0.2840769356833199,3.5108257682666415,0.6184055201274693,0.6503039284112345,0.18342380026977065,0.32623015254535165,0.6567700078465338,0.07080699424878226,3.57576820936817,0.13019253836655098,0.2079999999999984,0.2079999999999984,1.0876932588591808,0.14399999999999835,0.695999999999998,0.9941297558390682,-0.298915165181365,-0.30389229904639176,-0.0025796950413950787,-0.00566552890721847,5.273138095138869,1.4301245909945457,66,46.28,46.976
0.04741319416509359,0.04799997515994968,0.27963802264627124,3.573032542640804,0.7469643565407917,0.5863944179393864,0.19464714991936924,0.2685449911059846,1.4026105514390845,0.07313242637401392,3.8835046910825914,0.09300576356063585,0.22400000000000375,0.22400000000000375,1.0719562780954723,0.14399999999999835,0.7040000000000006,0.9913446618381297,-0.34004155878920284,-0.3243611201573535,-0.010009304205469402,0.009268668475541385,-3.601853430740417,1.4301245909945457,67,46.976,47.68
0.039301579341147995,0.03999999323410508,0.27359219649746186,3.0271429816737827,0.6767881845919321,0.6661432695799715,0.20966123207531004,0.20712231812775483,0.9684592537189901,0.06681091819093773,4.067970359257641,0.11924388353372746,0.3440000000000012,0.3440000000000012,1.017415775304239,0.1280000000000001,0.7040000000000006,0.9913780702130951,-0.32513262427931644,-0.31631962782143785,-0.017616797105771964,0.028531048331152498,-0.9660493507012384,1.477023932806058,68,47.68,48.384
0.03685268474292976,0.03999999786614917,0.27706488054108497,2.95600073450979,0.5758573487024393,0.559609543134418,0.18038696525867165,0.2360523692921885,0.8651006513177054,0.0628321116218789,3.8234736051195246,0.07546686365686417,0.2959999999999994,0.2959999999999994,0.9700799962534652,0.1280000000000001,0.695999999999998,0.9886302437821098,-0.24363706560361814,-0.28056544320183696,-0.006964976414485161,0.0016095934798340266,-18.24371079312381,1.5180608568911316,69,48.384,49.08
0.04396540341861073,0.04799994473364783,0.2813166512668589,3.503716034176921,0.7144195543062701,0.665920740449661,0.17435760363903088,0.18004996466850423,1.2006864873372773,0.06708346760130536,3.9118060154997325,0.06020047281400745,0.2880000000000038,0.2880000000000038,0.97162011422778,0.1280000000000001,0.6880000000000024,0.987688931770961,-0.28669538763370883,-0.30095123507290933,-0.022455476758646977,0.02984741698812388,-0.7648326894247348,1.5640441959328883,70,49.08,49.768
0.038335730023049554,0.03999996676018174,0.2731643367226298,3.724752167694474,0.7105569434806984,0.6620941627703965,0.18992859218894115,0.23106593361304875,0.939131584987761,0.07006454200077011,3.5195637777120363,0.10371969279535107,0.21600000000000108,0.21600000000000108,1.132963310560036,0.1280000000000001,0.6880000000000024,0.9920888640054457,-0.37177889361048355,-0.33981576311940553,-0.013850826851642555,0.019139524550660956,-1.4927820185887373,1.3948890177845945,71,49.768,50.456
0.044735669561506576,0.047999838916402304,0.2761638606093405,4.450059199581059,0.8448742116733996,0.7531672205730355,0.18276898154192056,0.25165720575436834,1.1996494400287445,0.07714171554627648,3.5770024366725224,0.10517560055135419,0.22399999999999665,0.22399999999999665,1.1535881163660575,0.13599999999999568,0.695999999999998,0.993160698928783,-0.41268865638587354,-0.36002295645289195,-0.01940412980648445,0.02916199658620852,-0.8330025763016982,1.410583198573082,72,50.456,51.152
0.044816591944633846,0.04799999508122048,0.2919158336790882,3.8995135540100248,0.6820623823732489,0.4663909390744047,0.18231224217787545,0.22536963044939232,1.7185338707224633,0.07035024663649483,2.116995582734619,0.0677320634559824,0.22399999999999665,0.22399999999999665,1.1548956692080032,0.13599999999999568,0.7119999999999962,0.9930175703657491,-0.3691636177702608,-0.34712907623777867,-0.015169648003096284,0.030795059684954395,-0.576419988442289,1.4418494264474235,73,51.152,51.864
0.03722123927733639,0.03999999899455782,0.2759889181835763,2.9380994643698672,0.7082712083341913,0.689845881088669,0.19844788685804876,0.20261282635827077,0.9509818743225327,0.061428639445695044,4.165150493914572,0.1114669415548981,0.30400000000000205,0.30400000000000205,1.0037523599896863,0.1280000000000001,0.6799999999999997,0.9909146197793084,-0.3014865051999734,-0.3015219864583458,-0.020560532570179684,0.03218053442196385,-0.7959799954845095,1.5239232746175708,74,51.864,52.544
0.039623542214697494,0.03999998059011106,0.28046845756729244,3.7592102175957582,0.6783786524110844,0.60257897734242,0.17632611307434068,0.23167921480301115,0.7534407162017391,0.07396900667308748,3.0885191074455447,0.09362113798554722,0.19200000000000017,0.19200000000000017,1.0003702404406905,0.1280000000000001,0.6400000000000006,0.9915099915615635,-0.28460499987158294,-0.28355427004342126,-0.01106819144764419,0.013576901514442982,-1.9849445788059352,1.4770239328060584,75,52.544,53.184
0.08777922127102959,0.08799998691963157,0.32311605454876713,4.203049216707944,0.9372301812692214,0.7449742007319823,0.1892407023251996,0.30928610691017916,1.1844256460869074,0.08210108543453429,3.139961786523195,0.12222327266568997,0.2560000000000002,0.2560000000000002,1.0566395449863346,0.1840000000000046,0.7360000000000042,0.9923145165629718,-0.3584653264631085,-0.32492995447309403,-0.01472653945399597,0.014704130765965814,-2.3107999007224644,1.482886350532497,76,53.184,53.92
0.04453892002441868,0.04799999976548478,0.28394001304806915,5.121220074086366,0.5862710446001141,0.5525525299641932,0.1529772768180241,0.303021500552416,0.9645403960437962,0.08022464706099275,4.10801482621018,0.07727963054035157,0.1839999999999975,0.1839999999999975,1.0993762464652945,0.13599999999999568,0.695999999999998,0.9896987499381141,-0.2937423409385877,-0.31234916767815496,-0.006041304000058982,0.0005053887989613509,-44.11228345357019,1.4428264960684967,77,53.92,54.616
0.03827190045933359,0.03999999666790602,0.27489792132354063,4.337224946105023,0.6246757799768071,0.6525472158480022,0.1839679863734461,0.16075612946903428,0.7474512703960202,0.07805521579118682,3.7492185622413,0.07014960532556486,0.2079999999999984,0.2079999999999984,1.102054079876367,0.1280000000000001,0.695999999999998,0.9901643582736926,-0.3912059317974901,-0.3532049533613112,-0.015221947449999882,0.012550143627830215,-2.8564998924684053,1.4066749200887891,78,54.616,55.312
0.0389938606020992,0.040000000218517046,0.25777497984063175,3.193398073194394,0.6285114240189025,0.599603218246715,0.18038457400535693,0.17971508353968682,0.9549657089286172,0.06256830935533911,3.2574857795292322,0.07493063172698537,0.28000000000000114,0.28000000000000114,1.0075425310351054,0.1280000000000001,0.6799999999999997,0.9850578629463445,-0.2848877298145417,-0.2976153899776886,-0.013212505232213026,0.017156695783929095,-1.4972713711235146,1.4486889137949361,79,55.312,55.992
0.03765292183080545,0.03999999701441344,0.2828524956373938,2.699337909477706,0.6806346079850301,0.6272621150211778,0.2030797198270119,0.22931837164613333,0.8333845886565298,0.05956156725018488,4.103388208835423,0.0721241719303461,0.2959999999999994,0.2959999999999994,1.0129308943516626,0.1280000000000001,0.6640000000000015,0.9859503939691201,-0.27403849414148185,-0.28038371104262666,-0.010000409936386763,0.0043714835916144265,-7.736403788518174,1.581631449112205,80,55.992,56.656
0.05182120757838884,0.14400002416888028,0.2930831318781113,7.20648125844688,1.0053111171537978,0.5156852977107159,0.13600378002855804,0.6599013885253685,1.5636648979338859,0.0895760691991233,4.596213992351475,0.08786743311184078,0.23199999999999932,0.23199999999999932,1.1262093811663072,0.15200000000000102,0.7040000000000006,0.9952990350899956,-0.2458148543480549,-0.2885361380357958,0.00044321546881745215,-0.0387777443954222,0.8336080419756101,1.484840489774644,81,56.656,57.36
0.0355744282433519,0.03199999972287733,0.27528211440193534,3.649207642663045,0.6633052108990489,0.5702765456847964,0.1911403171075014,0.24176509409298313,0.9713701863831211,0.07221102269687235,3.2646278400283366,0.0903498766484871,0.2079999999999984,0.2079999999999984,1.0839181051472317,0.1280000000000001,0.6799999999999997,0.9930741028222742,-0.34552224127416337,-0.32527783143017375,-0.010979442326285815,0.014963762774815478,-1.8647520177893444,1.484840489774644,82,57.36,58.04
0.03967154225433695,0.039999998633728905,0.2752840273519021,4.60536138937227,0.7442376878302457,0.7129083278718434,0.18072433156455278,0.1715674204532082,1.373394511866932,0.07913468657020653,4.388910286272365,0.1032800552899209,0.21600000000000108,0.21600000000000108,1.087771993386968,0.1280000000000001,0.695999999999998,0.9920505400731372,-0.40968835996508685,-0.36172832484276096,-0.03570796616813989,0.0646442352022148,-0.17767379678904988,1.4604137492478142,83,58.04,58.736
0.03698905845782532,0.03999995166265002,0.2736722780133533,3.176804903051486,0.770230864736828,0.7831351897041441,0.19901651445464694,0.18307362891142606,0.8852519669444288,0.06619885710263099,4.372565485825592,0.07222534458559235,0.28000000000000114,0.28000000000000114,0.9815194112693697,0.12000000000000455,0.6799999999999997,0.9864799935705181,-0.3233754002687091,-0.3117882698677523,-0.022595077377862594,0.02103195539515015,-1.6122106282164015,1.5180608568911316,84,58.736,59.416
0.036638133576753204,0.03999999527006309,0.2747734157993999,3.196170178379886,0.6701450284572783,0.614105872556942,0.20074183003309531,0.19427714213143765,0.896695523994836,0.0652775059372759,3.8740293662146836,0.08796224473517987,0.2960000000000065,0.2960000000000065,1.0549258106714618,0.1280000000000001,0.6720000000000041,0.990221611696983,-0.33831795899377104,-0.3154403429465606,-0.014594885208960583,0.017284775077797968,-1.8503310586554633,1.4965653252275222,85,59.416,60.088
0.044736232417990546,0.047999968805258655,0.2935735898747824,3.94940753730419,0.6368088070951832,0.5121179247520992,0.18508609133948475,0.272067797176428,0.8873300515407978,0.07557098263183623,2.972674274879323,0.07555241339228547,0.22399999999999665,0.22399999999999665,1.140496657335615,0.13599999999999568,0.6880000000000024,0.9909042840800434,-0.34732921549068557,-0.3264876264038494,-0.005034052285340676,-0.002291546017187126,14.267441301493271,1.450643053037083,86,60.088,60.776
0.04416091864715309,0.04799998419886498,0.28491927419193497,3.3633688859412194,0.7164122917298996,0.6696807502480685,0.20898602146274972,0.21850201063105915,0.875219956230023,0.06943450292259613,4.354589811454238,0.10092642174177352,0.3359999999999985,0.3359999999999985,1.099693977491517,0.13599999999999568,0.695999999999998,0.9909047399648236,-0.377999005267712,-0.33512847071874036,-0.012208003815173663,0.009084946481334191,-4.434806791489862,1.450643053037083,87,60.776,61.472
0.03728884563999331,0.03999999234548476,0.28090592690671856,3.2119833837238296,0.6675637822554821,0.6480958994880471,0.21347262621607524,0.21572866542007452,1.0731767982198113,0.06806187923178242,5.309717102859263,0.09111619940942439,0.240000000000002,0.240000000000002,1.103751669389925,0.1280000000000001,0.7040000000000006,0.9908863621816011,-0.37124157751169706,-0.33753710551237115,-0.01574127924358227,0.021299317061185877,-1.3523409722800346,1.4477118441738626,88,61.472,62.176
0.030757434150289146,0.03199998289891836,0.26798493356529934,2.8042855503915787,0.6472027160166959,0.6290426894073206,0.19313876559065185,0.22113408199550494,0.9337954694779431,0.060462704367659624,3.948651461711689,0.08770021201403842,0.2879999999999967,0.2879999999999967,0.9966062107856553,0.11999999999999744,0.6799999999999997,0.987131600417361,-0.2655820548937461,-0.2871505384974353,-0.012748085948890786,0.017634610021002823,-1.4490991199833845,1.4740927239428387,89,62.176,62.856
0.039069718989255174,0.03999999641889427,0.2832210877237773,3.067730992522355,0.6206294126489701,0.56109678044672,0.18529313056334643,0.23858623088852504,0.752145994338319,0.06570460691242182,4.24634162418621,0.06844705270045992,0.30399999999999494,0.30399999999999494,0.9853418729768313,0.13599999999999568,0.6559999999999988,0.9883437416759313,-0.25910724954464387,-0.27456305660493946,-0.004695698016588212,-0.006441659306736293,5.641387160194737,1.4477118441738628,90,62.856,63.512
0.06321908261787969,0.06399994737606851,0.30742933850575954,2.961891843960238,0.8191097525026989,0.6854800226681548,0.21680328915546068,0.4082221707090112,0.934310665305358,0.06582027867966733,10.025095297462777,0.11726776700917046,0.24799999999999756,0.24799999999999756,1.0995725829688507,0.15200000000000102,0.7120000000000033,0.9931362592962633,-0.33571604924074344,-0.30923758624752345,0.0023896591072142133,-0.025710571247348185,2.06613221711439,1.4340328694788385,91,63.512,64.224
0.0384751529634909,0.039999988682287504,0.28345989774345365,4.072301959047317,0.5943414005729789,0.5268560897610449,0.190806185651725,0.17049585753052776,1.105796061759665,0.07572971773377027,4.109100805590482,0.08021317852848639,0.22399999999998954,0.22399999999998954,1.119870655606741,0.1280000000000001,0.6880000000000024,0.9928698885612456,-0.3977641841709146,-0.35025253356359337,-0.018064805617754923,0.029664661159222856,-0.8326633141564834,1.4340328694788385,92,64.224,64.912
0.04472158145925712,0.04799997176647108,0.28388918428738635,3.6515083493461953,0.5432516985180437,0.5511011331544929,0.1867439067161799,0.16481165272657983,0.8227846377803941,0.06891004724907207,4.209238835290811,0.06191896618865649,0.23999999999999488,0.23999999999999488,1.0944848641103473,0.1280000000000001,0.7039999999999935,0.9913258156628686,-0.35299184816111484,-0.3352684506255744,-0.010755879364833364,0.007151247889073337,-4.565726862672089,1.416445616299521,93,64.912,65.616
0.03946649623622292,0.03999999327910688,0.2828520997095761,2.793466070848582,0.7036199037355161,0.7697157540132296,0.21161016216069825,0.2377389410043659,0.798662228518224,0.06231240811213812,4.533992705900998,0.11987114358902307,0.3359999999999985,0.3359999999999985,1.02243102884026,0.1280000000000001,0.6880000000000024,0.989310029877925,-0.3040148866958382,-0.2997429571838006,-0.016576734266384147,0.025975626741873814,-0.9545275066568693,1.450643053037082,94,65.616,66.304
0.038361890247822605,0.03999999618276692,0.27773062955298267,3.228154778241697,0.6288897330654785,0.5036592673913751,0.18771403550609614,0.19947739317368296,0.7964539911326861,0.06443062357263363,4.17170416091412,0.05288367668772068,0.29599999999999227,0.29599999999999227,1.0443838532167724,0.1280000000000001,0.6479999999999961,0.9850237640232976,-0.30243581829753147,-0.2933051040458052,-0.0016033590314397032,-0.014431439988754144,3.215436761548301,1.4486889137949364,95,66.304,66.952
0.03941717721150574,0.03999999715967894,0.287134354112953,3.333248001111916,0.7839580216369536,0.7653398839118586,0.224038496630713,0.2596310837082199,0.871590405239469,0.07291353222551572,6.677040653134561,0.1467276238751158,0.23199999999999932,0.23199999999999932,1.1154097228458506,0.13599999999999568,0.6880000000000024,0.9911068378010665,-0.40019393817409943,-0.33586551735783077,-0.012640529762423192,0.009566215049929867,-4.804100759791417,1.4486889137949364,96,66.952,67.64
0.03978611825558323,0.03999998583971827,0.28391294674636525,4.272297666510337,0.6333343466317579,0.626230132659722,0.18101689523011288,0.1818005724017797,0.967999670052701,0.07917194750905707,4.045005625847208,0.10282432119810879,0.21599999999999397,0.21599999999999397,1.0560051599464229,0.1280000000000001,0.695999999999998,0.9916336875999271,-0.35380487700893937,-0.3359695563422479,-0.02157034222265191,0.03849522813538895,-0.5425750897523557,1.474092723942839,97,67.64,68.336
0.038961357126937046,0.03999999082773458,0.2756982600921965,2.8873397965125465,0.6898236673652965,0.6829615947036624,0.20305341068442714,0.21347287153928565,0.9320176869954843,0.06285966384251694,4.19917765746155,0.09869779538644971,0.3119999999999976,0.3119999999999976,1.0015252780600747,0.1280000000000001,0.6880000000000024,0.9902651928451411,-0.2970865898504658,-0.29955207962883773,-0.016382428725813764,0.023594033617356867,-1.1355728478631641,1.4985194644696678,98,68.336,69.024
0.044568680827219924,0.04799996032170459,0.28903495029289344,3.8568339572083468,0.7131698991346161,0.6530930121229667,0.1734474006421486,0.1757244045207649,1.1990845138945863,0.07130435972803192,3.6831785130457892,0.052545835900501915,0.2879999999999967,0.2879999999999967,1.0003140499163985,0.13599999999999568,0.6799999999999926,0.9883954353640259,-0.3096200937210291,-0.31001506905680043,-0.024667430063686074,0.033785376059293055,-0.6087446045603364,1.4799551416692776,99,69.024,69.704
0.04474928761381977,0.047999988279917596,0.2760857189758005,3.369115659499495,0.7263182523154742,0.7117809606955043,0.1931860813145574,0.18816623971149313,0.9638596289701378,0.06507984420842668,4.228404099917448,0.09897428821884374,0.3120000000000118,0.3120000000000118,1.0614100596086473,0.1360000000000099,0.6880000000000024,0.9912323957610224,-0.3492502680255069,-0.32551835171704546,-0.02113092387126477,0.02889507241135311,-0.9876298371007509,1.460413749247814,100,69.704,70.392
0.037179647589715176,0.039999977711432495,0.2831851779112757,3.2908859975098705,0.7122264080790874,0.544576812883391,0.2049691026054622,0.29153974348382866,0.7975753321153214,0.06645122915923156,2.962566646007265,0.0882305849452387,0.22400000000000375,0.22400000000000375,1.1610260594423738,0.1280000000000001,0.6800000000000068,0.9933068153179845,-0.3668326375036309,-0.3295291167300737,-0.0011429884326086656,-0.01259060299734059,3.4679726600948038,1.4486889137949355,101,70.392,71.072
0.04514950344936512,0.04799999057378389,0.28568324860054795,3.555021612951851,0.5334526364623403,0.5507016565874685,0.183610686954842,0.16616321039394388,0.7806268922901849,0.06546545629646788,4.050848878983664,0.06811252332357366,0.3199999999999932,0.3199999999999932,1.1273432943986188,0.13599999999999568,0.6880000000000024,0.9915070411432513,-0.345180943606926,-0.3267625485939842,-0.01169497960228228,0.012988896415526474,-2.0933907625540527,1.4486889137949355,102,71.072,71.76
0.044855397423908226,0.04799999726921867,0.2823100128704836,3.580977115527992,0.7332271788476561,0.6716963106830506,0.196513315733101,0.203022425965874,1.19032660234744,0.07115799997534597,3.901786900285244,0.09914655192534363,0.3199999999999932,0.3199999999999932,1.0655375896618178,0.1280000000000001,0.7039999999999935,0.9903617301351416,-0.3639082445276354,-0.33656645875181074,-0.022439407251978166,0.036045062184623965,-0.6544746124750567,1.4652990973531805,103,71.76,72.464
0.03938467741292972,0.0399999627343834,0.28849923076724054,3.1310826163458465,0.7010711726415441,0.6082261673481911,0.19125565885643908,0.20729438493874172,0.9576604877460568,0.06687860758255428,4.073726090637908,0.05312214693346984,0.2879999999999967,0.2879999999999967,0.9747896815090762,0.1280000000000001,0.6640000000000015,0.983603821433972,-0.28295501891792685,-0.28734290216988717,-0.013279793464668063,0.006878241185982204,-5.205525501348432,1.4877716986378628,104,72.464,73.128
0.055831696205305745,0.05599999271067996,0.2911444818945042,3.196710990432678,0.6722093699092507,0.6403139876392074,0.1984163114527772,0.2216133394755063,0.9576321220189562,0.0705019817771885,4.669745547854045,0.1293743017306872,0.35999999999999943,0.35999999999999943,0.9887590083128481,0.14400000000000546,0.7039999999999935,0.9861434099656105,-0.29900390925144676,-0.2990165183855239,-0.014040343229428742,0.01828445808157673,-1.8082557815338933,1.5004736037118145,105,73.128,73.832
0.03822762677572725,0.03999999815341018,0.28206700895878395,3.1496498514472884,0.7860954275443635,0.5213565250945207,0.22660116161382685,0.23512815311492677,1.5482273163848108,0.06847858552796947,3.1354593023218134,0.09002087635341936,0.22400000000000375,0.22400000000000375,1.1070477676538033,0.1280000000000001,0.6880000000000024,0.9932067617350495,-0.3946530688952168,-0.3344707906534812,-0.013803644531767209,0.01387627972652051,-2.9576237418738804,1.4281704517523999,106,73.832,74.52
0.037171888192099524,0.039999973145496415,0.2815946053278079,3.679741809627341,0.7810031526805888,0.7440292648113611,0.2041622728153448,0.2198631717106886,0.9455611401719299,0.07429723196032217,3.7372330102171674,0.11397116017340246,0.22400000000000375,0.22400000000000375,1.0887448553896313,0.1280000000000001,0.6880000000000024,0.9932181375921294,-0.39194973080717094,-0.3429078790657444,-0.022788778485964646,0.03353372258511546,-0.8311553144056979,1.440872356826351,107,74.52,75.208
0.03824882424547276,0.03999999283088366,0.2822285368041191,3.4977287580039573,0.7026042176065531,0.6830514554466552,0.2037030504828825,0.23332316159652636,0.8160899803118161,0.0708188138341907,3.922807075413465,0.08384137045274113,0.2960000000000065,0.2960000000000065,1.1250184603080733,0.1280000000000001,0.6880000000000024,0.9921412918861139,-0.3771480607638856,-0.33662003101256777,-0.01130307914710772,0.006735809703608223,-5.228478797039092,1.417422685920594,108,75.208,75.896
0.052256900153418065,0.05599999317521348,0.2899717259457703,4.2947310225106765,0.8478581874179979,0.754552312579667,0.17626634105688707,0.16803279553588374,1.5481732864769924,0.0709142185364537,3.81249510298749,0.0703742812894621,0.29599999999999227,0.29599999999999227,1.1100002836687994,0.14400000000000546,0.7039999999999935,0.9895586955108422,-0.4052013420706437,-0.3591887194668908,-0.040613549895036474,0.05870701880219117,-0.29108862712847683,1.4105831985730823,109,75.896,76.6
0.0362505802459956,0.0399999979375304,0.26824394238647714,3.346750982765995,0.6932239037599711,0.6448702457494314,0.18059794199143753,0.1992870168299955,0.857852564605502,0.06056011884052972,3.92632170365856,0.08459809134970521,0.2960000000000065,0.2960000000000065,1.0981171721276848,0.12000000000000455,0.6640000000000015,0.9883740793114285,-0.3265495700274031,-0.3144718493454205,-0.012485718743391628,0.010811675173869734,-3.1889261779235993,1.4692073758374729,110,76.6,77.264
0.0467850352950577,0.04799999282217989,0.29288700266581985,3.6771746433426458,0.7786463570248735,0.7480025883138856,0.2106048276536475,0.24310060025344568,0.7670650112265442,0.06984038434597678,5.632571862332204,0.11347590444890146,0.23199999999999932,0.23199999999999932,1.2243822690872892,0.1360000000000099,0.695999999999998,0.9900351260890274,-0.45498675023569257,-0.3650144507294263,-0.0075510305022456455,-0.004067665105035248,13.232012633667207,1.4066749200887898,111,77.264,77.96
0.03910832505436942,0.03999999672210988,0.2810964630652325,3.3609447415931135,0.8002874870461272,0.7276341844827191,0.22458606751626983,0.20957822235476073,0.8482834533838571,0.06561504858790076,4.1802719866408,0.10500233635902237,0.3200000000000074,0.3200000000000074,1.2082213581468295,0.1280000000000001,0.6880000000000024,0.9913142072549268,-0.4639201450622596,-0.363757048609519,-0.016681882189353812,0.012869672485669037,-3.671186519245738,1.4066749200887898,112,77.96,78.648
0.0376770931215983,0.03999996221669545,0.27594961802494195,3.385885672058774,0.7754548534159621,0.7103370949199855,0.21048305871862005,0.25973714120835995,0.8515244770300301,0.06614119031169206,4.108293649589825,0.10486632428336547,0.3200000000000074,0.3200000000000074,1.2024972478126017,0.1280000000000001,0.6880000000000024,0.9903367792238584,-0.412917361335759,-0.3504349147593811,-0.00834323056910036,0.0010106749980750775,-42.28218893670889,1.3870724608160088,113,78.648,79.336
0.03957092686307766,0.03999997488528298,0.2657514920857868,3.422916187236025,0.8102143042565767,0.759063609039388,0.17945793559603632,0.16506401080755917,1.072644490025004,0.058641718110396444,3.979241780090867,0.06586165385736743,0.27200000000000557,0.27200000000000557,1.1019944480182247,0.12000000000000455,0.6479999999999961,0.9790530036760525,-0.34932722959653345,-0.31803359628342387,-0.030531753387424348,0.037688594544375655,-0.6524751510659408,1.3968431570267406,114,79.336,79.984
0.0476801051803297,0.047999970801963276,0.2989557271390738,4.113085195045096,0.8696653151280604,0.6622696517209851,0.20223638645001232,0.1723591510740511,1.4377058976153096,0.07577030017299438,4.2528435266581255,0.06876459354943076,0.30400000000000205,0.30400000000000205,1.1207556815846433,0.1360000000000099,0.6960000000000122,0.9855154651803636,-0.4646712812237422,-0.37090054951456064,-0.03572842440398628,0.034530207313025585,-1.3017677568585757,1.4291475213734726,115,79.984,80.68
0.037995149497071924,0.03999999751916959,0.2859583193998494,4.316725364848501,0.7738940203654983,0.8934480383667045,0.19509888836765515,0.2546953884833199,0.6432700584035803,0.0763393692352659,5.591018886447698,0.11527594740460576,0.19999999999998863,0.19999999999998863,1.2569543866432713,0.13599999999999568,0.6879999999999882,0.9915054460968792,-0.46560683709617623,-0.3771161716545613,-0.010773362174725801,0.002488485032844493,-17.616794756675148,1.4135144074363017,116,80.68,81.368
0.03833873842545405,0.039999990391614455,0.2749170788970462,4.2177811489656,0.8277505468727253,0.8047792191384211,0.18605502378787517,0.24645445725227022,1.1482122952308615,0.07286137233699114,5.7324484199669845,0.11697472371703907,0.2079999999999984,0.2079999999999984,1.1968085105643809,0.1280000000000001,0.695999999999998,0.9926520982397272,-0.42831439635491314,-0.36930780436956406,-0.021603761715781888,0.030446025240550564,-0.9457186171299304,1.3098839607512278,117,81.368,82.064
0.03648068122612294,0.03999996145205098,0.27517996222734176,3.0459264179430545,0.7124578670611412,0.7192198318629494,0.2035602314432219,0.21872749842607195,0.9118403205985637,0.06196079591940267,4.057035971866604,0.10664124081631422,0.30400000000000205,0.30400000000000205,1.072842022062457,0.1280000000000001,0.6880000000000024,0.9927519086587283,-0.33814659219271836,-0.3208221455868816,-0.017687622365685052,0.027057558788576814,-0.9348766372495417,1.4008125023623503,118,82.064,82.752
0.04557639170640341,0.047999972950295546,0.284335395734697,3.3944357137786816,0.6726550668458188,0.5819530078234222,0.17258304157498544,0.161853451236519,1.3552005340085354,0.06366352156096465,3.5990340156549907,0.05705816981105496,0.2880000000000109,0.2880000000000109,0.9809103655703957,0.1280000000000001,0.6800000000000068,0.9876645195897956,-0.2836517287514229,-0.29660150681714265,-0.023939886636362095,0.0372600394631812,-0.5294213691537424,1.467253236595326,119,82.752,83.432
0.04511176827172536,0.047999991621366964,0.28041979409447254,3.2547781875777804,0.7062555447184127,0.696321467667292,0.19630490900922276,0.19064732779595298,0.9650837189540233,0.06813401408547208,4.431421301831395,0.09867172815783468,0.3199999999999932,0.3199999999999932,0.9966111129774515,0.13599999999999568,0.6880000000000024,0.9910684482249349,-0.3171832682641108,-0.30857565201617276,-0.020821617711932812,0.029750215016130642,-0.9041822069401929,1.5962874934283033,120,83.432,84.12
0.038701723752124155,0.039999995357471514,0.2792724972855674,3.2212428170396903,0.7133217921006559,0.6606362280508356,0.19958705469153176,0.2507758978545177,0.7694731056883745,0.06517601227585057,4.364555205354265,0.10214099099049015,0.32799999999998875,0.32799999999998875,1.1038798322024792,0.1280000000000001,0.6799999999999926,0.9893159294008288,-0.34094780040626566,-0.31907695732456964,-0.005698139761777147,-0.0036449485621217583,12.049538842832014,1.4281704517523997,121,84.12,84.8
0.03850834713886458,0.039999998416993116,0.28975857225161616,3.0982788954670277,0.6711075478253872,0.5716714422368296,0.19222538955278357,0.23528716751709575,0.8601148961839974,0.06402134352166947,4.167059458151937,0.07343097513445822,0.3200000000000074,0.3200000000000074,1.061372756749768,0.1280000000000001,0.671999999999997,0.9838892331782056,-0.29775865299098025,-0.2981134345296662,-0.007313342391274794,-0.0008524245694369785,46.530483119743465,1.4613908188688878,122,84.8,85.472
0.044878764257207895,0.04799996930714644,0.284005801936847,3.477901162746509,0.7774063740349655,0.7764479868741497,0.20077014452962408,0.2348811514897297,0.8082113360615941,0.06959897132825135,4.654241832574462,0.10477498477025358,0.32800000000000296,0.32800000000000296,1.1057507109458087,0.1360000000000099,0.6720000000000113,0.9907468955187304,-0.3668806094313483,-0.3230308479524852,-0.014992670255665043,0.01404916792362768,-2.4502579921214944,1.4613908188688878,123,85.472,86.144
0.04643630339117419,0.04799998808414762,0.28353319728809795,5.031813126454023,0.8509813738121262,0.7284455005551524,0.17627481485504654,0.23976841729901016,1.339229986678793,0.07865510484594018,4.321542906872403,0.08797365044864322,0.21599999999999397,0.21599999999999397,1.2343896348708856,0.13599999999999568,0.6799999999999926,0.9926903506953615,-0.4588522035516238,-0.37398980836565354,-0.021849035127107678,0.02876267051925994,-0.9276717167338174,1.347989675973082,124,86.144,86.824
0.043823126442605866,0.047999985212421624,0.2773166593087383,3.4855435041755385,0.7463328901942036,0.792270725199013,0.19866009848225374,0.20569779716228903,0.827397803222175,0.06316969690603728,4.6539580109650815,0.11437735210895279,0.22400000000000375,0.22400000000000375,1.1854021448935022,0.1280000000000001,0.6800000000000068,0.9912534698779423,-0.41027450473355764,-0.34791571211675754,-0.01960507812378828,0.025604623900166632,-1.158228320049218,1.4066749200887891,125,86.824,87.504
0.0394214625650579,0.03999999994582769,0.277174126781613,3.370947711185788,0.796623649491777,0.785507666552328,0.194224709165567,0.1845617990888547,0.971868043143429,0.06272433017536164,4.230329465544601,0.08257158072477618,0.2879999999999967,0.2879999999999967,1.1009198884423397,0.1280000000000001,0.6640000000000015,0.9863775623410733,-0.3684652950457565,-0.3271959845274677,-0.0298621057405783,0.040775259295403626,-0.5691140330511678,1.5161067176489853,126,87.504,88.168
0.0377845327276151,0.03999997853724038,0.28183966786584297,3.3339483336294484,0.7494435286179266,0.6704692778590945,0.19170983653531065,0.23990214615579541,0.7720258409740527,0.06295170810524424,4.237552420588538,0.08576504186549089,0.3119999999999976,0.3119999999999976,1.1396589640390946,0.1280000000000001,0.6559999999999917,0.9882066564492906,-0.3486124465881743,-0.3170533612746043,-0.008294060216954119,-0.0005001781688365563,82.75521881490046,1.4125373378152282,127,88.168,88.824
0.04558553140934722,0.047999963415712915,0.29375769758563935,4.895067832692703,0.8710570137511559,0.7904207015260454,0.18106172649175328,0.2800494329784211,0.8641434903833745,0.08000382890616946,3.824994243699398,0.10124695960884349,0.2079999999999984,0.2079999999999984,1.2299851095958394,0.13599999999999568,0.6800000000000068,0.9927161104247252,-0.4523452579417519,-0.3692795267796635,-0.014951721357368802,0.012898623590803751,-2.704388827890197,1.4125373378152282,128,88.824,89.504
0.03926254660239893,0.039999994195404766,0.2893868108594788,3.7643354046912454,0.7686118859788289,0.7119355516114059,0.20370404130371808,0.22086054265503496,0.8972097534268945,0.07050256261925007,4.017087960012898,0.10399022192367141,0.3359999999999985,0.3359999999999985,1.1969035957557723,0.1280000000000001,0.6879999999999882,0.989915337275272,-0.4393486783307145,-0.3626741912585946,-0.019880471768729074,0.024133816192078716,-1.44430764024284,1.44087235682635,129,89.504,90.192
0.0373777405991864,0.039999987988064034,0.2737123919009361,3.587346860143984,0.8374816569087222,0.8447563581779086,0.19462268329599136,0.20946996486276967,0.9526714104461003,0.06566084087133083,4.403871677934887,0.09056281176605493,0.3120000000000118,0.3120000000000118,1.1501098966098764,0.12000000000000455,0.6720000000000113,0.986590501770973,-0.3966117538244946,-0.34360815216025525,-0.0262360320291139,0.03350299316807763,-0.7804038979720355,1.4330557998577649,130,90.192,90.864
0.03932223722744549,0.03999999773704291,0.27665474548606567,3.160847657678972,0.6958611808228014,0.6748521058010766,0.19085349433814822,0.2295778021595226,0.8010156682282366,0.0640152208789817,4.094929126354803,0.10865859325464132,0.30400000000000205,0.30400000000000205,1.0516204642178857,0.1280000000000001,0.6640000000000015,0.9864834739165206,-0.30445816294750927,-0.29857408972744376,-0.01250581172027505,0.014864958095863282,-2.0739112771425585,1.4320787302366917,131,90.864,91.528
0.0455969269590296,0.04799998888690804,0.29207906696236835,3.7641471987358273,0.8176747384981312,0.7626878345818712,0.2074656240040366,0.20805690477247177,0.8498624554618552,0.06871029131186604,4.5208349496342,0.08726575694035565,0.3199999999999932,0.3199999999999932,1.2129036442600678,0.13599999999999568,0.6799999999999926,0.9922775242695538,-0.4694418802087344,-0.36565538977200085,-0.01925712241835065,0.014168822024032381,-3.033761284347774,1.3411501886255695,132,91.528,92.208
0.0452803790426531,0.04799995630326757,0.2910212674313606,3.3640403176127185,0.3120088048515279,0.6186328718782755,0.1741809604682907,0.16936694441231104,0.36707331470430027,0.060144562820340176,10.181785277295557,0.07463521903268784,0.23199999999999932,0.23199999999999932,1.1815822771057465,0.1280000000000001,0.6880000000000024,0.9921780288433237,-0.3085527234345152,-0.3113156408820657,-0.0031329163468168993,-0.01669049530364564,1.7267749667782815,1.4232851036470335,133,92.208,92.896
0.03974365666542919,0.03999995453375992,0.2819112835715143,4.0766884420787095,0.8808716778318569,0.7672858344323589,0.19176716515781256,0.1970608923002173,1.3181930905515458,0.07346211252046911,3.7538981866854386,0.08061375006879222,0.29599999999999227,0.29599999999999227,1.121301012476664,0.1280000000000001,0.6799999999999926,0.9877031666381568,-0.4224028245775839,-0.35654307144325237,-0.03580896808803153,0.04941853923034579,-0.47136502178660883,1.4232851036470335,134,92.896,93.576
0.045744371504199535,0.04799999021589044,0.28261355595660403,3.533725570496537,0.7895570636189888,0.7204128911154813,0.19824156029696233,0.18460058179501843,0.9190449780688621,0.06584658738893542,4.340418031048794,0.07735741992211877,0.30400000000000205,0.30400000000000205,1.1310142675114763,0.1360000000000099,0.6720000000000113,0.9874919784866294,-0.39709070717385175,-0.33748929898228713,-0.02059286561763851,0.017070852277008726,-2.3384875406960894,1.4555284011424479,135,93.576,94.248
0.044155601924527,0.047999978302534274,0.28224430212966023,4.110097950493267,0.8378455770630239,0.8043449237137315,0.1968369450462452,0.23616279693156794,0.9816051208898879,0.07493311940479618,4.67381568152419,0.11517471142632436,0.22399999999998954,0.22399999999998954,1.1778540380069706,0.13599999999999568,0.6880000000000024,0.9936656904874545,-0.44287816211316733,-0.36361583425002225,-0.02045915364676639,0.024365244670194647,-1.3749292328106961,1.3352877708991302,136,94.248,94.936
0.038155055802116436,0.03999995499880519,0.28944488363895005,3.703548864840018,0.794393100360849,0.6926909623131694,0.21438922880824665,0.19844903946056136,0.7193361622079716,0.07210206155315944,4.219049011834073,0.09265731025886022,0.23999999999999488,0.23999999999999488,1.1675397249355814,0.13599999999999568,0.6399999999999864,0.9918235139936594,-0.4475552058090729,-0.33657264811413307,-0.01666274412842357,0.010764178778915483,-4.18001498745209,1.394889017784594,137,94.936,95.576
0.041359143317169625,0.19571752413552382,0.3599998496109911,4.056978136067454,1.3472470851863667,0.6620078617114097,0.6137706325693068,0.24945197694627083,1.9646237390022747,0.30485848020058903,10.21520777552583,0.5646766528436146,0.3920000000000101,0.3920000000000101,0.6736376908423225,0.19200000000000728,0.7200000000000131,0.9628053460531986,0.07761638134352404,0.08889066847799218,0.33258082716918413,-0.30601747689253245,0.9621406192549945,1.6646823669034252,138,95.576,96.296
0.04528157037235129,0.04799995945965044,0.31800785741765425,1.6356717181261191,0.3704242411694458,0.3543617285730519,0.23260326772866133,0.2643314006071943,0.8307106825664684,0.07457620424851842,4.783683134907534,0.19846358627360522,0.38400000000000034,0.38400000000000034,0.5499144088172687,0.1519999999999868,0.6879999999999882,0.9932640253089324,-0.10022876340613286,-0.16372681527432933,-0.0032225726621353122,0.004369858620623502,-5.423684048113432,1.6646823669034252,139,96.296,96.984
0.03892640188315695,0.039999914188241205,0.3132237286482672,1.7852967958792239,0.30029945013598175,0.34467962412277703,0.23784661056766182,0.31734385928637127,0.29807239430706445,0.08754913870837562,8.425775551117221,0.04974920451347284,0.30400000000000205,0.30400000000000205,0.5522916466826204,0.14400000000000546,0.6720000000000113,0.9901724246917227,-0.09857384443530368,-0.15585578120648824,0.007221920525806943,-0.04454987592217899,0.9920824640889834,1.4232851036470335,140,96.984,97.656
0.04562577104390899,0.04799996276492368,0.3135926192852995,4.3065467133749324,0.9549825290233273,0.7706861643404093,0.23696928413941176,0.28951927748289885,0.635708171018994,0.08191071711380424,4.161342938200334,0.13796210273461762,0.367999999999995,0.367999999999995,1.3562302831420552,0.15200000000000102,0.6799999999999926,0.9923202523657375,-0.6299592723994404,-0.3976707360469062,0.00624145127272953,-0.028164788711349944,2.808208352103649,1.5464569427535708,141,97.656,98.336
0.03916189983423125,0.039999985114551974,0.3188418034235737,3.9891935939167897,1.0158220848369368,0.777959266778514,0.2626891019778019,0.2831585864133936,0.6911693235614386,0.08089436025830966,4.19352549393816,0.1705003385084386,0.35999999999999943,0.35999999999999943,1.3577240545533964,0.15200000000000102,0.671999999999997,0.9922389190658425,-0.6628767766458984,-0.3911322550078254,0.004958692607724886,-0.026138300024954073,3.3436078088562327,1.5728378225225466,142,98.336,99.008
0.04631657897390817,0.04799995648414123,0.31337266717213313,4.401276257775962,1.0212429534680068,0.6540559382400848,0.2815980010894253,0.2414090267328873,0.5043401298617879,0.08705877701652132,4.500142428331342,0.1191823246314789,0.38400000000000034,0.38400000000000034,1.4346668783744887,0.1600000000000108,0.6880000000000024,0.9880417035456768,-0.8277687001303844,-0.4213081737622912,0.05873166245965761,-0.0834448636653661,1.6592274204432793,1.2874113594665448,143,99.008,99.696
0.045077573897491056,0.04799999510018632,0.31367753764727646,4.615592554735631,1.0088272066802355,0.8165449223146348,0.23420227668245008,0.24387445723454731,0.7869787173583737,0.07701627041302986,4.774748103080607,0.12655233171398844,0.35200000000000387,0.35200000000000387,1.4876936475242635,0.14400000000000546,0.6880000000000024,0.9937303583438093,-0.775337391107391,-0.4529919703773437,-0.012169382629832769,-0.0059554454104454885,12.94883820352992,1.1915974697500564,144,99.696,100.384
0.04549734952127932,0.04799996674817765,0.29894737203440824,4.616764365532267,1.1859839807225931,1.0381281729149732,0.2408765628728255,0.21929874618549866,0.9307239360687742,0.07830746798480881,5.168281568147166,0.140756617494071,0.32800000000000296,0.32800000000000296,1.4150055242651542,0.15200000000000102,0.671999999999997,0.9929171320202643,-0.7901836894501106,-0.4390226774646645,-0.044762293761122555,0.026793844737440602,-2.5078110064044914,1.1915974697500564,145,100.384,101.056
0.04526217804510457,0.04799998795555314,0.3030904931251498,4.984123598634337,1.2587475577730873,1.0011250684711899,0.25583870467626896,0.2527643530199661,0.9330975800789434,0.08349839852569416,4.680060163154092,0.17801034825767895,0.3440000000000083,0.3440000000000083,1.5401372351553702,0.15200000000000102,0.6880000000000024,0.9934234971873228,-0.9552482693302258,-0.4793465594557745,-0.01738276961875379,-0.007764817517380217,12.588516528540149,1.3939119481635212,146,101.056,101.744
0.036991277409224275,0.03999999999748115,0.3158167619432446,4.915943159605022,1.3710958353859546,1.0851010497562237,0.2733967203809142,0.2903811660556209,0.8751625634390328,0.08444902994124771,5.907472149804423,0.18739178625258682,0.24800000000000466,0.24800000000000466,1.596279225096815,0.14400000000000546,0.671999999999997,0.9924600144940338,-1.0196404428062524,-0.4754400560076421,-0.0045842374140137344,-0.022750609389502,4.839393255902462,1.4125373378152284,147,101.744,102.416
0.046388543371243554,0.04799999223393936,0.32295496240151705,4.994250104949772,1.179768312577714,1.007203335801865,0.24617490979311626,0.25340172803479477,0.7923274662864637,0.08258581022837652,4.383860896688981,0.17473497680910585,0.3760000000000048,0.3760000000000048,1.5532378292008966,0.15200000000000102,0.6880000000000024,0.9921999390208548,-0.9061150537854359,-0.47427942034470183,-0.02470367768607627,0.0019129209810505924,-45.330845255983334,1.4125373378152284,148,102.416,103.104
0.04315174638084186,0.04799995905624274,0.30779628937697223,5.262292013447157,1.060126315626336,0.6866550118434448,0.23847513363041734,0.22326975476244607,0.6588093333009201,0.08147876646215603,4.284099783533043,0.07512545388200469,0.35999999999999943,0.35999999999999943,1.6147793882572952,0.15200000000000102,0.6800000000000068,0.9854749605426119,-0.9617321577406563,-0.4933170461343425,0.03329336891893728,-0.061286158881837194,1.943044543787886,0.832829718262249,149,103.104,103.784
0.05302400667744582,0.05599998761962872,0.30281941025776726,5.517948597059338,1.246942791240759,1.1306128319862858,0.2246556992419147,0.24274407527763983,0.8400605693030531,0.07328135244537445,4.7633456697130185,0.13891012731253796,0.35999999999999943,0.35999999999999943,1.8193014680942214,0.15200000000000102,0.6879999999999882,0.9925280764692084,-1.0858368772572449,-0.5378562701430474,-0.03192450575758996,0.011026637293095538,-6.81561018660698,0.832829718262249,150,103.784,104.472
0.039705564694375556,0.039999999495092836,0.30570250589144754,6.435630909106147,1.7424891940796376,1.5384139681526066,0.25909476008510135,0.2561835277627183,0.9555925896690771,0.08590072213704014,6.32021577083248,0.17677115520087713,0.33600000000001273,0.33600000000001273,1.9125219005400804,0.15200000000000102,0.6800000000000068,0.9934384614487818,-1.5642576857171078,-0.6066963222223578,-0.0723403624360039,0.021494192622915135,-5.316129665694316,1.0332511242848843,151,104.472,105.152
0.04401901509265607,0.04799996936102615,0.32575704485324597,5.645550258674442,1.3843920581505522,1.1473017705695348,0.2523618193607973,0.28587774619038075,0.7216067916921305,0.07388470515106135,4.883988368660935,0.15708920720346084,0.3760000000000048,0.3760000000000048,2.037669467219693,0.15200000000000102,0.6880000000000024,0.9932112738672224,-1.3989357548480919,-0.5946690584620163,-0.006540095130231953,-0.022497500014165495,4.910110016222502,1.2150471406558125,152,105.152,105.84
0.0390135940692776,0.039999992550891636,0.318013733222657,5.105346226049228,1.237177272347882,0.9877202465659976,0.24499049327177516,0.2857449307442322,0.8291532574254715,0.0784357280910968,4.813824128945453,0.15921072286614477,0.35199999999998965,0.35199999999998965,1.7136966426494593,0.14399999999999125,0.6880000000000024,0.99141136820665,-1.0128153721513318,-0.5143732998900694,-0.014886116141889564,-0.007219361395158201,12.732437600714375,1.1818267735393249,153,105.84,106.528
0.03726160987903908,0.03999996271500504,0.3128863888202332,5.322113636098889,1.2533525467184103,0.8408517639409444,0.2505336361452797,0.25176101253823474,0.779003383540376,0.08065912287070376,4.690711072977576,0.10687081938357623,0.35999999999999943,0.35999999999999943,1.7335295228834264,0.14399999999999125,0.671999999999997,0.9915609566392335,-1.092948522568199,-0.5159718690262833,0.009239593224013439,-0.034954975732096674,3.2244741475389107,0.969680532063811,154,106.528,107.2
0.044409066668636546,0.047999987646455536,0.301157010412853,4.92621354893963,1.166111977073473,1.0767037650674214,0.22086698238853866,0.22523511153670073,0.8464449865952358,0.07270945502215194,4.739284809111007,0.13878586062746845,0.35200000000000387,0.35200000000000387,1.5731756951308835,0.14399999999999125,0.671999999999997,0.9877705168283369,-0.842977117614503,-0.4740210434371023,-0.04439874452892176,0.0303348061623114,-1.9888975827634192,0.969680532063811,155,107.2,107.872
0.038568942433975184,0.03999999697784572,0.30781175226731233,4.707306522762514,1.1569161749509282,0.9519802542228748,0.24076988442192737,0.26686225998240265,0.7403027787413312,0.07547453178784014,4.745425272986411,0.13734634175645538,0.3359999999999985,0.3359999999999985,1.6142237804704718,0.14400000000000546,0.671999999999997,0.9888079997797857,-0.8666657377953545,-0.46942798685351933,-0.01110044937855847,-0.009273947551480177,9.044567349708009,1.237519741940496,156,107.872,108.544
0.04460901876457972,0.048000000018932475,0.3205833448797048,4.986917392624469,1.187038379765742,0.9370899618327653,0.24437349130755065,0.27641202892188255,0.7089593739227198,0.07498548142990276,4.865907036964845,0.13305338706886358,0.35200000000000387,0.35200000000000387,1.7369005462507052,0.15200000000000102,0.6800000000000068,0.9929597852970173,-1.0076932517320205,-0.5032616886104417,-6.427574810327456e-05,-0.024916621526736977,3.854244919450153,1.21113886217152,157,108.544,109.224
0.041040463814825734,0.1645993977691792,0.8267643359351644,3.799652620864345,1.0587208472504868,0.8108095096937942,0.4319908800187193,0.07010659538673696,0.4114197975365304,0.08953285728552156,2.839118153759243,0.5413303119887283,0.21599999999999397,0.21599999999999397,1.8004534323902859,0.15200000000000102,0.6880000000000024,0.9918649129103072,-0.9739812966217649,-0.3514941130419593,0.15597504683123808,-0.17344042016109806,1.2811063453924725,1.1104396243496657,158,109.224,109.912
0.04348796681536299,0.04799996464799036,0.30535233714081067,5.139119823233355,1.2065072161345196,1.014621322094705,0.23319912247979574,0.2840955529224636,0.8221202781771707,0.07390757237896199,4.799275780746057,0.13689986971959314,0.35999999999999943,0.35999999999999943,1.751436793982002,0.14399999999999125,0.695999999999998,0.9915219932273983,-1.0117399559882434,-0.528370496323488,-0.010794605908843428,-0.010487186493741231,8.080480083086925,0.8533481803047861,159,109.912,110.608
0.03879616726042709,0.039999998502963756,0.3046774559850815,5.160283825632422,1.1940533904559034,1.0308913141380327,0.23190977679280267,0.22742347291032053,0.8691969319089885,0.07523654865611586,4.691956698978798,0.10776866590495505,0.32800000000000296,0.32800000000000296,1.665829585956295,0.14399999999999125,0.6880000000000024,0.9907721522499052,-0.9851957636920197,-0.5202774053459567,-0.0414283711318399,0.02335059038121095,-3.036544585262565,0.8533481803047861,160,110.608,111.296
0.04582284227459401,0.04799999903546775,0.32000347277290364,5.161365084494335,1.4352538934312604,1.1414941803183367,0.22870403161720523,0.19484942977120628,0.854140328201916,0.07317556705372776,2.260924707183976,0.1183383279754455,0.40799999999998704,0.40799999999998704,1.593893687849751,0.14399999999999125,0.6799999999999926,0.9864972803852778,-0.9850885117569317,-0.5104143653944809,-0.11191182434765941,0.0882377386972831,-0.5227799209999926,0.9716346713059569,161,111.296,111.976
0.03924616869198392,0.04000000014199283,0.3180582213087364,4.4266060882376115,1.1359999726716403,0.9078715566630116,0.2583297060152079,0.25297584665844225,0.8537263729249089,0.0773923295703123,4.842181794927408,0.15540122625634292,0.3760000000000048,0.3760000000000048,1.5350176293329614,0.14400000000000546,0.6880000000000024,0.988416690532007,-0.8504649925224427,-0.4616251436884888,-0.02307014688489815,0.0031031531359739127,-27.448836678864662,1.3616686506681064,162,111.976,112.664
0.044254553432052236,0.047999988871760955,0.31749643389608917,4.447633930995259,1.1102735170337337,0.9138929094241272,0.24406522647059892,0.2864656865268906,0.7870474605092384,0.07428687079582957,4.86530341280504,0.15249378815904055,0.367999999999995,0.367999999999995,1.5674728292222713,0.15200000000000102,0.6880000000000024,0.9912112221455257,-0.8139048060140356,-0.459260633500665,-0.008299282002384488,-0.011782688755237847,6.953882926055786,1.289365498708691,163,112.664,113.352
0.04532315275537734,0.04799997863835932,0.3059158570981628,4.623097359089147,1.1244179458734878,0.9187606158604575,0.24334942464028192,0.27515413709404873,0.7825302463742115,0.07797017097098186,3.6102846123799504,0.1710545387255726,0.35999999999999943,0.35999999999999943,1.552620924936081,0.15200000000000102,0.695999999999998,0.9905926243172253,-0.8269631318630013,-0.4658917198848882,-0.008373528573790014,-0.010906357421100316,7.727055937280096,1.1398127798331783,164,113.352,114.048
0.04377851578588617,0.047999976908103835,0.3059811686790634,4.118148912670988,0.9753648490900209,0.9077889503442392,0.22491552064433493,0.25654664579653125,0.8127723433851198,0.0702414383789898,4.6839817717103225,0.14678863598688294,0.35200000000000387,0.35200000000000387,1.4205367200153454,0.14399999999999125,0.6880000000000024,0.991425095144102,-0.643322029700053,-0.4230128037494522,-0.022225285993864075,0.01465540878112271,-3.782380080838647,1.1398127798331783,165,114.048,114.736
0.047851601709890536,0.04799999188132722,0.3148661574206488,4.472070094324855,1.1195362468862886,0.9575451164305842,0.23894357286629778,0.23372411908874222,0.8428230601742194,0.07907904846374984,4.887552670849336,0.1270012867608083,0.3439999999999941,0.3439999999999941,1.3865946741170943,0.1599999999999966,0.6799999999999926,0.9891586936384938,-0.7237709640558823,-0.424256890220776,-0.03449396062404049,0.01801330989211239,-3.773452086564745,1.0254345673162992,166,114.736,115.416
0.04757412189759775,0.04799997894423196,0.3382118233487799,4.386922191779454,1.161648067352554,0.912645856852292,0.2438867707784595,0.26964171375959956,0.7627748222861728,0.07518150929913495,5.28362801511981,0.09701287091853492,0.38400000000000034,0.38400000000000034,1.4774816029357483,0.15200000000000102,0.6880000000000024,0.9898293620847713,-0.7771051395445627,-0.4447387462310565,-0.016722837135897336,-0.007507102743486599,11.226223315279656,1.3030444734037159,167,115.416,116.104
0.04671612567494921,0.0479999934128649,0.32028012573783876,4.738087055220516,1.1421093123054364,0.8931275345036098,0.2391363915647697,0.2488654060834456,0.8841911528398579,0.07552522280720135,4.8198178813227575,0.1293227839561461,0.35200000000000387,0.35200000000000387,1.5709511641137917,0.15200000000000102,0.6880000000000024,0.9912231115944186,-0.870409339927844,-0.4752120529347744,-0.02405568781882104,0.0036778506525478693,-21.849722170404085,1.3030444734037159,168,116.104,116.792
0.04526827149336785,0.047999982685164644,0.30838205456524054,5.055724570667472,1.1309230858994632,1.1060278062753288,0.22171573665486585,0.28557083400293093,0.8826092068163505,0.07575623286927172,8.390895209348539,0.16459945159013745,0.23199999999999932,0.23199999999999932,1.6157570476777634,0.14400000000000546,0.6880000000000024,0.9914273507927512,-0.8537449606889779,-0.48546142982167717,-0.025676863844868374,0.011845661669337489,-5.5820126223190805,1.278617732876886,169,116.792,117.48
0.04714161090096931,0.04800000181714857,0.3123058556640508,4.055511103796772,1.0505607547399183,0.913313739873999,0.22064064326597496,0.31262346961779774,0.7069660944454275,0.06625264076999922,4.859233977276511,0.1091226607154074,0.35199999999998965,0.35199999999998965,1.5017943335641029,0.14399999999999125,0.6799999999999926,0.9874919671837663,-0.6413817734914862,-0.41878398120916605,-0.006378937917905896,-0.01275813762485439,5.097481531875293,1.233611463456203,170,117.48,118.16
0.04699264030679176,0.04799999857892896,0.316709021514699,5.0305751249234865,1.2097894744743474,1.0263772099215929,0.2353753159083997,0.2419802138017001,0.9469279119440562,0.07933783510481776,4.799810530331746,0.15959316537167903,0.35999999999999943,0.35999999999999943,1.5730877810215178,0.15200000000000102,0.6800000000000068,0.9887611747480226,-0.886635369048044,-0.47340138580889685,-0.045150177092400136,0.025526650906969168,-2.773494707177654,1.233611463456203,171,118.16,118.84
0.04381581215176431,0.047999996672960954,0.3206046470823232,4.640831214017844,1.1617709812501213,0.9311803577075015,0.24350188292630082,0.27827766282893723,0.7614303483341962,0.07367041032481668,4.8156011469755065,0.1399485142281232,0.35999999999999943,0.35999999999999943,1.6361875990801258,0.15200000000000102,0.6799999999999926,0.9915212479023567,-0.8868026871661633,-0.4745664428653305,-0.009099830665188297,-0.01318807807671287,6.506859880255754,1.3196546569619598,172,118.84,119.52
0.04310946576141697,0.047999952824051915,0.30815394270085383,4.98875138495443,1.2044914008535275,1.0209430207276387,0.255565223125414,0.2432022900908479,0.7456597834522809,0.0769518390779172,4.887143577576216,0.14054871988496612,0.3680000000000092,0.3680000000000092,1.7027508664357507,0.15200000000000102,0.6800000000000068,0.9931543362024532,-1.0570564897969739,-0.5059516423783899,-0.015155061495255048,-0.009142570696238302,10.05770055363814,1.0430218204956168,173,119.52,120.2
0.0459881564189727,0.04799996160969395,0.3210031802736522,4.5584044066720395,1.1523821894725539,0.8648996278267724,0.24876910512537534,0.28357231242747,0.6873082119605497,0.07417886067825517,4.890722155180734,0.11176345100743161,0.367999999999995,0.367999999999995,1.6191910715939957,0.15200000000000102,0.671999999999997,0.9933825251411411,-0.8732387881397233,-0.4576999109761179,0.007147731513197052,-0.03298449066978564,2.852605878905519,1.205276444445081,174,120.2,120.872
0.04546689926554847,0.04799999250012334,0.3097498349654689,4.342228351061138,1.074841127916088,0.9382177395413123,0.2255091592706348,0.26670350162548,0.8023330679611224,0.07093622286044379,4.766743027800562,0.13520502565537065,0.35200000000000387,0.35200000000000387,1.484298380821389,0.14400000000000546,0.671999999999997,0.9903242052165026,-0.7029232053729655,-0.429538667500042,-0.021458764448131516,0.008324688609868926,-7.41676061446131,1.205276444445081,175,120.872,121.544
0.04448442295676037,0.0480000006073491,0.32035698890887415,4.56875111131519,1.2282838138702163,1.0568317403547518,0.2444797609448731,0.23013826462548373,0.8134123087137382,0.07369424609772342,4.920699711166764,0.12511153223820007,0.40800000000000125,0.40800000000000125,1.5403188189735098,0.14400000000000546,0.671999999999997,0.9896792724305402,-0.8594693644991737,-0.45954890244234686,-0.046843607313814116,0.024428554995508334,-2.9204289202183666,1.1720560773285928,176,121.544,122.216
0.04594164908273736,0.04799999734046188,0.3121743893852491,4.4391045851335535,1.0907574719731208,0.9616022989645463,0.21654469612896865,0.27607464784876995,0.8048789166163343,0.07019432331633997,4.744065807581281,0.12534347696000045,0.35200000000000387,0.35200000000000387,1.4933681733944737,0.14400000000000546,0.6720000000000113,0.9913713642098324,-0.688782947680685,-0.4311715204733648,-0.02425824495352898,0.013213213319683505,-4.2542054253075445,1.2570611343619593,177,122.216,122.888
0.04182756654752543,0.14594905266203848,0.2986044750942867,14.649224984079032,2.9298449968875797,0.9714613611407728,0.23015546089636585,0.18954600226976778,2.639999999999986,0.164471855361429,0.9433158220421811,0.1029831491002288,0.21599999999999397,0.21599999999999397,1.46492249844379,0.14399999999999125,0.6559999999999917,0.99522352318179,-0.8214464065732857,-0.3490369761004264,-0.04161322290295124,-0.04329279440227943,3.0139718089208607,1.328448283551618,178,122.888,123.544
0.04626202315666699,0.04799997258472266,0.32369123209058104,4.269066255224657,1.228787872770413,0.9267215512306783,0.2580113003092604,0.3056860762617719,0.6450425975882169,0.0703925340891406,4.930784770856046,0.12412664538626819,0.3920000000000101,0.3920000000000101,1.6383609292598798,0.15200000000000102,0.6560000000000059,0.9884636857321144,-0.8504145278505483,-0.43425317846250355,0.009654680953128308,-0.03581833854312661,2.6186882149992035,1.2570611343619595,179,123.544,124.2
0.044722609519414126,0.047999978312158006,0.3203247843428739,4.72659817780895,1.1508257814041296,0.980759658849895,0.23433965798873435,0.25858809514830866,0.8041013547625483,0.073467075033698,4.743621431332825,0.1427549514522655,0.367999999999995,0.367999999999995,1.5867720543197121,0.14399999999999125,0.6799999999999926,0.9932021049667915,-0.8608635365321344,-0.47381898815785106,-0.027434617101359048,0.009214972158405289,-7.912117608943526,1.2570611343619595,180,124.2,124.88
0.05300208217759482,0.055999998053623525,0.31574728323464907,4.0978028251687055,0.9862164860174248,0.842546096955419,0.2086437338903449,0.25609451858717946,0.7865511553002348,0.06465416486488593,4.260906450041133,0.10272761991102722,0.23199999999999932,0.23199999999999932,1.4410874496128956,0.15200000000000102,0.6640000000000015,0.990198958956841,-0.6001270001363064,-0.39912277452571215,-0.020139939121516678,0.009930554380461814,-4.998128387567043,1.0723339091278117,181,124.88,125.544
0.06167286655025277,0.06399999747544284,0.32512386857867104,5.118988330319682,1.232288940180646,1.0587865621168033,0.2214267020439875,0.2520700087585273,1.0541040388717768,0.08150146382767402,5.750455608793866,0.13734280763181214,0.27200000000000557,0.27200000000000557,1.452199473212287,0.16800000000000637,0.695999999999998,0.9910984604077888,-0.7790633662784519,-0.45029755104364,-0.04546227987578132,0.027123703402635674,-2.3726606086722186,1.308906891130155,182,125.544,126.24
0.03925949427094254,0.03999999144017825,0.32396530518593664,4.43062860980451,1.1671012245579433,0.8984480932628329,0.25725708119663937,0.2553304759971797,0.7853842602523856,0.07791467676501886,4.997491364476342,0.13648941365663844,0.3760000000000048,0.3760000000000048,1.503060710518,0.14400000000000546,0.6800000000000068,0.9901703858330646,-0.8335443676891323,-0.45132279110788814,-0.01642009411575686,-0.006474565853225495,14.14855248194914,1.301090334161569,183,126.24,126.92
0.044919530777309584,0.047999991662785194,0.3165493037046731,4.633042565106442,1.0912013613409597,0.7900641476372512,0.23979880980999146,0.2633019165482444,0.8235404361035555,0.0785982368159949,4.815649436318066,0.08173412431397906,0.35200000000000387,0.35200000000000387,1.50077673988092,0.15200000000000102,0.6880000000000024,0.990424414383471,-0.7952898074129567,-0.4537203699518557,0.004105203008462212,-0.03125842636322042,2.9464602469094596,1.0098014533791286,184,126.92,127.608
0.04508757537437893,0.04799998682557023,0.29841402422166413,5.034949982107771,1.1371193370763855,1.0732121061925324,0.21295112751359382,0.2176133695588537,0.9233304462630496,0.07172328193123438,4.773737063592844,0.1289271896658155,0.35999999999999943,0.35999999999999943,1.5775739315136061,0.14399999999999125,0.6879999999999882,0.9919881180322533,-0.8402459209607823,-0.4900751814503421,-0.050506080525067415,0.04256121183955947,-1.221254157960081,1.0098014533791286,185,127.608,128.296
0.04546740810359707,0.04799999994275941,0.29724277474355715,4.632853386815174,1.041116833795519,0.9434852731867134,0.20687300787081733,0.21080187311927095,0.89468723369706,0.06847225802780946,4.427974055721321,0.09726885063950434,0.3120000000000118,0.3120000000000118,1.4915892891806233,0.14400000000000546,0.671999999999997,0.9895347531043684,-0.7077438872961104,-0.44461913141951603,-0.0379455106350451,0.030984293877648405,-1.527920027002769,0.9667493232005917,186,128.296,128.968
0.045614544754332506,0.04799999243854169,0.3086436978902381,4.615073179389758,1.2692063867474472,1.1739000292648574,0.2324039629760845,0.27068482445984354,0.913107290826304,0.06862775438195438,4.2217116593192925,0.16844041820383002,0.23199999999999932,0.23199999999999932,1.6392506360750165,0.14400000000000546,0.6800000000000068,0.9905540349571887,-0.8768877428805695,-0.48151668410670817,-0.047488121941415336,0.03638911216185019,-1.5438459918653258,1.156422963391422,187,128.968,129.648
0.03911861922029346,0.03999997668768433,0.31203960413369203,5.011511968264556,1.2792633749144418,1.0360895093150877,0.24917082850762814,0.2504360346207972,0.7933806884594836,0.07681620229259586,4.851238575713814,0.13595325406314201,0.36000000000001364,0.36000000000001364,1.6938024457941963,0.14400000000000546,0.671999999999997,0.9892285352142499,-1.0206268789109256,-0.5005419348858502,-0.02646548029310738,0.00170069703866441,-52.80173404027539,1.2531528558776661,188,129.648,130.32
0.0466271009532682,0.04799999633160981,0.31616792625002693,4.810597524216819,1.2357259489837866,1.0219865821654477,0.24192807277307596,0.2531129294974047,0.815208897230413,0.0729675284223366,4.8236324604944825,0.14132771082392903,0.36000000000001364,0.36000000000001364,1.6784462412673062,0.15200000000001523,0.6800000000000068,0.9899421402833452,-0.9507568175383961,-0.4898542077290659,-0.025775980950312534,0.0022975619511748824,-36.92049060517491,1.2297031849719104,189,130.32,131.0
0.04582883368120725,0.0479999967495537,0.30890530009169165,5.39065654180956,1.5353669536619714,0.9220807394184793,0.2509386203460699,0.22525158921886534,0.8849413095948652,0.07897564276307786,2.2695363623326403,0.09341405401298092,0.35200000000000387,0.35200000000000387,1.7002240744807433,0.1519999999999868,0.6879999999999882,0.9911479932445685,-1.1617704690452286,-0.5366114056756646,-0.031236021857876835,-0.001894251278546739,56.572933276784205,0.8944461712411761,190,131.0,131.688
0.04698182973502896,0.04799999782003739,0.30620574164714826,5.451063139794254,1.2443750070193642,1.0808761478956161,0.21686077815413615,0.2212181650445379,0.9294306614625631,0.07544461212392987,4.77373893449236,0.11205509320665784,0.33600000000001273,0.33600000000001273,1.6417110735897846,0.15200000000001523,0.6800000000000068,0.9913213106549893,-0.9486999525466073,-0.5077800017608947,-0.05281890980260146,0.03407576985062463,-1.8777492225513217,0.8944461712411761,191,131.688,132.368
0.05209697342948145,0.05599999954694176,0.30790157957503583,5.773783082209266,1.1583998561024524,0.8991914560850689,0.19482731144665158,0.24832439616598131,1.3434615035448998,0.07349810269944206,4.7626435012642805,0.09044629322463874,0.22400000000001796,0.22400000000001796,1.6850701433163167,0.15200000000001523,0.6800000000000068,0.9917195045856021,-0.8736895599542358,-0.5002633377377852,-0.03707044665523148,0.027234171717601875,-1.8263368726149842,1.0264116369373721,192,132.368,133.048
0.045544244979207685,0.04800000018708717,0.32269435135061875,5.020671582101446,1.2262421208752503,0.9590223384372064,0.24313177665398966,0.26567324679534804,0.8437299848002086,0.07804019007952342,4.791835011466706,0.1292860153522504,0.3760000000000048,0.3760000000000048,1.6565629845965744,0.15200000000001523,0.6879999999999882,0.9918161276247237,-0.9668358812383664,-0.4971509057142908,-0.020312166609221145,-0.0030861293724399664,28.26519917079414,1.2042993748240076,194,133.72,134.408
0.038809221580335854,0.03999999356198217,0.3080738730306205,4.521470597646341,1.1262836897571509,0.9127395930680758,0.240924817975445,0.2464526963083691,0.8076011050490367,0.07354037535074207,4.7466138610949695,0.12062807921654448,0.3440000000000225,0.3440000000000225,1.5548399274256448,0.14400000000000546,0.6800000000000068,0.9910922984074554,-0.8312016567598488,-0.4664618986126914,-0.020171816509889896,0.0013959864853009835,-56.69527235685858,1.2042993748240076,195,134.408,135.088
0.04454924699687084,0.04799997058663255,0.32042719790762636,4.530472502405663,1.1552013018808491,0.9283685328188608,0.23542333420190978,0.30248103786569613,0.6707502391731215,0.07169988540080129,5.078358001466167,0.08692674920582531,0.367999999999995,0.367999999999995,1.6088190008271381,0.15200000000001523,0.6880000000000166,0.9910982102891835,-0.8260508653755665,-0.4702997964534764,0.009381921821833748,-0.04078044569469891,2.315045938198659,0.7878845156928829,196,135.088,135.776
0.04705477456171762,0.04799999604623749,0.30954651695024876,4.476808214192264,1.1481840522071132,0.946664690783162,0.21291571210101257,0.2829332434274187,0.6763249768241776,0.06645783385747947,4.8131441240386845,0.10351385998659474,0.35199999999997544,0.35199999999997544,1.5782490485975535,0.1519999999999868,0.6479999999999961,0.9869579643245796,-0.7161102344553402,-0.426779041002493,-0.006879935230842995,-0.015024502167117579,4.741692254456948,1.3675310683945456,197,135.776,136.424
0.07970676500905663,0.07999999421624984,0.3474483998452726,5.106119731964611,1.226254872842637,1.0709756877177485,0.22085998335588247,0.2743924480218444,0.9283644906865193,0.07515745755516921,5.633472253697405,0.1449075557613295,0.2639999999999816,0.2639999999999816,1.6354472821882302,0.1839999999999975,0.7119999999999891,0.990414846057645,-0.8654801780122774,-0.472666147083459,-0.03307962492978875,0.010070836621802153,-7.194376474269745,1.3675310683945456,198,136.424,137.136
0.03536834487226277,0.14545811149472024,0.31352027100536795,17.504799038838268,3.5009599001127882,2.5669734586200113,0.2412752153696723,0.22491258641045267,1.0560000000000966,0.17338461884366693,0.967616620460897,0.35200000000003223,0.5039999999999907,0.5039999999999907,1.7504799500563943,0.14400000000000546,0.6800000000000068,0.9962643099502397,-1.195393021928081,-0.43639422023781715,-0.11965365086407259,-0.018412215203087202,7.7711988908319976,1.3733934861209847,199,137.136,137.816
0.04672171108312405,0.047999999325795656,0.31873251630859684,4.0739561801226,1.0232916911707364,0.8686336900718321,0.23506649127856064,0.2709900875186883,0.8501562459963348,0.07314839053023378,4.862821331248342,0.14731875005487505,0.3599999999999852,0.3599999999999852,1.4083844903082225,0.14400000000000546,0.695999999999998,0.989421085230126,-0.6522387847365287,-0.4204732898306034,-0.01873625911450767,0.005332436403369355,-12.703553107722712,1.3733934861209847,200,137.816,138.512
0.03798668204649464,0.03999999900909612,0.30510531234168164,3.9866577164292463,0.9598625988033311,0.855816159432101,0.22806838943740546,0.26855204760219786,0.7654181111916888,0.07118477442524679,4.659038403263415,0.1287011604619158,0.3439999999999941,0.3439999999999941,1.3927632773093503,0.13599999999999568,0.6879999999999882,0.9903864975155559,-0.6110773151783586,-0.4145596194751402,-0.014849343229369174,0.004145019796425004,-14.688933032135264,1.3616686506681064,201,138.512,139.2
