t0,t1,t2,a0,a1,a2,b0,b1,b2,c0,c1,c2,dicnotch,winSys,maxAmpl,sysTime,duration,R2_of_fit,Es,As,Ed,Ad,td,fd,pulse_index,start_time,end_time
0.014001294610588685,0.015999850957254043,0.1644972139614046,5.160811460195221,1.3987666507788281,0.8663229110479336,0.461432025089334,0.5207616779683241,0.3555663624534552,0.21428629500913698,7.4688210442523255,0.07379187354283039,0.41600000000000004,0.41600000000000004,1.3666892880249781,0.2640000000000001,0.8079999999999999,0.9988329492616743,-0.5269384884794779,-0.23295625619449603,0.3771487665795198,-0.366912524997139,1.0066596019131557,1.2482675077723004,0,0.84,1.648
0.021866871395468244,0.023999838678649302,0.15329671422248692,4.805612015616684,1.196155758711062,0.8317904146687252,0.37531343318104604,0.5944273284053426,0.5432823021750407,0.1864238488368539,14.389917804313807,0.09568133871113413,0.3760000000000001,0.3760000000000001,1.2639269413786403,0.264,0.8,0.9978635961200999,-0.4503808176715679,-0.2703231403787541,0.19372091736828556,-0.29536741329309474,0.9102268676706964,1.2267719761086908,1,1.648,2.448
0.027012307629926097,0.03199980070379966,0.16459641103511707,6.742151803522198,1.3119509825706182,1.8226729534623045,0.37317549774865105,0.6655922972621848,0.2797256291135993,0.21696539320963357,10.221169169715159,0.12030035970045186,0.4159999999999999,0.4159999999999999,1.4821010244934594,0.29600000000000026,0.8239999999999998,0.9991751364829758,-0.5332306749341943,-0.27766344859784325,0.2755629691665067,-0.38657565687487916,0.888782475056528,1.4633449581110338,2,2.448,3.272
0.02322262089824179,0.023999845389832908,0.16272681046403062,4.979934098794069,1.3589779991877278,0.8922882459913621,0.44420774759351433,0.5394571154702176,0.2918707568852681,0.20884099908166082,9.91499848509806,0.07841395935172323,0.3600000000000003,0.3600000000000003,1.2769914224774734,0.27200000000000024,0.7680000000000002,0.9977498094847732,-0.4144826329064435,-0.18068365714893803,0.35822060620795415,-0.35183637300976384,0.9471296834501783,1.3782788342263506,3,3.272,4.04
0.03595284701753675,0.039999983629351726,0.8372928029842698,4.823160138167399,1.103722605488884,0.3970156673458975,0.442258233264726,0.4998587489483,0.3250619785572042,0.1841527758073861,13.329578199612907,0.5148781534852764,0.4240000000000004,0.4240000000000004,1.1870865166470885,0.24800000000000022,0.8239999999999998,0.9774353087226515,-0.6475461045021439,-0.2842632150835554,0.29248883571039036,-0.2644067998603099,1.2718430450741194,1.134927431727812,4,4.04,4.864
0.04950051325939357,0.05599999926420416,0.4168692232243663,7.1772973776788085,1.9118566949589304,1.4026179490352915,0.6137715564607857,0.6750080517796424,0.21647148520122586,0.26880601190864034,9.295043159648099,0.582493909100369,0.5280000000000005,0.5280000000000005,1.470772828231454,0.3120000000000003,0.8239999999999998,0.9939498257928232,-0.3011589504006498,0.0060114864228370465,1.3673766748806468,-0.6578532420385884,1.0896467626602886,1.4056978504677164,5,4.864,5.688
0.029278930663391003,0.031999887079736514,0.1569686389280739,5.997990505082248,1.1422876164717888,1.2826574026019877,0.3376954216681448,0.31796894774500123,0.5765225487571302,0.18231787959915124,7.153297971425695,0.09641666828631555,0.4240000000000004,0.4240000000000004,1.466419149131558,0.27200000000000024,0.8159999999999998,0.9974889375473172,-0.5811048375558084,-0.33851331624013714,0.16880874424249187,-0.2879413832619196,0.9275388234886118,1.4447806353106434,6,5.688,6.504
0.021182988123390943,0.023999982206408463,0.15744772828610082,6.80965798743829,2.0951221529221784,0.8327626772968804,0.5305447300092706,0.5468651925365764,0.4882598608593053,0.25504826746855475,15.9675128897461,0.10402540106811978,0.4640000000000004,0.4640000000000004,1.3523506150884113,0.30400000000000027,0.8080000000000007,0.9969798410437125,-0.529440886635455,-0.13846905361937523,0.8787652293537845,-0.5143929961135528,1.0827790206906427,1.0733109787488846,7,6.504,7.312
0.03489089811057775,0.04000000492482168,0.37164230462845,6.5597907004893745,1.8570536545866396,1.1349198818279334,0.6235231997384022,0.6460996403735891,0.21512205537008083,0.26046198548287736,10.745525658816394,0.5913457599309119,0.4639999999999995,0.4639999999999995,1.4126657609690985,0.26399999999999935,0.8079999999999989,0.9858083904354981,-0.33517212084044384,-0.024124567268099882,1.164769345167693,-0.5773948079976856,1.1149494313569988,1.2179783495190324,8,7.312,8.12
0.053788179616154466,0.0559999843159247,0.6728610548663103,7.880555213697779,2.0255392146360007,0.28235967242640336,0.46555367930203023,0.5781459127230769,0.2836987583966327,0.21842990137240684,10.96300812032296,0.2445053958053416,0.5040000000000013,0.5040000000000013,1.5476125526981557,0.28000000000000114,0.8240000000000016,0.9724975892574609,-1.0024487595027631,-0.2460335436286526,0.8296323915372283,-0.46253542562149935,1.2172150824052312,1.3909807393003013,9,8.12,8.944
0.02080073182814954,0.023999978598098982,0.14776484899469317,4.95196451961059,1.5903958969215362,1.7664311901361751,0.4858366900630483,0.8729282221371535,0.18748494788173248,0.22573965923250464,14.689032942404857,0.10966013314533822,0.3999999999999986,0.3999999999999986,1.3218409494047738,0.26399999999999935,0.8079999999999998,0.997555369124067,-0.4213853542805594,-0.17701663217955627,0.3877382040618273,-0.39289579175254585,0.956358416407229,1.2150471406558125,10,8.944,9.752
0.027593545373498615,0.03199988050461127,0.3326592774541485,8.549002944039758,2.357060030919367,2.0384708177516937,0.6754449318942803,0.7824624357408896,0.29857455600916744,0.3361464841430961,13.406189664243492,0.6079967112210933,0.5039999999999996,0.5039999999999996,1.278299939264611,0.26399999999999935,0.8079999999999998,0.993007226544819,0.17001992954852418,0.13359824671761134,1.706261056861897,-0.7049725452958006,1.1039213375165464,1.2130930014136663,11,9.752,10.56
0.026270998430335358,0.03199997469431057,0.16277833653314308,6.693228475297956,1.9154461574350887,0.998610848325028,0.4921469325548054,0.5705563888025493,0.32342699248179374,0.2353676207177228,7.746867287849864,0.07395497289196502,0.4239999999999995,0.4239999999999995,1.6249842970578532,0.27999999999999936,0.815999999999999,0.9984930450358767,-0.6704736715807197,-0.20474511525164174,0.7089517414417207,-0.5033947068211557,1.0158647367228728,1.4320787302366917,12,10.56,11.376
0.04208380999403976,0.04800000350196322,0.3538304632581736,6.397987624285155,1.824101844733607,1.3523838507261634,0.6142428311024999,0.7216675188197426,0.22860004992289643,0.2594257259458531,11.977419926389913,0.5846488732125298,0.5200000000000014,0.5200000000000014,1.4023141603467402,0.27200000000000024,0.8160000000000007,0.9893067826998176,-0.324556509732522,-0.022736115431133005,1.120581641744587,-0.5784494893738972,1.1084240735399076,1.3313794924148372,13,11.376,12.192
0.038722697542588176,0.03999998931081814,0.0033252103557579594,5.460132204994088,1.1316735187140725,0.5252749664179246,0.3885703858270513,0.5188872831604264,0.4750897257623184,0.1963884296397242,10.77628070758721,0.16131244232531908,0.3439999999999994,0.3439999999999994,1.2500963970889163,0.23199999999999932,0.8000000000000007,0.984809103696425,-0.5026582896729548,-0.24718250491999155,0.2571889658976348,-0.29868094003067835,0.9967395557996599,1.0987147888967876,14,12.192,12.992
0.051275660868397174,0.05600002912420752,1.0481367361398328,6.516026866200906,2.0028209576532974,0.0108308552229609,0.4921760735530161,0.5866960798380829,0.3462901041596069,0.18810852260617483,9.83625166029625,0.32020691268657614,0.4399999999999995,0.4399999999999995,1.6763487036763705,0.27999999999999936,0.815999999999999,0.9703933953122016,-1.1509159395650128,-0.2911758131287966,0.7937689179398304,-0.4538424225952363,1.1936426228287034,1.3294253531726916,15,12.992,13.808
0.03603101393359666,0.03999992507422387,0.3458856874050419,7.145504913138485,1.9139271217588436,1.5161774472815668,0.614902383065845,0.6204375250080841,0.21277008346177048,0.24784702820546747,8.073750578822539,0.5868753526041369,0.49600000000000044,0.49600000000000044,1.6617200301197288,0.27200000000000024,0.8160000000000007,0.9913762216508079,-0.5854709816286268,-0.07372602922268927,1.3550743624669552,-0.6192885181767601,1.1430016450192626,1.305975682266935,16,13.808,14.624
0.03767478741650242,0.04000002014710161,0.34297075733480464,6.0897833085321444,1.9574137240827527,0.05200657818001011,0.5575159763894313,0.5848251944208204,0.35154837092601887,0.21955336524140914,11.412869333719085,0.132070908927097,0.4479999999999986,0.4479999999999986,1.3769061259059727,0.26399999999999935,0.8079999999999998,0.985950053183367,-0.6913269796717258,-0.1569974134994698,0.7603495992356731,-0.4331265124038412,1.2080942598662678,0.9853136460009819,17,14.624,15.432
0.03482974488979937,0.04000001535485131,0.35291502142516396,7.575012692116282,1.8350717315278797,1.1915485221915552,0.5815596435294217,0.6582430944450741,0.22427550465753546,0.26581712888211123,9.470630059312198,0.6959334513438469,0.4640000000000004,0.4640000000000004,1.5306891927791284,0.27200000000000024,0.8160000000000007,0.990085462475105,-0.4795575298164143,-0.06244910136423133,1.217683533542449,-0.5949789440144115,1.1236274011249687,1.0508383774642018,18,15.432,16.248
0.025719380118033177,0.031999986891254086,0.15288764525879947,6.720669279628403,1.5148367557309277,1.8005432190323292,0.4228349852498768,0.480585844817512,0.30111666402216664,0.21064787700339493,8.785901135324533,0.10988027029818562,0.39199999999999946,0.39199999999999946,1.7508887922312109,0.27199999999999847,0.8239999999999981,0.9985660602510221,-0.8100069065912892,-0.3146599290307293,0.5048406290043508,-0.47102479596708663,0.9513932521140204,1.167170729223227,19,16.248,17.072
0.01907161372939544,0.023999953556329546,0.16107807232494514,7.609569202187476,1.7962127972845392,0.6864607026304825,0.46684374878048834,0.5378917211340916,0.3925590975732183,0.24996470781889035,11.449281523908143,0.05861863321913493,0.3440000000000012,0.3440000000000012,1.489444377172946,0.26399999999999935,0.8079999999999998,0.9971988882668817,-0.6319163215929897,-0.2030777445170004,0.6882635272490968,-0.46818328547399835,1.054977345418128,1.0479071686009824,20,17.072,17.88
0.041918717248457915,0.047999963624693213,0.36402979950023223,6.452101217047277,1.85483893246863,1.0575723872907983,0.592748189755383,0.616729786407667,0.20014644424077083,0.228668178842492,9.258180660589813,0.5500805833992247,0.4480000000000004,0.4480000000000004,1.6029712693549825,0.26399999999999935,0.8160000000000025,0.9865677708053969,-0.6650512903004118,-0.11485784961657884,1.1017804510763185,-0.5578176898424833,1.1421925172621274,1.0811275357174708,21,17.88,18.696
0.058246198063924975,0.06399998346970465,0.7885715313277787,6.831414368548603,1.8010449281723637,0.2763074777493504,0.4674506221348723,0.5125751492668602,0.3228872092680382,0.18084316869715897,12.333302503705163,0.42427573191956053,0.44799999999999685,0.44799999999999685,1.7602434719998241,0.28800000000000026,0.8239999999999981,0.977054348804236,-1.3341597606799818,-0.3428617568393987,0.7765458742026479,-0.4498874586011576,1.210230873410068,1.18964333050791,22,18.696,19.52
0.024755195924531792,0.023999999648542148,0.15193718791257185,5.8672151575697296,1.3652993250614547,0.7299711138408109,0.39070158728640175,0.49174207945982334,0.6068345200246129,0.19921926214689412,5.997865934115852,0.06523175307277154,0.40800000000000125,0.40800000000000125,1.4565170094523947,0.272000000000002,0.815999999999999,0.9984130650013315,-0.6145345859899132,-0.30131193677172086,0.2730392759702148,-0.3256381552241764,0.9867903703290768,0.9882448548642013,23,19.52,20.336
0.03479173327920415,0.04000000541619088,0.3380291173821559,6.7032604278605765,1.7677675816676033,1.4438343266756752,0.6140919158827793,0.6133717778359935,0.23756263122767515,0.24946280579907446,8.449747382038977,0.6328885410663697,0.5040000000000013,0.5040000000000013,1.5414992824099794,0.2640000000000029,0.8240000000000016,0.9898239978028526,-0.5466599522668513,-0.08195061384011032,1.212778723823381,-0.5876136313783253,1.1557395456994477,1.0713568395067385,24,20.336,21.16
0.01905199917828905,0.023999964604547265,0.15369307067067609,6.256803404298051,1.6823194912711226,0.7520448479130342,0.48553295833097926,0.4913611535040594,0.3636398661129079,0.2129750816227511,9.967595865204393,0.05793349893159397,0.3359999999999985,0.3359999999999985,1.6812849730947863,0.26399999999999935,0.815999999999999,0.9980694004174735,-0.8527281897450627,-0.280523888262521,0.6545015213755149,-0.4612599835962677,1.0608007613602968,1.3245400050673255,25,21.16,21.976
0.03425471094617844,0.03999996214445919,0.30805728955509876,6.995542021067713,1.8911437571350707,1.288198791693108,0.6043665294319931,0.6571930659460951,0.2341312495454614,0.2536814661102071,8.901508076206325,0.7044742720262991,0.38400000000000034,0.38400000000000034,1.5315609238458017,0.26399999999999935,0.8079999999999998,0.9909119084987889,-0.47779667405977044,-0.058579198080907835,1.2287322947496215,-0.5855199480719556,1.1337278824298604,1.1847579824025443,26,21.976,22.784
0.02179401928951227,0.023999995306136918,0.15940605442127745,4.6738307396861805,1.0244767280776197,0.4447790267109827,0.4171436228980706,0.49300023517887426,0.3373239678628189,0.17730773913592,12.464969079870118,0.05058357157668965,0.35999999999999943,0.35999999999999943,1.3527814145435983,0.2560000000000002,0.8000000000000007,0.9985612143609425,-0.6034748940761878,-0.2969915650099806,0.24937555936490727,-0.28174078628690924,1.0407394787505617,1.113370833212885,27,22.784,23.584
0.028354493175372246,0.03199988301817432,0.164307621505251,6.53511073993931,1.1500843174863469,1.464366358723027,0.3705342470068135,0.4671776945915582,0.2598801196561353,0.1925415065588864,8.087373403506552,0.0853545573972221,0.3680000000000021,0.3680000000000021,1.6989567513293318,0.28000000000000114,0.815999999999999,0.9982237450341674,-0.7421932848697206,-0.3480285223570745,0.30851399837474347,-0.38207628034592445,0.9175583772703575,1.3362648405202036,28,23.584,24.4
0.03629857240983015,0.03999947744519624,0.822900220122191,8.274440057794884,0.38293931921921587,2.5225729107418937,0.3924977812832951,0.750681620767456,0.31994317491715696,0.21013973245153197,15.191942162113145,0.08590924289029259,0.8000000000000007,0.8000000000000007,1.9003952541190219,0.272000000000002,1.5920000000000023,0.9837153300856439,-1.8475602801293616,-1.2061374623026868,-0.2139983902134207,-0.31447288417202623,1.4344946442863329,0.6489791737548186,29,24.4,25.992
0.03797296929980594,0.0399999304445592,0.17037138514243752,5.934444885185989,1.4907456892520359,1.9330396579085547,0.3594467102152266,0.5165847859906446,0.2966796849072034,0.17500103653351642,5.5062058588187845,0.10825968645902767,0.3999999999999986,0.3999999999999986,1.6796650190950713,0.28800000000000026,0.8000000000000007,0.9917373448016602,-0.7182986603814623,-0.3430402756475588,0.33602923716168487,-0.4155446044929967,0.8731619884981209,2.029312536117672,30,25.992,26.792
0.027024569217755232,0.07999998067268169,0.15491704221475988,4.246770259521001,0.3587851301241124,1.7763739145106734,0.24583214169308268,0.3218880849284022,0.2185105181899481,0.14501801251086605,6.615276710454639,0.08131539669527371,0.3359999999999985,0.3359999999999985,1.2769375947620363,0.2559999999999967,0.791999999999998,0.998428641970827,-0.20863069893176453,-0.2522959622588607,-0.014554615545297253,-0.2318185126980964,0.5842336855399212,1.3328275215831515,31,26.792,27.584
0.04251852719466941,0.04799999101232421,0.4380467969933378,5.489314408980965,1.3899410528355292,0.5002354736876775,0.4680600836393293,0.4798500019681047,0.2800844622824395,0.18354826815894823,7.3532790567584145,0.43082392000571657,0.40800000000000125,0.40800000000000125,1.453564579533758,0.26399999999999935,0.7920000000000016,0.9805899146814567,-0.7961469429912761,-0.25729039642163815,0.4824721783078958,-0.3453541062115949,1.1706600746043332,1.3792559038474232,32,27.584,28.376
0.020294772337321427,0.024000010749787574,0.15276983369682787,3.917002560982676,0.8746950640498505,1.0602447122145913,0.3611787371284584,0.3972860809224239,0.28012686245096713,0.18160574103124158,6.277275134951971,0.09231328556898738,0.3039999999999985,0.3039999999999985,1.0293539781730456,0.24799999999999756,0.7359999999999971,0.9952169606032665,-0.2541421856562119,-0.18080800752332638,0.14162909747847038,-0.2347183278229229,0.8589806322187555,0.7458705219867364,33,28.376,29.112
-0.013260239898101897,0.015999973624316273,0.16423085432567078,4.6080843620849175,1.2523666604045205,0.7715936571122256,0.4323891749046577,0.43666311524908985,0.451026020675594,0.16909278552877302,6.045497911173203,0.08659806439099421,0.360000000000003,0.360000000000003,1.4271548729562538,0.2560000000000002,0.7840000000000025,0.9926642874221149,-0.7449134074101533,-0.36436433720917705,0.2614211129599537,-0.2856200400714653,1.0256255309578444,1.2981591252983502,34,29.112,29.896
0.0445543212725053,0.04799999059024454,0.0019650098559504956,3.4629030859596552,0.6550569400738715,0.05204895708320826,0.34950243757937316,0.4988265075391545,0.43698308270130204,0.15685970860435727,6.250331457533145,0.4119878316788131,0.3520000000000003,0.3520000000000003,0.900650378424626,0.26399999999999935,0.7839999999999989,0.9691563557581838,-0.2946617338034987,-0.22317326794167053,0.07951157515048381,-0.13631670402626253,1.1920884433073624,1.419376825162741,35,29.896,30.68
0.026701824181073974,0.031999983649770775,0.1687416414318814,4.490168324495824,1.4645097385977792,1.2539126499489983,0.43330809370991213,0.47189260038632636,0.40716391593650847,0.19101119050699775,8.61235886358752,0.12928232270632312,0.41600000000000037,0.41600000000000037,1.2123323272942648,0.3279999999999994,0.7839999999999989,0.9925287018083067,-0.45167612746899416,-0.21902934537584123,0.3470598187273807,-0.3435856649296477,0.9856790646558096,1.3294253531726912,36,30.68,31.464
0.018815154236641995,0.023999980702867935,0.1533267958065127,6.463304578221294,0.7706548465551336,2.352115985543275,0.28073847641489524,0.33941006184161165,0.27349833299036763,0.16725292009476114,10.28998331419138,0.09968028626954806,0.360000000000003,0.360000000000003,1.6420835387718802,0.272000000000002,0.7760000000000034,0.9981486108956122,-0.47599435109217947,-0.3390860688989843,0.07147608855543798,-0.3243106124054356,0.6991326609218331,1.6210709384772295,37,31.464,32.24
0.018276391884058083,0.02399994975845069,0.16303921842111535,6.550805488987567,1.8825135013161949,1.010053504307963,0.5353458189449581,0.6103726274371206,0.26147091982201714,0.25573308226022673,7.426892839692594,0.0627716751949486,0.37599999999999767,0.37599999999999767,1.616792609524934,0.28000000000000114,0.8079999999999998,0.9967725960807375,-0.4999218161499866,-0.1364579755946243,0.6638344747011258,-0.4870640484188351,1.002679037877031,1.5767461010068395,38,32.24,33.048
0.0345801851693789,0.039999937091098524,0.3619083252112939,6.317693801404868,1.8680803880921906,0.9276966812077372,0.5512203409371037,0.6021370330164323,0.16881964169443092,0.22730696888397406,8.587897296499328,0.5022632601628919,0.3999999999999986,0.3999999999999986,1.432283298930842,0.24799999999999756,0.7439999999999998,0.982668950353946,-0.4004371316041797,-0.05784623136499337,0.9661361044772624,-0.5044067945247662,1.0270371267521237,1.2082076533083004,39,33.048,33.792
0.02707894258532856,0.03199986363301454,0.1562397173729329,5.914057892317233,1.266462626204767,1.9138261774087288,0.345786786735702,0.5017388582922765,0.3232911436196118,0.1877167628217596,6.135760534798951,0.11221221070595197,0.40800000000000125,0.40800000000000125,1.5781985083230965,0.28000000000000114,0.7920000000000016,0.9988329275497598,-0.5245645443903405,-0.2967205540266517,0.2108558852503663,-0.3673770942624067,0.8139549111140076,1.2404509508037154,40,33.792,34.584
0.021297209855498066,0.023999979408052315,0.15271256726511173,5.850469023576342,1.014345912490709,2.2395233372625936,0.34854021052696943,0.34314005720300494,0.2541025928757643,0.18332375664424186,5.091433539192197,0.09501784843402862,0.35199999999999676,0.35199999999999676,1.6679671035785586,0.27199999999999847,0.7839999999999989,0.9982422597938504,-0.5670333274127001,-0.31207913753454314,0.19729973415127694,-0.35706223599590986,0.8070096583239407,1.3147693088565937,41,34.584,35.368
0.022973302120562287,0.0239999998171411,0.15506254316419804,6.430281148613325,1.4214411308276846,2.110435561889628,0.38295685673005686,0.4905034659152988,0.3093711447178665,0.20712601331417965,8.179783812513202,0.11310993300931514,0.367999999999995,0.367999999999995,1.6367748350341824,0.28000000000000114,0.7999999999999972,0.9987680003725316,-0.5926088478598037,-0.2826726456060204,0.3499040647107407,-0.4315953300685291,0.8653592418750544,1.3421272582466428,42,35.368,36.168
0.019811816939518452,0.023999966855107455,0.15387471649438234,4.671188089682454,0.8232862697941701,1.446882638534549,0.3457410777608028,0.45002887794382473,0.19148190679426463,0.16760758402154594,5.266706612951212,0.08082235398324855,0.32800000000000296,0.32800000000000296,1.385465506834528,0.2560000000000002,0.7760000000000034,0.9985706172542399,-0.4591043708885934,-0.29242369504646915,0.1443181221864422,-0.2639548505924965,0.8547145571001744,0.8601876676522981,43,36.168,36.944
0.0215815156912195,0.02399990161834489,0.16309243511715657,5.891181128285159,1.5015483099459035,1.1457655174306929,0.40028185404272504,0.5341750295564051,0.401527851007265,0.19497450283258577,8.180716107473987,0.06634983025548455,0.35199999999999676,0.35199999999999676,1.6784335255144514,0.27199999999999847,0.7919999999999945,0.9989726307556486,-0.6639640004793654,-0.29637629076027117,0.35981654837855587,-0.4097587081497907,0.8885061774785523,1.200391096339715,44,36.944,37.736
0.05983356465261448,0.06400001319777925,0.9954379020103217,5.973718094706964,1.7606335214935944,0.3188644197910323,0.4892914895723698,0.5021395080941844,0.21109532327596203,0.1890360955452251,8.940588474988123,0.2839824685444929,0.5519999999999996,0.5519999999999996,1.4783116131222511,0.2880000000000038,0.8079999999999998,0.9683647730911308,-0.8741568622207956,-0.22785326176864132,0.6710032887626846,-0.41199448682949424,1.1946896703691172,1.4613908188688873,45,37.736,38.544
0.020323969874463606,0.023999993999215895,0.1639499688639405,4.832802401117868,1.2311745338092237,0.8219849376891226,0.4347978817289876,0.561051571272608,0.31258263741535813,0.20222766614433585,12.814360535428724,0.06067310105097586,0.3440000000000012,0.3440000000000012,1.3761338949720177,0.2640000000000029,0.8000000000000043,0.998851564011905,-0.4782855235754156,-0.2333378159723542,0.32125913253854127,-0.3581117060066681,0.9471763615475095,1.404720780846643,46,38.544,39.344
0.019449475880645415,0.023999991852295215,0.16245773517991505,4.855598273936926,0.9043801359582024,1.4397071819439309,0.35243332986602677,0.4668878280141351,0.26567541076622525,0.1770710513725861,7.234152986692994,0.10301632226548033,0.35199999999999676,0.35199999999999676,1.3361045113184877,0.27199999999999847,0.7999999999999972,0.9979538267500888,-0.4647036468482177,-0.2983416310531636,0.16270633918366387,-0.2869278990471352,0.8791904776362632,1.0527925167063483,47,39.344,40.144
0.052771989582774854,0.055999997406487985,0.8593869401411184,6.305243458620926,2.204351088506497,0.4082489092168315,0.513605547022449,0.607785875554375,0.23578053626050044,0.1757178296878036,9.000942204806847,0.30377985435902194,0.5279999999999987,0.5279999999999987,1.8320472208119074,0.2880000000000038,0.8079999999999998,0.9699725080274518,-1.2829832119830014,-0.2997106402813611,0.8954327142106968,-0.48223069740242264,1.1745499742607344,1.2414280204247883,48,40.144,40.952
0.035918356337757786,0.039999989214310985,0.37199047241074346,8.071649605940948,2.326521745340732,1.475157998516725,0.6230345910955566,0.736773851316827,0.21142671224430196,0.2665869651169081,11.934933415882282,0.5952929002354389,0.5200000000000031,0.5200000000000031,1.7304849833676192,0.2640000000000029,0.8240000000000052,0.98814907954055,-0.5229829796062782,-0.03820533859953762,1.7635260751599402,-0.7244962174747028,1.1261275819417633,1.314769308856594,49,40.952,41.776
0.04616185590471894,0.047999996078710576,0.18332486985109578,6.166163755872819,1.3444091570573538,0.3522693040463267,0.4108436065172352,0.41685917438465775,0.45318404852136474,0.17470308854190986,7.634644904452862,0.40780188776580495,0.3999999999999986,0.3999999999999986,1.4867711219460813,0.2639999999999958,0.7999999999999972,0.9748183336086199,-0.9798824753966326,-0.3445265914587844,0.4013952048000175,-0.2994844520577898,1.2671858514838328,1.21113886217152,50,41.776,42.576
0.033699247278151774,0.0399999217936022,0.38138070572685234,7.822851579993227,2.30773571123014,1.4530260875329926,0.627910243500912,0.7535023108680005,0.22778106820645838,0.2780018223262275,11.97582629944837,0.5651587994740326,0.5279999999999987,0.5279999999999987,1.580866159406691,0.28000000000000114,0.8160000000000025,0.9922805953655225,-0.3318929843501873,-0.0008804715768314809,1.6040977511641277,-0.6914434140466961,1.1071931132441002,1.1759643558128854,51,42.576,43.392
0.03538263761293276,0.04000000007588005,0.36865371890198645,8.221487374830291,1.8032893444515463,1.6389946033401621,0.57222589438189,0.6924670317737837,0.223282545736108,0.27082695196974754,8.893745793240091,0.6543190046738249,0.48799999999999955,0.48799999999999955,1.6565134923441398,0.27199999999999847,0.8159999999999954,0.9914394321594555,-0.5081148480589266,-0.06125174281182106,1.3792957682659057,-0.6504425728411417,1.093375175063458,1.2287261153508373,52,43.392,44.208
0.036016464706510036,0.03999990675825954,0.1775706687028013,4.890974207380423,1.2263948290916742,0.725436403995782,0.42870221608987985,0.5757397094201231,0.23299108011866956,0.1951394695447668,7.197339492942263,0.07820137218535504,0.35999999999999943,0.35999999999999943,1.3036793799789572,0.28000000000000114,0.8160000000000025,0.9968462369024609,-0.5260681083996347,-0.24625742287443605,0.3023944055645328,-0.3222774835964237,1.0332633945521479,1.0889440926860556,53,44.208,45.024
0.028930368717526137,0.03199999680790793,0.3727949884825587,7.971201600815716,1.9277815794903628,1.7980607362144674,0.6134969634087977,0.8195578630725723,0.23375728254983566,0.28373924439515086,9.668259670290567,0.7302005046137874,0.4480000000000004,0.4480000000000004,1.6321433839220096,0.28000000000000114,0.8160000000000025,0.9939773907096313,-0.3514265035663898,-0.016817905219637594,1.5573710488672574,-0.7065056538858291,1.068467975713512,1.3479896759730818,54,45.024,45.84
0.030707512224460984,0.03199996285996848,0.17028642237579233,5.689317551389085,0.9232393434193754,1.7190826176231933,0.35939702329349227,0.4767560719413766,0.23018928084236065,0.1842608934944229,9.846782661976764,0.09185111965940308,0.35199999999999676,0.35199999999999676,1.6052277582341572,0.27999999999999403,0.8239999999999981,0.9981361568460801,-0.6054928845162842,-0.3332178867977219,0.2086477129627902,-0.34470309493956885,0.8795022790113698,1.2492445773933738,55,45.84,46.664
0.029045047438660113,0.031999991526942766,0.15594898904339183,5.580722021518455,1.4086559765224362,0.5001124991781035,0.4655091862043435,0.5052171312130416,0.3695328242942294,0.2094979499576413,12.49123898468471,0.06899935888619683,0.3999999999999986,0.3999999999999986,1.3718887662467434,0.2639999999999958,0.8079999999999998,0.998131869334233,-0.6245010432264924,-0.23317766977968873,0.45949401414060614,-0.37278313043114175,1.0804503599224908,1.058654934432787,56,46.664,47.472
0.05380731096249321,0.056000003645654384,0.8838964154319968,5.858344312559555,1.6875764904832815,0.3737735375861009,0.4911869272614033,0.4956047263191512,0.23439532046263428,0.17561595260024968,8.73154018928981,0.29128141841683375,0.5599999999999952,0.5599999999999952,1.627421440626511,0.2879999999999967,0.8320000000000007,0.9759395218108068,-1.1637884500253683,-0.32919422569496637,0.6421221035189872,-0.3999058948106657,1.262722175167817,1.2668318305726904,57,47.472,48.304
0.05085325280611038,0.05599997952128606,0.04588733815847879,6.7247267939658775,1.604133623170582,0.34883097232145094,0.45371219466104984,0.4678919978966951,0.4062751481394101,0.19082217035853302,8.732674916342589,0.38763005145465795,0.40800000000000125,0.40800000000000125,1.5568060602615963,0.27199999999999847,0.8239999999999981,0.9828147799318344,-1.1130191463673933,-0.3232667621535217,0.5915844349594197,-0.38037793315846946,1.2574545902890915,1.1769414254339585,58,48.304,49.128
0.034959914873274614,0.03999989643837967,0.3538166736435398,5.981545377639693,1.4538896367755554,1.3111978856174407,0.5709334721888844,0.6938429047996854,0.21192402160917267,0.2483484053140004,9.13062223153705,0.6214170175754126,0.4799999999999969,0.4799999999999969,1.3156244492591822,0.2640000000000029,0.7999999999999972,0.9965071549734515,-0.37709817915493693,-0.07037484984410217,0.8479580926929607,-0.5029146784308212,1.077480635165089,1.1925745393711296,59,49.128,49.928
0.04269209439317477,0.047999857803191354,0.3720307477135738,7.3751742020439215,1.8740990640097999,1.3166538533497105,0.625840726841982,0.7052217927502679,0.2234478469846534,0.27737615446127223,12.109487372321402,0.7385797536084542,0.45600000000000307,0.45600000000000307,1.50433471941645,0.2880000000000038,0.8400000000000034,0.9953225059055031,-0.3529719346793736,-0.011202582537878128,1.4368609246538369,-0.6697335757837083,1.1315130925853343,1.3372419101412767,60,49.928,50.768
0.034011798702895356,0.03999999186296999,0.3318570342464986,8.528844895563166,2.4449663522880885,1.9643087053598258,0.6453249638232215,0.7720156442857794,0.27895895623321404,0.28369848397767267,13.461035291907224,0.6702818137850747,0.48799999999999955,0.48799999999999955,1.6962608254715275,0.28000000000000114,0.8239999999999981,0.9931370682972992,-0.33903513339941393,0.01665388318131708,2.036441745756804,-0.7813733161474591,1.1215716562506333,1.2648776913305446,61,50.768,51.592
0.03403682044872484,0.039999939890276316,0.3683850023745751,5.986228183834389,1.4956788416498257,0.8641714251171374,0.5524946370087656,0.5745958085621762,0.19952021721201604,0.2310988334342144,8.733261428689007,0.5435126937174292,0.45600000000000307,0.45600000000000307,1.3876882477803418,0.2560000000000002,0.8160000000000025,0.9909751533261429,-0.5932015818913693,-0.14716661955087704,0.7475847826577751,-0.4518822051542032,1.162969348658685,1.118256181318251,62,51.592,52.408
0.027002218837748823,0.03199995533289606,0.16380634249897094,5.477839648220249,1.0097165749385237,1.3829120062485727,0.365615274403477,0.5895499395347071,0.25210119048650087,0.18592113794110451,13.404864257006137,0.10149265353478838,0.38400000000000034,0.38400000000000034,1.4467214699376147,0.28000000000000114,0.8159999999999954,0.9983695616983694,-0.5660421744322294,-0.31518088323697346,0.21396089505986426,-0.3272925962974399,0.8983750725273477,1.195505748234349,63,52.408,53.224
0.02971213769999357,0.03199988686205522,0.15647124043069152,5.9984691179228244,1.4149739766646,1.2637510237332825,0.4120477551434086,0.624777829493217,0.2864349587958651,0.19691372883318095,7.546214612659857,0.0914124226381657,0.4000000000000057,0.4000000000000057,1.6989560834216064,0.28000000000000114,0.8320000000000007,0.9987245458081704,-0.7657225606833438,-0.3306190908601949,0.3614781772303137,-0.40952697211310873,0.943368535123248,1.2815489417401058,64,53.224,54.056
0.027949101941541,0.031999914648077395,0.33863946324649546,6.669316857090139,1.592355492357092,1.5555053445255531,0.618761132320975,0.6119935658933928,0.2190205614142822,0.2523548071513867,7.624836723810534,0.6787354617559954,0.43200000000000216,0.43200000000000216,1.5746569943078388,0.2640000000000029,0.8160000000000025,0.9936453747125211,-0.5176766225291018,-0.07986318698273699,1.180222658213878,-0.5826024055909274,1.1341568275488068,1.193551608992203,65,54.056,54.872
0.02228255880712427,0.023999963511643713,0.1583855718303844,5.673318162189186,1.2773432066466444,0.31122400122288457,0.4249403316470783,0.4932454019406589,0.22026908762335043,0.19567859530390666,8.998380296902045,0.026716381188128396,0.3200000000000003,0.3200000000000003,1.3384262961223918,0.22399999999999665,0.7680000000000007,0.9986596367061558,-0.6277548779931197,-0.25127485842764696,0.35509597438245577,-0.3055342344151154,1.0770527727692596,1.0488842382220556,66,54.872,55.64
0.03586150597131445,0.039999905533023426,0.1660430472783957,6.8633672712980545,1.0617540681364486,1.9902935700183908,0.33115410047407445,0.47070564707575757,0.2808967200566003,0.18183685542566258,8.119741941547968,0.10711100764462667,0.4159999999999968,0.4159999999999968,1.7413383070949002,0.2959999999999994,0.8320000000000007,0.997658757488537,-0.7346436942542635,-0.39093128924034837,0.22035722920279116,-0.38547559386964736,0.8510644901639113,1.245336298909081,67,55.64,56.472
0.02649487466216706,0.032000017828297714,0.3367531894334098,7.203327684181446,1.6793142753260808,1.4984195810422969,0.5866710972448477,0.6023916234497356,0.21818847012261863,0.24217343525560214,6.926892356032715,0.7058484297067572,0.43200000000000216,0.43200000000000216,1.7037584629547664,0.27199999999999847,0.8159999999999954,0.9945168344738353,-0.7656145198827214,-0.1436046949919052,1.2474214506887953,-0.5957476807320577,1.1403848817714282,1.1828038431603978,68,56.472,57.288
0.03417164781135857,0.03999999036702108,0.3372888864073445,6.053356875442668,1.3496383691672764,0.9681246314322945,0.5141657082609178,0.5124162330986008,0.19343558619450255,0.21588660590871955,7.641592260150633,0.5527123726294172,0.4000000000000057,0.4000000000000057,1.4133649074488879,0.24800000000000466,0.7760000000000034,0.9929941893929414,-0.6032509930434801,-0.15362565024893743,0.6730536361944669,-0.41888645351137627,1.1059605186186112,1.046930098979909,69,57.288,58.064
0.029007967652933727,0.03199994046281017,0.1648138155084924,6.785277638079347,1.4321634630033087,1.8473474841100204,0.40154118361045477,0.5180743133244493,0.2313752717273952,0.18937658582645114,6.709940620214854,0.08758042103194734,0.35999999999999943,0.35999999999999943,2.0059745714694026,0.28000000000000114,0.8320000000000007,0.9969945458382441,-1.0459165085924447,-0.40645787164626146,0.4575047026461816,-0.46339036763286595,0.9427094785830098,1.1368815709699587,70,58.064,58.896
0.026230466959411808,0.031999985870425324,0.1468838770922974,5.2236114510316884,0.9605909627548713,1.220844453158157,0.36836920039670307,0.5243085582723144,0.19745060720547217,0.17231234939803114,5.954127753706068,0.08792735017952977,0.3440000000000012,0.3440000000000012,1.496731745770341,0.2560000000000002,0.7999999999999972,0.9985297368932051,-0.6333124232214945,-0.33412453454718233,0.19197734174716014,-0.28277452330286573,0.9301337625436289,1.0078473141369817,71,58.896,59.696
0.028439185515069083,0.031999979274709586,0.16340450323663994,5.624100310673499,1.1185479993661218,0.8268900852181299,0.39102833683028726,0.5190706390279406,0.25209551445962136,0.18172006585359976,7.550775812083143,0.06538768684080891,0.3359999999999985,0.3359999999999985,1.5843476056042465,0.2560000000000002,0.8079999999999998,0.998952655600024,-0.725603676402951,-0.33502720860310764,0.2752221319713043,-0.3248466218024096,0.9747632518951629,1.0088243837580553,72,59.696,60.504
0.03432876105776423,0.03999995356625325,0.16580361418428688,9.22238652423267,0.8527105698530468,3.0234277604201023,0.3088408502855393,0.39306967150474575,0.18133976034365734,0.18902875106135397,9.481242806302228,0.10640107855154517,0.3760000000000048,0.3760000000000048,1.88364151991128,0.27200000000000557,0.8240000000000052,0.9980192341697894,-0.8977713089711864,-0.43809168133921683,0.21720680340929227,-0.3509491560810142,0.8795812527242941,1.1574000330124952,73,60.504,61.328
0.02659459124261802,0.03199995588474167,0.15576430529171503,5.678030079158032,1.0499991376357376,1.3364572953593894,0.36328842784943066,0.5244401440428839,0.1940734355742904,0.16448635901568293,5.021141894632343,0.07368637216989964,0.3359999999999985,0.3359999999999985,1.7737059399724715,0.2639999999999958,0.8159999999999954,0.9988669551069668,-0.8445037428310775,-0.41239035059175994,0.22315517259999773,-0.3219267672950432,0.9215753347489244,1.0488842382220551,74,61.328,62.144
0.041741286493659324,0.04800002448881968,0.585826893168457,6.417437019158811,1.3319603162586489,0.42237758759701816,0.38541186526053817,0.5071471066150686,0.6906836817127168,0.1694422468127788,11.315096467609399,0.3273646072015505,0.3440000000000012,0.3440000000000012,1.558875292518226,0.240000000000002,0.8079999999999998,0.986059864954096,-1.067176091465769,-0.4052789486226006,0.2863142602740566,-0.2492009998712184,1.3210876711191681,0.9804282978956161,75,62.144,62.952
0.029999385690889637,0.03199992463405953,0.16298880877872363,6.587129210598145,0.9350886221307847,1.8328575413245711,0.3492788151483965,0.4591815390090204,0.2083174231757692,0.17658473391677465,9.064510955589025,0.08195118457393209,0.35999999999999943,0.35999999999999943,1.913933298192572,0.27199999999999847,0.8320000000000007,0.9986101983529492,-0.8717579998254459,-0.4252131516969365,0.23414995863722948,-0.36948257623499436,0.8828689348774785,1.0312969850427383,76,62.952,63.784
0.01880587617219198,0.023999968293571424,0.14026938086537624,7.620307721789642,0.8535321066394693,1.670411643252171,0.31948987571519144,0.4282940507959232,0.23189673257466778,0.18036094446549034,11.477063009351355,0.09860841171379325,0.35199999999999676,0.35199999999999676,1.7761255532353803,0.25600000000000733,0.8079999999999998,0.9985670765437991,-0.8282665564067837,-0.428366685959831,0.195711747255254,-0.3205202267189313,0.8740474069566059,0.870019430714347,77,63.784,64.592
0.02669824020991976,0.0319999775858147,0.14359315882235082,5.525115662901246,0.8750361621051749,0.7491067668584918,0.3488592042170764,0.40900204584253863,0.28972487408040964,0.16601923823287074,7.238139220093882,0.0764346370280424,0.35200000000000387,0.35200000000000387,1.524825025933077,0.24800000000000466,0.7999999999999972,0.9971354573858865,-0.6929584691389209,-0.3691552429809078,0.18598921881722114,-0.26322703296083677,0.9725029501892668,0.8719735699564932,78,64.592,65.392
0.02833866636047926,0.03199999183809367,0.15069580428521956,5.471801415265566,0.8903735673645262,1.2252928616698973,0.35757522669998515,0.42228349153752476,0.27251429208709227,0.1642495537865804,10.739632329589805,0.09251581559339069,0.3680000000000092,0.3680000000000092,1.6675742988439906,0.27200000000000557,0.8160000000000025,0.9981977194477167,-0.7575216058851285,-0.39266833997921335,0.20708145998497898,-0.31127544953736647,0.9192841264166174,0.9481850004002015,79,65.392,66.208
0.026689183561419416,0.031999910968850506,0.15907936825906654,5.382829594863715,0.9953905940170402,1.1156475538789605,0.3711419519543026,0.44847597515676707,0.2159066404144292,0.1624333516971432,12.221400792030161,0.07183160032587815,0.35200000000000387,0.35200000000000387,1.6759511219845642,0.2639999999999958,0.7680000000000007,0.9985551780263227,-0.7435090340830399,-0.34363876279119976,0.2551431501482978,-0.3160924071773942,0.9021365389424113,1.0664714914013724,80,66.208,66.976
0.06860992779839717,0.07199999226139112,0.2150589349789446,5.335082956780449,1.3108052790304066,0.4890577196756181,0.4200967973458046,0.6807073864876592,0.17402532234552814,0.18132589508745958,9.45930986125666,0.05669197651797629,0.3919999999999959,0.3919999999999959,1.4637558367689927,0.2960000000000065,0.8559999999999945,0.9957909258692939,-0.7415541084624807,-0.301092026662219,0.34445598746164535,-0.3468581486746187,1.0978254292654948,1.1016459977600068,81,66.976,67.832
0.03334954214953968,0.03999996984732572,0.17155391323299127,5.3589459135180535,1.127347818998215,0.9349815438746807,0.3905163998300322,0.5135461571089169,0.20869872434531184,0.16887659929631235,5.703612632497444,0.06852575878939084,0.3440000000000083,0.3440000000000083,1.6247119020778704,0.26400000000001,0.8160000000000025,0.9987220145548903,-0.8012098380699297,-0.3675733959681073,0.2716978600522247,-0.3206352242062168,0.9937072550418181,1.2414280204247885,82,67.832,68.648
0.028559199320371324,0.03199979967197916,0.164470618780504,6.670468111427416,0.6637841500361813,2.5896495560669544,0.29258670389526037,0.45443728807935363,0.17215970363062394,0.15702931341724985,6.429920665441888,0.08057132260709038,0.35999999999999943,0.35999999999999943,1.9824985105375261,0.28000000000000114,0.8160000000000025,0.9953362282160414,-0.7474992297178796,-0.44606340660799165,0.08059102607342522,-0.32076927870107025,0.7404346948849179,1.3315029430426546,83,68.648,69.464
0.036241222925617204,0.039999890117844245,0.16443133468181317,5.906408683306691,0.969542058332285,1.0604110370821807,0.36324684233098037,0.4094711528707925,0.21757921836015834,0.17859775244215165,6.262596994590469,0.06906220938315717,0.3440000000000083,0.3440000000000083,1.6026489758253168,0.2639999999999958,0.8160000000000025,0.9980830879114264,-0.7139868589844252,-0.3512074575123168,0.24593567839104394,-0.3124877377239916,0.9768559920210776,1.2062535140661539,84,69.464,70.28
0.02092784024022209,0.02399998742915258,0.14917893985152417,5.675051905171668,1.0790689353464131,0.7412507362257512,0.36888710018444953,0.6938402639134985,0.28346518822005584,0.18894380009958603,10.824375776271609,0.07030477616985811,0.35999999999999943,0.35999999999999943,1.4580226885019816,0.24800000000000466,0.8079999999999927,0.9987467261408352,-0.5900171810390715,-0.31820133501404785,0.2030622257976026,-0.29896209220871495,0.9230480635205772,1.0371594027691773,85,70.28,71.088
0.03906738215599652,0.04000000059391812,0.5287372976853488,5.813796850606736,1.941911703925034,0.25431982245587953,0.5023554617323093,0.5648179502789378,0.27061800808607134,0.16857440519074834,8.916300984870123,0.2876880170909499,0.5040000000000049,0.5040000000000049,1.7427436575795954,0.24800000000000466,0.8000000000000114,0.9797313135938263,-1.235924018899143,-0.3374116509918189,0.7352855606622771,-0.4220751089314661,1.202593509394828,1.1359045013488853,86,71.088,71.888
0.03388124799121843,0.03999997361879368,0.16228758769632223,7.773877271326491,1.203953808339972,1.5200024698929542,0.3648695048620978,0.3820753082518145,0.2374489421067584,0.19452439094351714,4.705985138529713,0.08079843003527881,0.367999999999995,0.367999999999995,1.8615246511243158,0.2879999999999967,0.8239999999999981,0.9986870711670487,-0.9777696683845428,-0.400549253932989,0.3483885910612776,-0.38288589137376366,0.9695684155629904,1.213093001413666,87,71.888,72.712
0.027370223356557682,0.031999956413333544,0.14920858748032,6.85825855105114,1.12372599312947,0.849135334644155,0.2940872256872905,0.47690492418072783,0.7302846705905112,0.1689014141699717,6.33975000111109,0.06263874881422142,0.38400000000000034,0.38400000000000034,1.600483987352008,0.2560000000000002,0.8079999999999927,0.9990499775576716,-0.6292885141662202,-0.39282824118893345,0.11406603287380004,-0.27183919627187225,0.8327412966732335,1.0830816749596166,88,72.712,73.52
0.024441971065328215,0.09150851392160844,0.1455188594201547,14.339104642421889,2.874935306302494,2.874937911914208,0.26092986090481535,0.676478580845994,0.1956563370998449,0.2070323944674941,1.0858159631164137,0.1301048682911872,0.3440000000000083,0.3440000000000083,1.4374689615308505,0.24800000000000466,0.8080000000000069,0.9981869620921545,-0.4941742195709119,-0.3425303544587549,0.1020290610383117,-0.2651172107901651,0.8016860075615774,1.0556277484213412,89,73.52,74.328
0.04617469716802439,0.04799997728140246,0.5474121416945973,6.419050175853413,2.0785704038657924,0.01944687502772987,0.4952933881103371,0.5475781062567685,0.28898214798148547,0.1703115131368174,9.134345154291243,0.27487165165414645,0.5039999999999907,0.5039999999999907,1.8885616156629408,0.27199999999999136,0.8079999999999927,0.975062112917827,-1.4463713318129803,-0.360883142208466,0.8737722301655857,-0.46432823604052637,1.2099237050152716,1.2003910963397146,90,74.328,75.136
0.02892437486079342,0.03199999035587004,0.1562680273811377,6.689078205216445,1.1021498459397951,1.7898502586085607,0.37665708211312804,0.4496017767462358,0.1980247533936653,0.18892497758370308,7.357628253905076,0.07997131290195918,0.35999999999999943,0.35999999999999943,1.8582450822071008,0.27200000000000557,0.8239999999999981,0.9986924643093126,-0.8734471284015606,-0.3836904989855129,0.32328407731805103,-0.39127326587070654,0.928430684736446,1.068425630643519,91,75.136,75.96
0.01872175702284805,0.016000003834031783,0.15814479182386784,6.384921311044325,1.6600994691302489,0.4951030708333665,0.4630382059948407,0.6477154823485358,0.1830081154706423,0.2151874439518138,11.170718273513037,0.03851994176546258,0.3120000000000118,0.3120000000000118,1.5337175310975033,0.2400000000000091,0.8000000000000114,0.998289671299439,-0.7591964093677748,-0.26220222883788435,0.5413685014150116,-0.397022164293841,1.0864757012460868,0.9003085889676157,92,75.96,76.76
0.02589986765280628,0.03199997375391097,0.14982388130033014,5.679345048388131,1.0631839254016775,1.5426966597225154,0.36845663601322,0.4835935519223206,0.20701743229716996,0.1743897419235187,4.1923935357220365,0.08193162542488848,0.3439999999999941,0.3439999999999941,1.7170101028410383,0.2639999999999958,0.8159999999999883,0.9987128363536322,-0.7488591583516054,-0.37475019940552556,0.22014038573994538,-0.3305983621729636,0.9014183424463103,1.1202103205603975,93,76.76,77.576
0.0281835571536736,0.032000012706315785,0.3130908771826148,7.816022746432406,1.8226241858311174,2.0023155099400385,0.6311070809699924,0.6330494266745803,0.22142553634750237,0.26035386048649517,7.488119944250058,0.7351389000323617,0.40800000000000125,0.40800000000000125,1.7959451141367437,0.26400000000001,0.8080000000000069,0.9936018512282067,-0.5308504390343946,-0.04631200289245359,1.6795415385113082,-0.6939709126839574,1.1214361346146502,1.2864342898454713,94,77.576,78.384
0.02685870993400136,0.03199992132092362,0.15628374416127377,5.5932385403444345,1.2729809518907593,0.9595416009678924,0.39427100842901086,0.5554198409957636,0.2651088501462611,0.18471121847845368,5.935333843033488,0.05869060806432711,0.3439999999999941,0.3439999999999941,1.6399500354752792,0.2560000000000002,0.8079999999999927,0.9986914608620407,-0.6998558190874336,-0.3257074070493265,0.30308314381169915,-0.3643458715657297,0.9267799720851799,1.156422963391422,95,78.384,79.192
0.020804945912500383,0.023999927280150147,0.14149607587027596,5.44683032839379,0.9634009223636771,0.8579272334594362,0.36956188043809385,0.4042775152391488,0.34355730503365806,0.18712439924375654,8.94415377177366,0.07889535875138423,0.38400000000000034,0.38400000000000034,1.3693443812842523,0.2400000000000091,0.7920000000000016,0.9983590643439462,-0.5432198475934431,-0.2951845840989069,0.21417901444474707,-0.2888703041843999,0.9439360802866859,0.8934691016201032,96,79.192,79.984
0.02843927438372638,0.03199989335636821,0.16377288637742143,6.7567472755213585,1.2351138863732203,1.297326634179505,0.3900185624100751,0.48947042508914385,0.20939048199536675,0.19232830513860105,8.26111758476347,0.06663779633262643,0.3359999999999985,0.3359999999999985,1.8283546762964682,0.26400000000001,0.8160000000000025,0.9986035086016093,-0.8977216214025291,-0.3675245176660994,0.3845341918942711,-0.39864201633949947,0.9613095618322633,1.0518154470852752,97,79.984,80.8
0.035530173133813014,0.040000003794245356,0.30570500415430973,8.288244450030735,1.9935426514253132,1.3446026732354839,0.5546399415561817,0.5548744650191995,0.21542448300500777,0.22970848188125706,8.304939122730536,0.6252513985173898,0.40800000000000125,0.40800000000000125,1.9100188824765851,0.2560000000000002,0.8080000000000069,0.9907686345601504,-1.09443350377727,-0.1857295199675445,1.4152989386391437,-0.6098830132531273,1.1745058941011124,1.2658547609516182,98,80.8,81.608
0.020715543507142654,0.02399991701142869,0.14167613308527852,5.2388862868023995,0.7208912895614802,1.6595655757392709,0.32904082916132094,0.458534641398842,0.2121358970766776,0.17125168117026895,8.91993487887544,0.08819868430562226,0.3439999999999941,0.3439999999999941,1.507421656439213,0.24799999999999045,0.7920000000000016,0.9991503999081656,-0.4910610860910157,-0.3190632400800233,0.11780745455977251,-0.283963006507139,0.7936214370812826,1.3401731190044963,99,81.608,82.4
0.02224104171185662,0.024000001383132543,0.14849281408397338,4.5400089644007515,1.0145440473703158,0.5591068679591547,0.38798460768638826,0.48559714166209694,0.4597947672922227,0.17409274261782717,10.976416122169915,0.0510262201376824,0.35199999999998965,0.35199999999998965,1.3445287895127378,0.24799999999999045,0.7839999999999918,0.9983552459529222,-0.5045428839720528,-0.27883174660055327,0.19928553108190045,-0.27459555232491145,0.9404217913263965,1.0146868014844943,100,82.4,83.184
0.029900510323083704,0.03199994022141775,0.16372341751812414,7.224078365652511,1.5161986960563425,1.8225611132179194,0.37559555283355606,0.514098624128373,0.2578331383884483,0.19329400797775753,4.95130815777826,0.07554878250907195,0.38400000000000034,0.38400000000000034,2.016425869791855,0.28000000000000114,0.7999999999999972,0.9990290693933439,-0.8862632161503566,-0.3575831745690542,0.39059155104483556,-0.46141903365417675,0.8565233416540192,1.1896433305079104,101,83.184,83.984
0.02665832675097193,0.03199992929757758,0.15246805762228174,6.743970120874463,1.10738059485387,1.631122144487814,0.3466370208849399,0.41610164049210546,0.2376808976621367,0.17343259899389685,6.535939459109021,0.07864173033369272,0.3440000000000083,0.3440000000000083,1.8894566753092967,0.26400000000001,0.7920000000000016,0.9988272284526576,-0.8853186806199053,-0.4028707173742818,0.28566643826698257,-0.37752960778226946,0.8671371565914879,1.157400033012495,102,83.984,84.776
0.03468745001109718,0.04000001163440364,0.3405452486145348,6.7042531264839855,1.90380308688713,0.27668065863813596,0.5096779558920015,0.5511368376995054,0.16516313077495692,0.2115655328459894,15.03743085139905,0.20739519966680633,0.4480000000000075,0.4480000000000075,1.4742453702686786,0.26400000000001,0.7920000000000016,0.9910236579741873,-0.8621423545054494,-0.2113497230760702,0.7894097432439207,-0.4361567258244452,1.187918521662826,0.8191507435672247,103,84.776,85.568
0.014216049138344159,0.015999926428201635,0.14731390836276662,4.147504417633852,0.6133051238748687,1.2378916226223475,0.30437092807462673,0.4247225237702103,0.23090928726223964,0.1533175214431922,5.712802758506318,0.09415047809056311,0.3200000000000074,0.3200000000000074,1.1698059185617307,0.2400000000000091,0.7680000000000007,0.9980504342016698,-0.3346393827986285,-0.28072621489100846,0.07171121816921014,-0.2034139989869524,0.8044930079851135,0.39980467557288046,104,85.568,86.336
0.02188240047640057,0.023999919482674614,0.14988268447502937,6.089560529853632,0.9301422767943798,1.4305624698305186,0.3272518413965681,0.35537130608728806,0.25230932030167563,0.17656623186887554,5.201231108289526,0.0884812762474386,0.3760000000000048,0.3760000000000048,1.4940040560135408,0.2560000000000002,0.7519999999999953,0.9984011764698779,-0.5463578332272929,-0.3021476049715615,0.17639016764615542,-0.2775731855350252,0.8508223240784191,0.5757382742173697,105,86.336,87.088
-0.022770589810356626,0.016000314497594228,0.16826559622003287,8.156911973952374,2.2481734491405914,0.4398748890446099,0.49406994576664687,0.5151914551267989,0.37955974305439555,0.20892796428913676,11.901493996070649,0.08615362164771921,0.3440000000000083,0.3440000000000083,1.9373653926945367,0.24800000000000466,0.7680000000000007,0.9877683699401789,-1.623637626730277,-0.4238384718846131,1.0264308925882544,-0.49605026062957147,1.1293085575035622,1.2747094543925932,106,87.088,87.856
0.02260613299601507,0.023999966873424948,0.16534460756845976,4.1235433372535795,0.9881997361781795,0.8942520047383259,0.3715550452724117,0.5641467358783622,0.22009363549341257,0.175702447903215,4.650845256486611,0.05605805060443278,0.35200000000000387,0.35200000000000387,1.278075534520861,0.26400000000001,0.7680000000000007,0.9973044108543468,-0.3578217943427514,-0.2314808811288636,0.15224839955694,-0.26229321410394607,0.8609565865407621,1.2345885330772761,107,87.856,88.624
0.028981246384088208,0.07893766777332642,0.16385811421800955,17.223621703824307,3.296624486896584,3.444724344664706,0.2654684115963681,1.0322382376375712,0.19037328587440636,0.21607661396062844,1.9595449113038423,0.11196436857246016,0.3760000000000048,0.3760000000000048,1.7223621723323532,0.28000000000000114,0.7760000000000105,0.9987777911589657,-0.5252604446686094,-0.3136098961507011,0.14607632876639337,-0.3768508987984505,0.7173975133387829,1.5413783181664416,108,88.624,89.4
0.025201175144178623,0.023999999490600863,0.15595194893297465,4.402277203886476,0.9533822802444751,1.6356180918990586,0.36740229464593466,0.5801314698195854,0.23499701971023837,0.16079327689654915,6.678298756551238,0.08546157068102132,0.35999999999999943,0.35999999999999943,1.63968208738995,0.27199999999999136,0.7839999999999918,0.997757034053338,-0.5196286791077968,-0.3040198241948649,0.13631643929100015,-0.3147914382475519,0.7764936981552188,1.8960341258811138,109,89.4,90.184
0.02584290880356153,0.031999918957722605,0.1441000994564093,7.462068062799021,2.413152048820902,2.1677018776961487,0.42107030457420636,0.45686780613646105,0.45436441135707994,0.19845290584791647,12.181497738462577,0.16112596589064063,0.4240000000000066,0.4240000000000066,1.7002560843772172,0.2639999999999958,0.7680000000000007,0.9782820588785069,-1.005265897059453,-0.30988370313221025,0.9120454087641259,-0.5397273728674339,0.9806429995152225,1.1446981279385438,110,90.184,90.952
0.014121732338842546,0.015999992522169007,0.15427075452724365,8.481179412891303,1.5196670979754194,2.2507295791497106,0.3907959768695959,0.40451713285859847,0.20638424823225227,0.2141136735220691,6.91112665450162,0.09172251303176182,0.35200000000000387,0.35200000000000387,1.869358439514457,0.27200000000000557,0.7680000000000007,0.9984986898231162,-0.8984614745329131,-0.3169741734270442,0.562263468493057,-0.4494488092217567,0.9366554103232425,1.1691248684653732,111,90.952,91.72
0.022647812186959784,0.02399953836221253,0.15638429925520222,7.3288774665552765,1.270662228766256,3.2245325686805724,0.3388226521574832,0.729994169807659,0.18297393996917538,0.19515825903280648,6.793653598648631,0.09556740895379481,0.35200000000000387,0.35200000000000387,1.9405737328928172,0.27200000000000557,0.784000000000006,0.9977417963371984,-0.6548530064932666,-0.3280677236567372,0.19448592397553774,-0.4103770261486877,0.747157204207655,1.334916644096773,112,91.72,92.504
0.03332621826383868,0.04000002909483181,0.2811791005696599,8.657484599909736,1.9804607631280358,2.386348715122432,0.656140888865208,0.761008998196788,0.20910359843503623,0.27923104386555714,8.059299369193388,0.8306843020309392,0.35999999999999943,0.35999999999999943,1.9780280682985607,0.27199999999999136,0.7920000000000016,0.986892036286328,-0.15353114183830777,0.06913192872477811,2.0512832082147296,-0.7717886910261019,1.085042618913698,1.3196546569619598,113,92.504,93.296
0.02214044281239767,0.0239999263849865,0.1491583878006903,5.175995069354518,1.006641837678986,0.8441195072833305,0.282201605434864,0.41057738101761254,0.7800246144633969,0.14802273812047967,7.100074195798995,0.06889731886501024,0.35999999999999943,0.35999999999999943,1.383456154311638,0.24799999999999045,0.7679999999999865,0.9977686114812381,-0.45770594962510713,-0.3384954781451751,0.07643687334999152,-0.21403998499441235,0.811838481577242,0.8230590220515176,114,93.296,94.064
0.025499885970131028,0.031999983886012,0.16100396364329966,6.543107701573537,1.1990585531237727,1.4801194722648552,0.3514003121642968,0.6187305388346361,0.2521574590119893,0.19226330915285939,13.026324762531015,0.08270181075907516,0.3680000000000092,0.3680000000000092,1.6526776637431118,0.27200000000000557,0.784000000000006,0.9989560597854173,-0.6087243144619606,-0.306797326679119,0.2578960770120392,-0.3760538755394231,0.8301950482177288,0.923758259873372,115,94.064,94.848
0.04201352811805127,0.047999963147738536,0.30470234743594776,6.354342835353304,1.6332762073899003,0.09512667385405986,0.4617186938596153,0.47427378227178946,0.3123929251452888,0.18657433364773265,7.515582180702648,0.2886121062681856,0.4399999999999977,0.4399999999999977,1.5437532633454465,0.2879999999999967,0.7999999999999972,0.9732008669519058,-1.0368113547879605,-0.30358212193478157,0.5583002523581067,-0.3609722348700476,1.2325742409477454,1.2639006217094715,116,94.848,95.648
0.026357246657678295,0.031999971413551105,0.1548837542506845,4.974446345382367,0.7784697173474587,1.652062840602521,0.3221081527971329,0.43477844685676004,0.22930497827826807,0.17156487678005342,5.03760079527986,0.10307855811158281,0.3359999999999985,0.3359999999999985,1.3211708708396293,0.2560000000000002,0.7920000000000016,0.9988136484990047,-0.4097565485840917,-0.28967597754090385,0.11440062363876688,-0.2599953315923129,0.8277849409337119,1.2414280204247885,117,95.648,96.44
0.02161188964446938,0.023999968808326798,0.27759099320171216,7.146272786376612,1.8349545190753307,1.9187407068191624,0.6271865222331847,0.6512678412285473,0.37183462255949223,0.30107582414268885,11.488686074339773,0.6872750510873243,0.4480000000000075,0.4480000000000075,1.1417285246946185,0.2639999999999958,0.7920000000000016,0.9947009179070773,-0.10100537761661454,0.034294272239293225,1.1518495147888301,-0.5544567096234191,1.122070782123179,1.1984369570975684,118,96.44,97.232
0.028081470193355825,0.03199996394672062,0.16865111385866755,8.37184566340093,1.6059818533935963,1.5766557570222421,0.38734170048663935,0.631692677934775,0.23466125187681453,0.21369039576089996,12.107980706898854,0.07972963607661229,0.3760000000000048,0.3760000000000048,1.9259908276241602,0.28000000000000114,0.8080000000000069,0.9988243053008248,-0.92345553419081,-0.34003757151696057,0.5253085268891422,-0.4844541330292999,0.9201124879983852,1.474092723942839,119,97.232,98.04
0.027845811376494622,0.03199983962537921,0.15743113135243195,7.7221655823463,0.8002082327531138,2.311116819111246,0.2922239114369962,0.47796492732073026,0.2190801713292708,0.169329637330863,13.346999455951046,0.09807336351242613,0.35999999999999943,0.35999999999999943,1.9096064917840532,0.27199999999999136,0.8159999999999883,0.9983414915286742,-0.7807642118257133,-0.44466260745161396,0.13987591371059976,-0.35196904767974896,0.7810930005296628,1.4549579056717385,120,98.04,98.856
0.011979248969343055,0.07200002844521769,0.1556469675700197,4.211295334941324,1.0189570454609371,0.7590510756653728,0.38936235532333596,0.5088021749828632,0.40400070427389384,0.1871139749132182,6.48029533161254,0.05567027834145285,0.3440000000000083,0.3440000000000083,1.3233240964365138,0.2560000000000002,0.8000000000000114,0.9944533345524156,-0.38204863171581765,-0.251511332960136,0.16054780699912768,-0.30544836133228515,0.8309853815220806,1.0733109787488848,121,98.856,99.656
0.027500759042693355,0.031999967035749796,0.16888425819462669,6.682873432947654,0.9828968571032025,1.4322170499560676,0.3423511946913706,0.3866504339227615,0.23338357707859334,0.17564424369944154,7.69468117184118,0.08665365772282312,0.35999999999999943,0.35999999999999943,1.6751205955348725,0.28000000000000114,0.7999999999999972,0.997927159172886,-0.82179683870925,-0.39486025943630587,0.2545415043207588,-0.32517696994239387,0.9377319698987593,1.2815489417401058,122,99.656,100.456
0.035775143182336634,0.039999978192348774,0.17022300440214824,5.462617708462064,1.1479106809018695,1.034471361431509,0.4056019758072711,0.425214450939807,0.28777656068490365,0.1827435299851786,6.706178200321677,0.08200269055675684,0.367999999999995,0.367999999999995,1.5724022240500666,0.28000000000000114,0.8319999999999936,0.998405933940855,-0.7489385920463845,-0.33910538688021064,0.3214942982386412,-0.3521898836603011,1.01437979064605,1.1828038431603975,123,100.456,101.288
0.02010229579098062,0.023998881015009077,0.1556384294240793,4.62514723624247,0.646848964710715,1.1493898834224698,0.32414913947259216,0.4559899084792036,0.18001369853706306,0.15090404153123668,4.411469675779282,0.08168397296767066,0.3200000000000074,0.3200000000000074,1.3819299988438885,0.2400000000000091,0.7999999999999972,0.9981026261610964,-0.5276420054358121,-0.35750801990106085,0.08845517947580121,-0.20253590346650815,0.9017309218315102,1.128026877528983,124,101.288,102.088
0.026624800030885597,0.0319999953295392,0.15601243171322965,5.298462325040342,0.9417387482798703,1.1994384741950126,0.3022771941287943,0.39456183610797474,0.4555174923283905,0.14504060797026044,7.124616196849454,0.09198888204942639,0.3680000000000092,0.3680000000000092,1.605561946666275,0.27200000000000557,0.8080000000000069,0.9974585698505578,-0.6397679272771198,-0.41268319019018784,0.11440741773456184,-0.2778935538959095,0.8303901698221383,1.2130930014136663,125,102.088,102.896
0.05135744574560163,0.05600003065607069,0.18010995468386998,6.777438694661921,1.6343069785302722,0.45123553659123566,0.43308746477647847,0.45009230931831673,0.42110448838089254,0.16963302123785143,8.146218654151866,0.3628400632453498,0.40800000000000125,0.40800000000000125,1.784672350444905,0.2639999999999958,0.8160000000000025,0.9773937756534156,-1.413957259634247,-0.41085109129481723,0.5943497567057977,-0.37733570850483367,1.2532616051010788,1.2472904381512278,126,102.896,103.712
0.0269940369585235,0.03199987770538284,0.15064176875988802,5.532575781681475,1.759852623851288,0.43148090615813495,0.5193241623126292,0.5665401151846852,0.471376013063288,0.21613944943929747,10.393902991552125,0.06522227082085068,0.4479999999999933,0.4479999999999933,1.3878892702557764,0.2560000000000002,0.8160000000000025,0.9985170498062096,-0.6536909520377499,-0.20883115309283737,0.618277061382038,-0.42985570001066364,1.102561900073937,1.0654944217802995,127,103.712,104.528
0.020828692256172218,0.023999982759477526,0.15769486706193397,5.642462009476495,1.0326213561664714,1.3973719977495274,0.36633944828354675,0.46007124422515394,0.2531428753524788,0.17266905611722685,8.547620882704798,0.09693023730864851,0.367999999999995,0.367999999999995,1.600284330165974,0.2560000000000002,0.7999999999999972,0.9982970149606168,-0.7359345930433249,-0.36853011177394535,0.24701689966725002,-0.32617173736406735,0.9234990579012519,1.183780912781471,128,104.528,105.328
0.034370311370460496,0.039999940329685936,0.17010620318015696,5.888771393587651,0.8899207528183036,1.701738413706486,0.3440412593066295,0.3391031510153173,0.23608860044135682,0.1647075539752946,4.734302348371207,0.09128853697245626,0.35999999999999943,0.35999999999999943,1.7226892237037075,0.27199999999999136,0.8160000000000025,0.9984004874681709,-0.7870482912109065,-0.4018554904148934,0.18769178483775745,-0.3085956804985164,0.9035514372089549,1.3538520936995209,129,105.328,106.144
0.0357069908198579,0.04000002350656524,0.31565896883836947,7.632555224627532,1.939498540833592,1.5596533237083265,0.6058244802108155,0.5984563885004882,0.24056040063502057,0.2532668661111989,8.06236320855707,0.6936945672151669,0.40800000000000125,0.40800000000000125,1.6712403819403825,0.27199999999999136,0.8079999999999927,0.9943352780026996,-0.5591477242439812,-0.05879619510746095,1.4815602643863284,-0.642528195098526,1.1349198200864308,1.2384968115615689,130,106.144,106.952
0.02872742752605077,0.03199999038973453,0.3694791208510236,5.105977361229883,1.136686493932744,0.8234566993634,0.5064875396743341,0.5820700939751767,0.14660546674385172,0.20636721733031452,7.308183553820519,0.5242188759703018,0.4480000000000075,0.4480000000000075,1.2996516181385833,0.2639999999999958,0.7920000000000016,0.9973109796773847,-0.5633634581300365,-0.18958452284802818,0.47578934685621566,-0.35909469294706453,1.1204809505372306,1.096760649654641,131,106.952,107.744
0.044128247147270046,0.04799998378164911,0.3685523310453368,6.688338998854162,1.764750671953902,1.4882379982334917,0.6019455035236578,0.602477919074536,0.21073824998234256,0.2356122672714667,8.631103193031224,0.5887041557281685,0.5040000000000049,0.5040000000000049,1.6406382340937529,0.28000000000000114,0.8239999999999981,0.9944525314550574,-0.6450313710336901,-0.0983011796556944,1.295002298537399,-0.6183768868989787,1.133531295681883,1.255106995119813,132,107.744,108.568
0.04443857463721116,0.04799989177262452,0.8446463410156131,7.439141900143469,1.9977912050536357,0.42908821005278214,0.4743763758280644,0.5237844927871163,0.3012189647984163,0.19329787807890644,15.7657724564621,0.41535492507923927,0.43200000000000216,0.43200000000000216,1.7697079461548197,0.27200000000000557,0.7999999999999972,0.9812908466143159,-1.3036362174415057,-0.3113262286972197,0.9143005058549135,-0.4738577141009246,1.1941199193628436,1.1935516089922025,133,108.568,109.368
0.040212424040754535,0.04799996240449207,0.34571844009550684,6.737592020427932,1.6785721950840058,1.210414065501247,0.54742848726853,0.6269605985799473,0.266583378136894,0.2353523464420772,10.345241178054374,0.6089932833663988,0.4960000000000093,0.4960000000000093,1.4913446020770984,0.26400000000001,0.8160000000000025,0.9939108480370653,-0.6580745385864558,-0.13801666717664426,0.968922099087536,-0.5279891771462559,1.1292575773958846,1.0400906116323974,134,109.368,110.184
0.026404499164100516,0.031999952492644194,0.16980021190941916,5.705697412239673,1.147791343819531,0.965826588356808,0.39657590216363336,0.5080247678332209,0.263985431881768,0.1826909908193776,11.160577528896656,0.0671949695299824,0.3440000000000083,0.3440000000000083,1.6439592637124034,0.2560000000000002,0.8160000000000025,0.9985801776355915,-0.7756046815317477,-0.3512457682762294,0.32316217497340965,-0.36236294315714,0.9669488754346011,1.1554458937703491,135,110.184,111.0
0.036283285388804404,0.039999974474107906,0.33000743354619777,7.623972344560974,1.937073360828191,1.2977434825812573,0.5838332638968061,0.5877282160627898,0.2084952467359751,0.2343556727401956,8.123439642233498,0.5859943117593163,0.45600000000000307,0.45600000000000307,1.8245296190174944,0.28000000000000114,0.8160000000000025,0.9905576860153332,-0.8924648144384001,-0.14485495243105911,1.2858156074118936,-0.590144104117334,1.171636170913815,1.304998612645862,136,111.0,111.816
0.033479364983219274,0.03999993142063419,0.16139685513512933,5.39054280892031,0.9487758237275544,1.394514599209581,0.37023269338447956,0.37735702562972984,0.21491963999602312,0.16903030418388787,6.551812671301821,0.07986106332828628,0.3439999999999941,0.3439999999999941,1.6162721773337154,0.2639999999999958,0.8079999999999927,0.9987539164439545,-0.716065054304492,-0.3544477419881459,0.2453291196550878,-0.3236375560036483,0.9384729708535252,1.1915974697500564,137,111.816,112.624
0.034840500412913346,0.03999999858860826,0.17241929576356085,6.254334933315951,1.6876576456103638,0.39708754798138574,0.48236369118162126,0.453158875729315,0.4651698574997719,0.20341059573481302,9.105981580637069,0.043640219569505756,0.35200000000000387,0.35200000000000387,1.5720212675447376,0.26400000000001,0.8160000000000025,0.9963535144498965,-0.9005495691386539,-0.27377065901534525,0.6558324271842186,-0.4274640058091222,1.144535253574392,0.958932766232006,138,112.624,113.44
0.02884513683770852,0.03199996101820715,0.14942555826012843,7.539533264621966,1.4812203929589762,1.317293527443853,0.27678853086494976,0.39265764942863113,1.0523690804461345,0.1498682164002818,7.6751465973620965,0.08861408370592067,0.38400000000000034,0.38400000000000034,1.8842014904959719,0.2639999999999958,0.8160000000000025,0.9979867845962531,-0.9195853108375885,-0.5155827142078108,0.11838878096348754,-0.2897578993283328,0.8484399246802211,1.1769414254339583,139,113.44,114.256
0.0209013792335513,0.023999999504593944,0.1490626090223189,5.8000313633278475,1.2099454774367422,1.19186692485668,0.37797367064651866,0.5100936339445206,0.2559553075184897,0.17485564789378794,5.7107121783060615,0.071922017639866,0.3359999999999985,0.3359999999999985,1.7827179677380784,0.2560000000000002,0.8079999999999927,0.9981915701912089,-0.816889937959499,-0.38407998079706984,0.2918332563418311,-0.362973061243619,0.9183654559970247,1.035205263527031,140,114.256,115.064
0.036323841214864636,0.03999999140970037,1.1295621276349135,5.911378130916584,1.6776868964984286,0.4309429187183914,0.4646471858680571,0.5176881049443807,0.3099396645635362,0.17960185928939923,10.77280805915236,0.34105411012085374,0.416000000000011,0.416000000000011,1.4542150512418675,0.2400000000000091,0.7680000000000007,0.9901883279397384,-0.9169545445335743,-0.27148844188088106,0.5702263681917505,-0.363208619148161,1.1585851708120833,0.9335289560841035,141,115.064,115.832
0.0613453057246153,0.06399999721397359,0.9656317259908419,6.723340520048264,2.124927653334208,0.974992285957151,0.50029596532943,0.5341021195380024,0.3360421254648487,0.17279356338134585,9.59517218402585,0.20730834147807553,0.5280000000000058,0.5280000000000058,1.950399012146035,0.2880000000000109,0.8400000000000034,0.9755783295469853,-1.60854029817637,-0.37667116694204517,1.0058101830993682,-0.5142574327049805,1.2416459708069918,1.2345885330772768,142,115.832,116.672
0.025583605363747253,0.03199986620371395,0.15840260925719093,5.2227510516882845,1.0166714123882468,1.166619264417378,0.37558651448922936,0.5444725983350353,0.17705847104585226,0.1714271319288606,5.718333264591854,0.06758403795656193,0.3359999999999985,0.3359999999999985,1.5755548089631453,0.2560000000000002,0.7999999999999972,0.9988336635892248,-0.6698175758008718,-0.3405797980775437,0.2097390015383585,-0.2978707715560494,0.9271888649957241,1.074288048369958,143,116.672,117.472
0.02761482104593028,0.03200000302234379,0.15165623669852676,5.136714565858684,0.9797830940420822,0.5907128594087069,0.32225647653019596,0.49710921351766274,0.6282639225485415,0.15389791547401016,7.238362786707533,0.07525656021515763,0.35999999999999943,0.35999999999999943,1.4327780577964842,0.24800000000000466,0.8000000000000114,0.9975268030493524,-0.6030002994297454,-0.37261067288792393,0.1286992071427653,-0.23306446413032494,0.9302650483509609,1.0244574976952259,144,117.472,118.272
0.03530670093432399,0.039999920948642825,0.37908710513747834,7.081162298658021,1.7720386212513646,1.1186751492147775,0.5539596853059227,0.5791233045428481,0.1651231426931376,0.21780571095895862,8.027629278527328,0.5347707512963449,0.48799999999999955,0.48799999999999955,1.7988922530150893,0.2639999999999958,0.7999999999999972,0.9911180505234588,-0.9354823825020496,-0.18463789797068653,1.1118958266794434,-0.5547263270660163,1.1213088681502912,1.162285381117861,145,118.272,119.072
0.02928865473408593,0.03199999591942684,0.28495641045161596,9.914219880293336,1.7606569653243136,2.38893026292068,0.5996740563207619,0.6562403548815571,0.2589285868916211,0.28238758562588423,10.210519380986824,0.8941734448358541,0.35999999999999943,0.35999999999999943,1.9314245926640052,0.2560000000000002,0.8079999999999927,0.9944325501930042,-0.5262541528370347,-0.02258060948918983,2.063349093265171,-0.7779298443255525,1.1073957859647507,1.101645997760007,146,119.072,119.88
0.024110887887651804,0.024000007724478294,0.1652668239043493,5.26576305808563,1.3528920813615823,0.4489859856059851,0.4158602222906157,0.6615960081083851,0.17718893098566543,0.1716904854025182,6.510620890227059,0.03208835540852591,0.3200000000000074,0.3200000000000074,1.5911852365634938,0.2400000000000091,0.7920000000000016,0.9983298510320368,-0.8045864316138763,-0.3400118084918284,0.2983683081361243,-0.3037929346679669,1.0401698846942926,0.9726117409270305,147,119.88,120.672
0.02680262946602577,0.03199996203078699,0.16199885505190953,5.12987129932616,1.051821590655049,0.7200204290692661,0.3954176805623497,0.5088872671140934,0.2191518657149039,0.1723953465949318,7.001636268179195,0.0558311847793965,0.32800000000000296,0.32800000000000296,1.53698241807869,0.24800000000000466,0.7999999999999972,0.998852380907495,-0.7011306701680696,-0.33257153535219774,0.2461103003607097,-0.29753429053306474,0.9870624918606313,1.0703797698856652,148,120.672,121.472
0.03346731853114346,0.03999987958230676,0.15857027149458897,7.724956847210272,0.8163070006322513,2.1351393143337436,0.2925235165130418,0.504815173231507,0.19957630080660077,0.16718850362326843,8.009792893148184,0.09629736610232846,0.35200000000000387,0.35200000000000387,1.8809220883147268,0.26400000000001,0.8000000000000114,0.9982034955601737,-0.7953756678957994,-0.43025786410916955,0.13602252479065996,-0.31495856044445836,0.7922175714738543,1.2659640180641798,149,121.472,122.272
0.026939047271560993,0.031999982768161205,0.15601680300792697,5.305052471911203,0.7038448756278908,1.6088985480978086,0.3175328368700069,0.4570815379773368,0.20214002522972327,0.15520666467368988,7.399221493879063,0.07549992158240194,0.35199999999998965,0.35199999999998965,1.6968427102194645,0.2639999999999958,0.7999999999999972,0.9987200050110276,-0.6065832409741847,-0.37643830589683364,0.10808467028541391,-0.28837577868974806,0.785283105580532,1.3031869384555232,150,122.272,123.072
0.025710110707954464,0.03200001688562547,0.26247234555518306,6.388743441576898,1.9132343586805172,0.6774502919752183,0.5450805073769688,0.5715533478289583,0.2299994540221102,0.2176287427202107,7.020891628562128,0.5353930635987235,0.3359999999999985,0.3359999999999985,1.4537596166291795,0.24799999999999045,0.7839999999999918,0.9964081288741636,-0.7508453286241658,-0.175783092777392,0.8182484718554498,-0.4403926029833667,1.184305488234303,0.9325518864630304,151,123.072,123.856
0.03304728217848915,0.03999994537643853,0.3227384458861132,6.141522017775297,1.402762605434195,1.304975662321078,0.5480288864369258,0.556613479149168,0.19457822532916016,0.21853550653198053,7.278936444188695,0.5995245099185109,0.44000000000001194,0.44000000000001194,1.5102105774423245,0.26400000000001,0.7920000000000016,0.9934030413025053,-0.6736934534055824,-0.15573896597871228,0.8369430316439551,-0.47687549363921583,1.120258718888203,1.0606090736749336,152,123.856,124.648
0.05202566713323499,0.05599997291426468,0.19474442064900313,7.303710568530925,1.944375503796213,0.5090468781422407,0.4023484951813292,0.5688125147016397,0.40770759122039607,0.15420492392179816,7.655268550513384,0.4112495858260198,0.35999999999999943,0.35999999999999943,2.068857962247014,0.24800000000000466,0.784000000000006,0.9801306148513612,-1.7001734540133524,-0.4669511546704306,0.6750497888126016,-0.41079106758650186,1.145412288970404,1.3518979544573746,153,124.648,125.432
0.027784146384169425,0.03199994074294899,0.15810719625113795,6.715576648697711,1.3706907468640035,1.1715192344317789,0.3995992756965185,0.47282653019703846,0.18611972076681946,0.19618127056275064,4.457819447009744,0.058542508926153425,0.3439999999999941,0.3439999999999941,1.7659050821755489,0.2560000000000002,0.7999999999999972,0.9980373596784093,-0.8429236074776508,-0.3302807682348202,0.38438712461581725,-0.3730973927147706,0.9865983604276439,1.4477118441738626,154,125.432,126.232
0.019007235443608102,0.023999957192628388,0.14023623951941647,6.129799068314379,1.2188160805751604,1.321905554497784,0.34718608981144633,0.31862451484623044,0.38095017961030336,0.16569480583494345,7.500586956048797,0.12421592100900267,0.3200000000000074,0.3200000000000074,1.5142412350517445,0.23199999999999932,0.7680000000000007,0.9845105152392848,-0.8129708884306719,-0.38438027971241273,0.29299091794099613,-0.2991566396505575,1.0048275441788306,0.5806236223227355,155,126.232,127.0
0.0207653470040277,0.023999991988068327,0.15403792434133137,5.418128952541816,1.1338987526828108,0.9709264067417976,0.27974429539348306,0.40848197156922,0.8185571272935802,0.1365743323168005,6.207013445433122,0.07021015141956106,0.35999999999999943,0.35999999999999943,1.5911936126932602,0.2560000000000002,0.7680000000000007,0.99782644072375,-0.6093991613330015,-0.403683019157833,0.07645461279305689,-0.22390340589829966,0.8037637543313912,0.5327472108901496,156,127.0,127.768
0.026725300741282904,0.024000068417496353,0.15833207414202574,6.025040364622025,1.524253830903351,0.6301764763621011,0.38527474227496666,0.5163393760382948,0.8953300916587296,0.17794823196613024,9.164873210200536,0.04974666739032447,0.3919999999999959,0.3919999999999959,1.6626734363778164,0.27199999999999136,0.7920000000000016,0.9980494910104802,-0.8299210351860844,-0.3552424281110886,0.3146157572682476,-0.3325884734729733,0.9854462567158031,0.7829991675875174,157,127.768,128.56
0.0373805583484091,0.039999964496125806,0.8065693900027606,8.388713255935647,2.777732429621641,0.307911714813659,0.5525422667565615,0.5436984436828426,0.20794876375834226,0.24255707866445356,10.272641652799628,0.3294045536260222,0.5039999999999907,0.5039999999999907,1.635762249572458,0.3120000000000118,0.7760000000000105,0.9572355706827257,-0.6611885066115292,-0.07936218499736024,1.5127010770753455,-0.5970511478439942,1.1648407778547227,1.4819092809114238,158,128.56,129.336
0.021323475132109405,0.02399995720857304,0.15233407833331586,6.418105583927258,0.6038647904186308,2.140954791889991,0.2622911970739441,0.33510773034658975,0.18979655479446167,0.1579365345865891,6.366609860411833,0.09932011973316969,0.3439999999999941,0.3439999999999941,1.383506345310853,0.23999999999998067,0.7519999999999811,0.9979514726578481,-0.43434795233261597,-0.32541080058616045,0.0823493468755013,-0.22965222922362294,0.7672371289436314,1.0557237255695675,159,129.336,130.088
0.02867969661733522,0.03199999571745252,0.1626577985726624,6.166873445358728,1.106409455988812,2.0431823287786957,0.34006590412368065,0.6961223134139864,0.1852913703820183,0.1820810823240093,9.322297456816413,0.0835516683806551,0.36000000000001364,0.36000000000001364,1.7112105704529066,0.26400000000001,0.7840000000000202,0.9986405866365299,-0.5912121583759011,-0.3163384304591182,0.19465668832786218,-0.3547638724920744,0.7946825409233809,1.1055542762442998,160,130.088,130.872
0.01868666596141218,0.07199996513836392,0.14579961686563211,6.341088666829549,1.3922131878087258,1.2430740225086752,0.38811999818574383,0.5017651755879448,0.2807216068992023,0.19905799844500538,7.66590365032929,0.07638025745788093,0.35199999999997544,0.35199999999997544,1.6852302373956998,0.27199999999999136,0.7679999999999723,0.9993157244294232,-0.6344243599613854,-0.277618735199787,0.36229466209389816,-0.41933421435525053,0.8298975235531857,1.4506430530370824,161,130.872,131.64
0.02756322534570352,0.03199998944624379,0.1652017572571832,6.769476121187943,1.214489728213258,1.1721505215629293,0.355269441539839,0.6063744620866439,0.15910297733511675,0.1989444418201329,7.887200579046999,0.06074782503944134,0.35200000000000387,0.35200000000000387,1.4860019505296633,0.2560000000000002,0.7760000000000105,0.9987145366756565,-0.5760787637044674,-0.28007889399820435,0.2851348627648208,-0.3313329559382918,0.9202599388182042,1.6050811200179615,162,131.64,132.416
0.022589930238138826,0.0239999870310649,0.1485014810043474,5.261706990592991,1.013205569193669,1.3561749652467454,0.3227560116299111,0.37169195174793335,0.29803133213208705,0.16141765492947974,4.174431125761231,0.09232666872402488,0.35200000000000387,0.35200000000000387,1.4569593159216867,0.24799999999999045,0.7599999999999909,0.9904080321790493,-0.5280765238081826,-0.3192202889685984,0.16702756252592982,-0.276347998945795,0.8514638080483986,0.7184515057453705,163,132.416,133.176
0.019615628950976283,0.025153080036081035,0.15377602332901516,16.326921100785192,3.766588182740873,3.766590433259127,0.3808377419551462,0.3808994726338053,0.2394089042130424,0.28365996209095656,1.096181663865209,0.09948182307680083,0.36000000000001364,0.36000000000001364,1.8832952220291665,0.28000000000000114,0.7760000000000105,0.9974783212422218,-0.6331676832143708,-0.19703288133972577,0.6625186080893085,-0.5027647584901201,0.9421695628104142,0.9286436079787376,164,133.176,133.952
0.019868699439093963,0.023999991080823416,0.28884206731951295,10.56508072251716,2.740661365857103,3.059897772948914,0.719912614669306,0.9015488029145527,0.32112773964867475,0.3637004255731236,10.215475284262544,0.8159741697153715,0.36000000000001364,0.36000000000001364,1.5722908549340444,0.27199999999999136,0.7680000000000007,0.994376309099601,0.7595201314793323,0.26881400407049705,2.6595788443838813,-0.8870596949062328,1.0148842956699766,1.1798726342971784,165,133.952,134.72
0.027280987204097017,0.0319998774513156,0.17726267329764464,5.92168840908293,1.4775336220008228,1.1532808919045794,0.43782467544333664,0.6203532930630001,0.18360668407229117,0.20536981804815327,12.478652470992069,0.057495612704084126,0.36000000000001364,0.36000000000001364,1.6450293588287341,0.26400000000001,0.7920000000000016,0.9984502829317063,-0.6521009701970407,-0.24936342080351506,0.4679633592665733,-0.4212011436377478,0.9521410394706011,1.5962874934283025,166,134.72,135.512
0.020198195234344483,0.02399997103663434,0.14811489276194492,4.5703708287614155,0.710834523697778,1.269694296100147,0.3243111274268246,0.4861237582055807,0.1905477102119872,0.17117938829092078,5.967354960891748,0.07961914101038599,0.32800000000000296,0.32800000000000296,1.2440730805517504,0.2400000000000091,0.7599999999999909,0.9982282134071593,-0.3395096370430322,-0.25008873572990087,0.10008354301503768,-0.22872587937582892,0.8104474245309858,1.2580382039830327,167,135.512,136.272
0.03655708844817503,0.03999998456068451,0.33234432524594487,9.680788220570236,2.9141390204294595,1.9785054614822786,0.6380660302075493,0.8545048001831661,0.25594285703187636,0.29306016632535964,12.718967080504557,0.6061824185231679,0.4960000000000093,0.4960000000000093,1.829619623415325,0.28000000000000114,0.8000000000000114,0.9916748238086832,-0.11480685895815274,0.08590577426111258,2.236607328320621,-0.8124568676090927,1.080621128501013,1.371439346878838,168,136.272,137.072
0.014547931424672415,0.015999996635390014,0.14526221473478354,7.341223707180475,1.4420896532435297,1.5190159650389092,0.3894134792963137,0.4067798239559763,0.28518121396696766,0.19632095891527881,8.70122584809425,0.09332937523010934,0.35200000000000387,0.35200000000000387,1.795034912899725,0.2560000000000002,0.7680000000000007,0.9986912966002977,-0.9123807177849891,-0.34265351679368783,0.47468623123416687,-0.4096898974190232,0.9415297491304923,1.3743705557420576,169,137.072,137.84
0.028723240879890602,0.031999959392732515,0.15349300277401073,5.565169960631723,1.114368491266358,0.8464825707967466,0.3254403688516944,0.4390266877269478,0.6713376922927021,0.15818964461367307,9.005180026765789,0.06881857983158411,0.3359999999999843,0.3359999999999843,1.5934981271206372,0.27199999999999136,0.7839999999999918,0.9986936186389423,-0.6567548613970533,-0.36879409458755086,0.14782211932380712,-0.27162923316915294,0.8628267317498562,1.2355656026983497,170,137.84,138.624
0.02995635177884255,0.031999875435286596,0.39061089605536087,6.074478387410295,1.386316874993445,1.4094829762606602,0.5620783868300724,0.6873561730521004,0.13680404013095243,0.23537246971365292,8.078821356365141,0.46124025946884867,0.43200000000001637,0.43200000000001637,1.5060617646871586,0.27199999999999136,0.7920000000000016,0.9899610497533897,-0.502508613197164,-0.10948169306755427,0.7852564140355457,-0.4808908456971388,1.0755220194016253,0.9423225826737622,171,138.624,139.416
0.03324424393707297,0.039999935582602085,0.15730117106815822,7.222645631251966,0.6483015435123148,2.2440028481456826,0.2542224278204163,0.3542399122825675,0.22972726600305404,0.15180533626572834,10.234824654564951,0.09423215108464127,0.35200000000000387,0.35200000000000387,1.757117656953568,0.27199999999999136,0.7680000000000007,0.9982489930100934,-0.5664682086211151,-0.3819751493929158,0.061951863563466734,-0.2947958819101613,0.6867998531019855,1.1378037283639153,172,139.416,140.184
0.020810319106538792,0.023999932589661335,0.15682576428910072,6.007948346013011,0.8742484115533167,1.746295872369903,0.32305604020791434,0.43895958849456235,0.21677978774269613,0.17306878606643974,5.691758831401329,0.09077501720923373,0.36000000000001364,0.36000000000001364,1.5980438881329706,0.26400000000001,0.7920000000000016,0.9980555809480608,-0.5931266805272416,-0.3528716598896027,0.16103247384552116,-0.3010075774004941,0.8403965454595401,1.1045772066232264,173,140.184,140.976
0.027701148072188656,0.032000003895515286,0.13725226838268037,6.117935134093444,0.8943943665245618,1.5528970574295458,0.32511305658436196,0.47801357905533426,0.24617747012051852,0.17621902499878986,9.503990554016934,0.1048491544942496,0.32800000000000296,0.32800000000000296,1.5351181122784288,0.2560000000000002,0.7920000000000016,0.9979532107054744,-0.5820580631424803,-0.3371701771761121,0.17529596903572897,-0.3058832211585943,0.8446382010948841,1.0879670230649827,174,140.976,141.768
0.026881112988889594,0.0319999901082883,0.17698813672768268,6.128590105965039,1.253892839770969,1.2620973922723893,0.3873739478225224,0.5064923482722411,0.18659941619990955,0.17607487179499315,6.587365573859638,0.0671250544434611,0.3439999999999941,0.3439999999999941,1.7869450270993699,0.26400000000001,0.7920000000000016,0.9978968459186146,-0.8932704405347163,-0.3691118419978635,0.34802705995607686,-0.3619574947564806,0.9570763723065414,1.3636227899102529,175,141.768,142.56
0.051299756240656795,0.05599999651843174,0.970572854686001,6.915142223871161,2.0690351396080433,0.38886294153519296,0.47546101607761415,0.5289189210239135,0.3302919118762098,0.18150673922969562,8.969632108762108,0.3838948297154417,0.4240000000000066,0.4240000000000066,1.7770530431707519,0.27199999999999136,0.8000000000000114,0.9808622210999188,-1.303937525980611,-0.31610964849140627,0.8755463629692861,-0.46704217718335783,1.1852869592680766,1.1241185990446902,176,142.56,143.36
0.02822317565720476,0.031999942202919705,0.3216273966064964,6.467903384041885,1.6625730825890213,1.4241658129038544,0.5891500719416095,0.6466697389530461,0.22975670999113365,0.24115367441287228,7.771689328347383,0.648152642627686,0.4159999999999968,0.4159999999999968,1.4972309009865896,0.27199999999999136,0.799999999999983,0.9975265510132904,-0.5463603250642516,-0.1008948885826323,1.0379409238205317,-0.5380278407914346,1.1171597577765338,1.0977377192757147,177,143.36,144.16
0.029068399275963486,0.02400015400097248,0.16648478512884715,6.394006647356835,2.4452860983623705,1.3645672626319585,0.5088111747558149,0.9390658474380011,0.16503856191898247,0.21575489056865688,8.924252438665494,0.06946732273783329,0.367999999999995,0.367999999999995,1.8517665350161598,0.27199999999999136,0.8079999999999927,0.9976143741160591,-0.821607846674942,-0.2293102125578767,0.7438696434715522,-0.5201247797764124,0.9935010760014015,1.113370833212885,178,144.16,144.968
0.026944086770348593,0.031999914649674485,0.158399200162227,6.151246291350554,0.9079686337857574,0.5416987852076633,0.3197740382401054,0.4931599957784509,0.40386255987175357,0.16966523397816452,6.9785227650006405,0.073037808586114,0.3680000000000234,0.3680000000000234,1.4225671609126715,0.24800000000001887,0.7920000000000016,0.9980370202800263,-0.6347969347328766,-0.3634178484055677,0.14717260670587326,-0.23335440971664467,0.9620820437321097,1.04106768125347,179,144.968,145.76
0.030016910619917094,0.03199990819801348,0.33718259510770854,9.298486941642443,1.8962493109987377,1.7097234610350516,0.5526480470870142,0.6564157641580142,0.21597825897953815,0.2673599379203266,8.84083325834829,0.693688385326513,0.4480000000000075,0.4480000000000075,1.8106701965454368,0.26400000000001,0.8000000000000114,0.9937578975343218,-0.6628572995184756,-0.08733932152831875,1.5671705631847004,-0.6734631737154133,1.0950925372066225,1.2668318305726909,180,145.76,146.56
0.026035819277605718,0.03199996940250232,0.16499034742034419,6.323446187308547,1.1133438329304999,1.077960165449071,0.3738521400610292,0.47901059340031904,0.22290370049354208,0.1769398543010206,9.660694657716975,0.07263048582864096,0.3359999999999843,0.3359999999999843,1.7488414756720847,0.27199999999999136,0.8000000000000114,0.9986204205867264,-0.8906967672086801,-0.38657372385503713,0.3121171582504428,-0.3457328517219578,0.9624485852890645,1.1984369570975684,181,146.56,147.36
0.037102013812088074,0.03999995593877843,0.6093854095584272,5.242230414727012,1.269784586129637,0.6205968268642305,0.4510340719008961,0.48336797827952505,0.33013413485709203,0.17005288504150226,8.475003950345778,0.3968699987532946,0.4399999999999977,0.4399999999999977,1.4264364130288307,0.2560000000000002,0.799999999999983,0.9920067916713871,-0.8921023284858414,-0.32189936057432234,0.3890950605911403,-0.3055467577955429,1.2087444683392643,1.0987147888967874,182,147.36,148.16
0.021901416455925575,0.02399999769818589,0.15717421262130526,5.79300058188327,1.1972257795503907,0.8080459587020953,0.3099938464860405,0.4660646023701646,0.82444664049896,0.15686740966944254,6.301307284575185,0.061425761590039804,0.367999999999995,0.367999999999995,1.56044229191742,0.2560000000000002,0.7920000000000016,0.9987751611358967,-0.6571495631771062,-0.39528390686493453,0.12590254998038386,-0.25369376003164457,0.8751072839684713,1.1847579824025438,183,148.16,148.952
0.02977013259042349,0.03199998076521012,0.158750619829473,6.248776528946113,1.2662072564818085,1.2068098982980116,0.30232686319896185,0.38073846625784835,0.7207026256137351,0.15175615219559124,6.5898831111404546,0.07925442169847897,0.4159999999999968,0.4159999999999968,1.746746369815655,0.28000000000000114,0.8079999999999927,0.997829326092397,-0.7880493472339971,-0.4476206723864772,0.13721521330560285,-0.2935052065931867,0.8566128274243697,1.3558062329416667,184,148.952,149.76
0.040744250753721935,0.04799999842525323,0.8064853610090895,7.268526211839676,1.5298190813412125,0.22798645132697304,0.41741090138789066,0.4916292358158353,0.2430242571137479,0.1852255247914027,8.821968856425597,0.20702329544464362,0.36000000000001364,0.36000000000001364,1.6883330654140747,0.2560000000000002,0.8000000000000114,0.9863741184840443,-1.2120464046316841,-0.3711477670751969,0.501510878631719,-0.34518182987261287,1.2188692936715928,1.1329122256343487,185,149.76,150.56
0.02452402556521028,0.03199992582132868,0.35303831917791617,6.349787265281819,1.100591008518573,0.9002876149238227,0.4222660411401408,0.43672693608067614,0.17125287724297442,0.19220566510956336,4.272745777219079,0.426201589942612,0.367999999999995,0.367999999999995,1.457046153725423,0.23199999999999932,0.7760000000000105,0.99453244643057,-0.8372293330483908,-0.30039948861940063,0.3877141847906588,-0.3033052640591184,1.1719269610044327,1.0332511242848845,186,150.56,151.336
0.030053279433549886,0.031999937870866225,0.16498391784918068,6.418310212682818,1.3298661557815166,0.9568882311517406,0.36141024767411756,0.4695261078570548,0.3494409652238202,0.17545509313676752,4.639456020783151,0.06989071043444332,0.39999999999997726,0.39999999999997726,1.738773275163561,0.2560000000000002,0.799999999999983,0.9985372639106239,-0.8625427017297772,-0.38579409388735003,0.2967026066743205,-0.3447230585944978,0.948600104443562,1.1876891912657637,187,151.336,152.136
0.027584980802431516,0.03199999184244826,0.14221003683443645,8.129210155141672,1.1930214336319376,1.455820534073643,0.25348929670661524,0.30395763953384614,0.6952994026857621,0.14942314589295758,6.230854963505192,0.08773786460789308,0.3760000000000048,0.3760000000000048,1.8401613944955801,0.2560000000000002,0.8000000000000114,0.9965327626985827,-0.7800262786082257,-0.4831815592765159,0.08907305646640881,-0.2790932661954473,0.7936661616490698,1.2019106616056563,188,152.136,152.936
0.02672335035449061,0.0319999934697188,0.16523593010646423,5.208013711388716,1.120144480457696,0.5541702721595718,0.38338308700197155,0.4945063643872442,0.2969389527982417,0.16923659839711425,8.211425447819895,0.04750319915395502,0.3199999999999932,0.3199999999999932,1.5078950350659477,0.24799999999999045,0.7839999999999918,0.9980279239128206,-0.6903266946937202,-0.32844199548804165,0.26915521292532146,-0.30103990141295545,0.9858008929733157,1.0049161052737627,189,152.936,153.72
0.029282081667935635,0.03199999774593881,0.3375228015830454,6.731645481692509,1.9826563712520535,1.1838991195386073,0.5905418798403544,0.6038105342384004,0.18084233497371743,0.22433690079754207,8.940429897697175,0.5047308300685869,0.5039999999999907,0.5039999999999907,1.6542305409712854,0.26400000000001,0.8000000000000114,0.9947568135462648,-0.7987954414081507,-0.1491894571359982,1.194855273227402,-0.5578987750159317,1.1606803516348783,1.1026230673810802,190,153.72,154.52
0.021619198543236497,0.023999897456659917,0.1220418187897447,7.288746551753396,1.5938488761599807,1.6288137834790986,0.33002733499163234,0.5318963221078306,0.4860508821033595,0.17327631999652046,7.409314868756952,0.10754533049403434,0.37599999999997635,0.37599999999997635,2.008077912176387,0.2639999999999816,0.7920000000000016,0.9981146898448788,-0.9224768571354405,-0.4327436803924086,0.26847436427416527,-0.4198798170643301,0.8005959265552689,1.304998612645862,191,154.52,155.312
0.029361853330521714,0.03199999030082611,0.14066101441978632,6.103660071480941,0.8720061808440305,0.9414498397385341,0.27094349825874997,0.3555818648386359,0.6724621496382273,0.14422742655738896,8.583225431797356,0.07775586008928027,0.3439999999999941,0.3439999999999941,1.608390628990392,0.2560000000000002,0.799999999999983,0.9982376562405809,-0.6202496447809664,-0.42073210853405296,0.07121906489691317,-0.23119443025341171,0.8009468521362204,1.1886662608868368,192,155.312,156.112
0.01950226524161953,0.023999800707759634,0.1442315922377741,6.3600484310965735,1.498887760971786,1.0245475795312369,0.4029588091713646,0.46239585161550073,0.2951786315146068,0.18336892268701457,5.8637022918883925,0.09714991089254035,0.3439999999999941,0.3439999999999941,1.657955930940003,0.24800000000001887,0.7839999999999918,0.9965586095887411,-0.9288450492070497,-0.35952410246147065,0.4423178703547134,-0.37339173977165724,1.0147406510818113,0.942322582673762,193,156.112,156.896
0.03143388899374391,0.03199998063018953,0.1546344797203484,7.1665392174266245,1.343886924900865,1.2885218726423968,0.29334389456448995,0.414210441541331,0.5967979175068746,0.15113110415744035,6.897201970302477,0.07765131660177833,0.3680000000000234,0.3680000000000234,1.97106069515295,0.2720000000000198,0.8000000000000114,0.997599531758737,-0.9506741553239947,-0.49082307773853084,0.19120728567711165,-0.34512128160224065,0.8369907738039533,1.1632624507389344,194,156.896,157.696
0.02335788270634832,0.023999975233369074,0.1505888383831431,5.881030907782271,1.0393873356279664,1.5770640668164893,0.36589289857603374,0.4384646554495053,0.21679102062856961,0.16968820846286575,7.102111943449391,0.07853339769248886,0.3439999999999941,0.3439999999999941,1.8435117195951816,0.2560000000000002,0.8000000000000114,0.9983523462335636,-0.830499517037479,-0.39160399003088847,0.2668165659853663,-0.3560205225150104,0.8928794503244056,1.0176180103477137,195,157.696,158.496
0.02219395622363522,0.023999980142524777,0.14840197577736214,5.415404765456471,1.0414515830082376,0.7857275380774776,0.3722592066039179,0.5044221168768223,0.181639135746018,0.1658493049670772,5.821729892146381,0.061149313586406184,0.3119999999999834,0.3119999999999834,1.5553287254233985,0.24799999999999045,0.775999999999982,0.9992578879070747,-0.7397124018354941,-0.35113407942213554,0.22244223200380123,-0.2715403369563385,0.9792301102284418,0.8788130573040056,196,158.496,159.272
0.0329843790489038,0.0399998877812507,0.1576218082549306,6.008331398750408,1.1579880103616755,1.4268703550373494,0.35847460247566826,0.5265992182995076,0.24953592170055158,0.16658338951552612,10.03340352539686,0.08651793274277157,0.367999999999995,0.367999999999995,1.8329358072660582,0.2720000000000198,0.7920000000000016,0.9988790268466443,-0.837149425848446,-0.3814620236791562,0.2831183268803,-0.3720985054149832,0.8687269578577244,1.1231415294236171,197,159.272,160.064
0.0362024933152644,0.039999885252927574,0.16281790352182934,6.234204518741376,0.8290678924876478,1.91334391728275,0.31525586430246555,0.38926351520876257,0.2209891485990123,0.15365350745774753,12.114145564365227,0.08313915921360862,0.35200000000000387,0.35200000000000387,1.934282307762236,0.2720000000000198,0.8080000000000211,0.9978356374020048,-0.8406088681226228,-0.44159552562721505,0.1875808546094024,-0.3547633116660261,0.8212495554632029,1.2962049860562035,198,160.064,160.872
0.037339901101817174,0.04000000327874857,0.5704056235899332,4.887162288975726,1.354900369243427,0.2857863454130565,0.41791866333074784,0.5287128743495698,0.5916732354292019,0.157644844855817,8.044253941580354,0.34543931117956,0.35199999999997544,0.35199999999997544,1.3754113163462505,0.23999999999998067,0.7679999999999723,0.9887351544608469,-0.7678893934961258,-0.30710320351939646,0.29115777667794507,-0.2521896140031239,1.2031541071400598,1.3597145114259597,199,160.872,161.64
0.027827418923771448,0.03199997383224609,0.15466149914916139,4.311090431044745,0.7124322792946433,0.7953989645808408,0.3483297158772437,0.32518969540338355,0.2397178317563891,0.15515902208125557,4.209448933466209,0.09285233417057126,0.33600000000001273,0.33600000000001273,1.2007347332437694,0.2400000000000091,0.8000000000000114,0.9974267103771763,-0.49832911562276144,-0.3218058862690029,0.1181523904194259,-0.19236815382784958,1.05241594094748,0.8064488384932733,200,161.64,162.44
0.019912657502426996,0.023999848214843238,0.15672760365440677,7.019144403261108,2.040797374043869,0.5196284473179458,0.4766044745934784,0.5485989891761959,0.47086615380641467,0.21182421814867777,13.691480567699166,0.047378490266682644,0.367999999999995,0.367999999999995,1.708295276914153,0.26400000000001,0.7760000000000105,0.9955307012831549,-0.9052316991283242,-0.2544919365196317,0.8193040452419305,-0.48509889326132954,1.0434683043192805,1.2668318305726907,201,162.44,163.216
0.025396466247204114,0.031999999339140106,0.27370347873956874,8.237190412351621,1.5353684151102445,2.729540922202067,0.6446015161720858,0.7237206633812006,0.2912821670439294,0.3004217171210367,7.608664688710893,0.8681516460853009,0.35200000000000387,0.35200000000000387,1.5960431353829059,0.24799999999999045,0.7920000000000016,0.9950118032267327,-0.0667427218125628,0.06622225836719055,1.6708587885762198,-0.7076522172064279,1.062051183633803,1.3939119481635214,202,163.216,164.008
0.016539695124442193,0.01600014102549476,0.1732580334474923,3.414290504020646,0.7940962641204782,0.35683319817061354,0.39479005028402303,0.5973133253617614,0.17450608453227343,0.1522758035821003,7.4174282077106035,0.028467655083055408,0.30400000000000205,0.30400000000000205,1.1661722338544602,0.23999999999998067,0.7680000000000007,0.9979621473202483,-0.3980156300255173,-0.25879625037475984,0.11609783050297956,-0.19065656675968945,0.9910098039064157,1.2708011759083007,203,164.008,164.776
0.022773848185079746,0.023999999454364287,0.15283714594231937,3.6454763637692147,0.5286809187075542,0.9428759079635907,0.21956361175925893,0.24476142078525656,0.5030728682843325,0.12044201290061125,3.292428219091241,0.07177313656555728,0.3359999999999843,0.3359999999999843,1.0211468481580723,0.24799999999999045,0.775999999999982,0.9955552485506237,-0.18104813640942355,-0.2501356161439768,-0.004868137417921297,-0.13278886336607934,0.6467654998781841,0.5794985406149684,204,164.776,165.552
0.02918800508857915,0.031999935143682844,0.17000850786822455,6.350496045479327,1.2448716162998297,1.26445902518637,0.3877756189391792,0.5062402308737944,0.2408455112516499,0.17628198285019422,9.916485148406542,0.07241496591144993,0.3760000000000048,0.3760000000000048,1.9051189785581053,0.2720000000000198,0.8000000000000114,0.998939687584248,-0.9694545148517777,-0.3879688232774959,0.36333979974389796,-0.3921622882358179,0.9276301679572755,0.7488017308499558,205,165.552,166.352
0.042109120672834024,0.0480091218460853,0.5600000158352811,5.154017639816994,1.71405305114608,0.6945010016698067,0.4294771055347471,0.43595966500307753,0.2628103032493764,0.14053855780531643,7.567481057344763,0.048170390132355814,0.5519999999999925,0.5519999999999925,1.5685218318345588,0.2560000000000002,0.7839999999999918,0.9621991536456753,-1.1493893598546945,-0.40185505469216587,0.2812138474090932,-0.22240384461335352,1.492827743988082,1.4828863505324972,206,166.352,167.136
0.024957346580028517,0.03744481521446685,0.16512403412785953,3.1959355456404546,2.7651947454751635,0.5504533557817511,0.6879999999994711,1.3435482457556434,0.16499999999999918,0.16991494490240858,15.679999999954157,0.040144871240783295,0.3439999999999941,0.3439999999999941,1.3825973727377758,0.2560000000000002,0.7839999999999918,0.9982195288843431,-0.3999126130667621,-0.12986002852502926,0.5817454744420119,-0.44766293277048375,0.9716988896519508,1.4555284011424483,207,167.136,167.92
0.018045525916769414,0.02399981548666244,0.1496358734312804,5.678022289777384,0.7963644089910168,2.0362114319645674,0.33438709935148814,0.4422050680050465,0.163040545640647,0.18953910174572997,5.924905396721751,0.08245638239285313,0.35200000000000387,0.35200000000000387,1.4141410388003886,0.24800000000001887,0.7760000000000105,0.9981152214970798,-0.41929726573132065,-0.2694554663789136,0.14743303167027538,-0.2808898955646606,0.828489413571333,1.288388429087618,208,167.92,168.696
0.04235897281078146,0.047999952783518915,0.266255402345222,8.967699612403136,1.993432559378768,2.378040172139197,0.6072615737719479,0.6121423720585106,0.2320350720802894,0.254264907540398,6.9587336324826214,0.7806469832270738,0.3760000000000048,0.3760000000000048,2.097454124870697,0.26400000000001,0.8000000000000114,0.9913027320199248,-0.6013585151091089,-0.021701727884129676,2.046264481849058,-0.7533075738813775,1.1296484106732891,1.25119871663552,209,168.696,169.496
0.028175320897037188,0.03199990882263506,0.16477503643462915,6.139028420755899,1.0491719171740395,1.4082377483658293,0.3632035500401991,0.45236054960521316,0.22098913616998042,0.1718666514530687,9.167158764177431,0.07636884187400929,0.3599999999999852,0.3599999999999852,1.8104382433186983,0.2639999999999816,0.799999999999983,0.998321334121106,-0.8499641328955629,-0.38873068312758724,0.28232878200654393,-0.3558202735243998,0.9099356975866673,1.2433821596669348,210,169.496,170.296
0.02199287143212276,0.02399999027808936,0.1498894944649245,5.692068380758799,1.175015961530871,1.1457233121875972,0.37979470921767594,0.4693199072529288,0.3020157241225593,0.18883488436563184,6.867512970442072,0.08993670229412205,0.4000000000000057,0.4000000000000057,1.4861386529057303,0.2560000000000002,0.7840000000000202,0.998436687619408,-0.5995693010951985,-0.29403646138942663,0.2692946164953646,-0.3306024365066564,0.9169789784608229,0.8944461712411765,211,170.296,171.08
0.02606537617750948,0.031999991238016626,0.15730764843467154,7.031365804115669,1.0421999632012275,1.3922350352358654,0.3460893211002875,0.39329644153104754,0.2714518819316642,0.18287414586048717,7.491426177834841,0.09326998062088761,0.3599999999999852,0.3599999999999852,1.7197891164215495,0.2639999999999816,0.799999999999983,0.998507678207172,-0.8273963331371478,-0.3868487263551282,0.2616348887449795,-0.33479148821623383,0.9256696738339427,1.034228193905958,212,171.08,171.88
0.021683142613564976,0.02399996609434767,0.1614347017425949,6.34109301384564,1.221722183608437,1.583571944994866,0.38822928251171035,0.4199073068505459,0.23992308231653114,0.18382119797995602,7.595147262137474,0.08719694886990688,0.35200000000000387,0.35200000000000387,1.7699241402034038,0.28000000000000114,0.8079999999999927,0.9982984321046736,-0.8973250106456533,-0.382619417752673,0.38044855446573733,-0.3920196717853091,0.9594622440145711,1.129981016771129,213,171.88,172.688
0.019500551348560387,0.023999919051448916,0.15136397025905432,6.668859685311834,1.4842127084768397,0.7088204856175561,0.4085723822986637,0.627831064064338,0.33184942031761416,0.21334227562573532,13.085368257225463,0.06648711586625863,0.36000000000001364,0.36000000000001364,1.5338912639010511,0.2560000000000002,0.8000000000000114,0.9962021596694275,-0.6762785795824342,-0.2830297722971461,0.4252680981124423,-0.391346433432001,0.9839679364654073,1.1495834760439096,214,172.688,173.488
0.029132191433810302,0.03199990960201612,0.16533862498802748,6.783004748296118,1.3356024618053621,1.7753148646453798,0.3975028565338406,0.3994965707751657,0.22934616605034203,0.18280830895048053,7.0734239796213325,0.09273819627873314,0.36000000000001364,0.36000000000001364,1.9053962049174245,0.27199999999999136,0.8079999999999927,0.9985976712365796,-1.0696684317461156,-0.39868321134851087,0.46507052216373607,-0.4201880150654388,0.98160311549183,1.290342568329764,215,173.488,174.296
0.035715924297687364,0.039999984594511,0.15745914914397724,5.38454751155965,1.1351844586511146,1.180074486951897,0.3876443120325498,0.48605692328944394,0.2234611331956289,0.17959363470737583,6.65406464396988,0.07830217321886972,0.3439999999999941,0.3439999999999941,1.5670242755305888,0.26400000000001,0.8000000000000114,0.9981389838968153,-0.648106057398546,-0.3047293307898549,0.28903574681524535,-0.3444161956474372,0.9355448426293921,1.0420447508745434,216,174.296,175.096
0.02752048209744508,0.031999980411655894,0.3061138229531871,7.3786963517545265,1.535756228058689,2.2050208036184644,0.5722533076870311,0.6502590083582419,0.293578599687844,0.2570319553355892,8.733294093395688,0.6596093703746947,0.46399999999999864,0.46399999999999864,1.5592129422016139,0.2560000000000002,0.799999999999983,0.9969037037133271,-0.529167057559052,-0.08697471113276108,1.1542100297353608,-0.5777800664141983,1.0954349245025785,1.0371594027691768,217,175.096,175.896
0.03435241738603986,0.03999985438913501,0.1644830774166174,5.9127989804020835,1.198118587616543,1.0008902288008894,0.3782639341746268,0.5196945477211113,0.3734957354684075,0.17063415999992734,13.271471088999661,0.07477639594987365,0.38400000000001455,0.38400000000001455,1.8017946970721455,0.28000000000000114,0.8240000000000123,0.998133213495002,-0.9051481291324782,-0.40377730632841485,0.3008954291452144,-0.37914306224468586,0.9238070869372492,1.1407898494542512,218,175.896,176.72
0.025627541869170004,0.03199994742771815,0.16825830305926254,7.0573097373049265,1.4376899071051659,0.7070289557933647,0.4248026235415846,0.4819342585322695,0.18129391301830078,0.1984050922487557,7.207456339665124,0.051555177851817284,0.32800000000000296,0.32800000000000296,1.748648756643546,0.2560000000000002,0.8000000000000114,0.9985011852320378,-1.017548711193874,-0.34347865996403065,0.4790741804489139,-0.3753458156647259,1.0823386637393932,1.0039390356526894,219,176.72,177.52
0.02796504615360258,0.031999905525619196,0.29836177715217016,7.139844074176531,1.413426294951801,1.7825861125615312,0.5468130339181259,0.6759245371285493,0.26973598135748883,0.24261720957590446,7.854079850398974,0.7500338059762119,0.43199999999998795,0.43199999999998795,1.5934827042623059,0.2560000000000002,0.8079999999999927,0.9973618847818985,-0.691678179733644,-0.15017119375746635,1.0058227413879461,-0.5413761997024878,1.1096890201355294,1.0996918585178606,220,177.52,178.328
0.036806849520510415,0.03999997503061457,0.17252605225782408,7.524584230476164,1.3097790235915219,1.3301331285940816,0.3515709451957516,0.6750682331341048,0.20380111121341152,0.17793997073769538,14.1868212228323,0.07921171726555859,0.367999999999995,0.367999999999995,1.964886917332689,0.27199999999999136,0.8079999999999927,0.9985533668661667,-1.0637226457803766,-0.43080439885994204,0.34775295357080455,-0.3914554032188094,0.9229569092650252,1.305975682266935,221,178.328,179.136
0.04355858283848067,0.047999964294294026,0.8074983782548104,7.108122573325604,1.7828498300383242,0.05910278000591146,0.42140488764177053,0.5510547654684798,0.4334477608561198,0.17479645833592244,8.400142532298398,0.37374992694252196,0.3760000000000048,0.3760000000000048,1.8097158571080167,0.26400000000001,0.8000000000000114,0.9822063316418426,-1.364523034264249,-0.4021986564216621,0.6163633441740555,-0.3888076559666983,1.1951809077342217,1.1974598874764952,222,179.136,179.936
0.03430191015325729,0.03999992711779057,0.16293123627244258,5.739854179796771,0.8934840918588894,1.2255504620928197,0.32367162078983375,0.39419024062582503,0.2409681364021786,0.1504039553641526,5.970952596832423,0.09294235071478393,0.3359999999999843,0.3359999999999843,1.627921193149997,0.2560000000000002,0.7920000000000016,0.997557559523224,-0.7877415468336461,-0.4133662350791723,0.1866789091262975,-0.2771387138366402,0.9252967000775589,0.9745658801691771,223,179.936,180.728
0.035890685847821686,0.039999943517397094,0.3170437827767054,8.627737596065188,2.1116782333916793,2.463894293145213,0.6259666037247629,0.6555037543457716,0.2537908025468345,0.2613470637398874,8.546256991696238,0.6609532033647311,0.47199999999998,0.47199999999998,1.9110119025275274,0.28000000000000114,0.8160000000000025,0.9971639468129279,-0.6108823650821439,-0.037888981093888274,2.0671259498551064,-0.7784289239399299,1.1230861804896204,1.206253514066154,224,180.728,181.544
0.03631685301400115,0.03999999807030184,0.9849899659692054,8.138377283345475,1.9426736208461368,0.9429187074804277,0.41097813170945746,0.5003850071502783,0.3611757437373629,0.18203607473129402,5.169308870776081,0.4827687402845687,0.367999999999995,0.367999999999995,1.891801649592079,0.2560000000000002,0.7920000000000016,0.9843701061616703,-1.5464342228387784,-0.43125024925570343,0.6535560370725227,-0.38417196169460843,1.2364938575377058,1.1221644598025438,225,181.544,182.336
0.027753998976045274,0.031999997326044305,0.3717508194072162,4.917314009036097,1.356870409734028,0.7134018939799033,0.501897338459009,0.5544581471212641,0.17967114748842922,0.17314338836798954,8.03781628234876,0.381614300772169,0.48799999999999955,0.48799999999999955,1.4481848229500383,0.23199999999999932,0.7839999999999918,0.9972416755829677,-0.827178127994646,-0.2749417027683906,0.4866095846688026,-0.3480929983765901,1.149869534793338,1.0420447508745432,226,182.336,183.12
0.0363853337961208,0.039999926332447484,0.16116540515625585,7.28410004084306,1.3880064995847816,1.5217135394437562,0.353396550064641,0.5122631223339027,0.2090921463499298,0.18193041967873974,4.3485412412578155,0.08003000102005754,0.35200000000000387,0.35200000000000387,1.852442018221186,0.2639999999999816,0.7920000000000016,0.9989225013749227,-0.9105621817282821,-0.3770490423603413,0.3446203318691641,-0.38248552844365724,0.9123814909103539,1.2355656026983493,227,183.12,183.912
0.035790066611953,0.03999993735785735,0.15573069796686756,5.741519049243875,0.8898150975680499,1.4168234335028782,0.3401808873957921,0.43526677560389926,0.2449359469170299,0.15758818518289625,12.463146081943373,0.08327170017913925,0.3599999999999852,0.3599999999999852,1.8077463206730422,0.27199999999999136,0.8079999999999927,0.9979409952172108,-0.8046504928186775,-0.40861287810056346,0.20878464230716948,-0.3366260038181926,0.8649873814578777,1.1094625547285923,228,183.912,184.72
0.033833441564511756,0.039999961404457295,1.1460984353566732,7.019367408118394,1.5613576443714328,0.00902094576992149,0.44285365974363516,0.4909155118127022,0.3213669057600892,0.19520162806888056,15.085744076456384,0.0742555726002299,0.33600000000001273,0.33600000000001273,1.5621173819168097,0.2400000000000091,0.7839999999999918,0.9938311621436576,-1.0314985234482625,-0.3028524760685095,0.5612934621553385,-0.3609205922480058,1.1952935899191124,0.886629614272591,229,184.72,185.504
0.02676085058326826,0.03199998909435651,0.282993256401177,7.604679974680394,1.701168870783688,1.7167309178303782,0.5539277267495434,0.6082255894217022,0.26983588663335345,0.24070399756705768,9.702622691152872,0.6984402268153063,0.4240000000000066,0.4240000000000066,1.6340859557351517,0.24800000000001887,0.7840000000000202,0.9970630896833731,-0.6950072825826795,-0.12418686522125998,1.2203472002234954,-0.5738446268152447,1.102292841353575,1.0733109787488848,230,185.504,186.288
0.03423936765820253,0.04000002975906326,0.2832101787556951,8.824571735972492,1.9462906873362453,2.2644462861071926,0.6180842022621469,0.722410724649436,0.2132389975833512,0.2625067840097426,7.607435639558981,0.8277007988938917,0.37599999999997635,0.37599999999997635,1.9860657468170972,0.27199999999999136,0.7920000000000016,0.9968072603739097,-0.4707242060650173,-0.004989624827213358,1.9512610889611761,-0.7506756912755003,1.0869303148871632,1.3421272582466428,231,186.288,187.08
0.026011464362870818,0.03199989181339164,0.15064817205457762,5.2367411909930714,0.8860925960393635,1.0110313679636567,0.35966415586886646,0.47498140309595765,0.22883968187898282,0.16832413210823832,12.076988385303256,0.06446535103014152,0.3439999999999941,0.3439999999999941,1.5882558270865457,0.24799999999999045,0.7839999999999918,0.9983643141372015,-0.6237299416018686,-0.3293006530443934,0.19735913418329673,-0.30048990513931534,0.8770070431437194,1.2776406632558124,232,187.08,187.864
0.029689810629030384,-0.017325385577837683,0.2511192757745143,13.466248153721383,2.693249603509269,2.6932496307442766,0.3055992740866928,0.9406578462085453,0.37756280027997113,0.2370154615461313,0.7680000000000008,0.8960000000000149,0.3199999999999932,0.3199999999999932,1.3466248153721385,0.2400000000000091,0.7680000000000007,0.9990439464536354,-0.43375109894265135,-0.2333682536310604,0.192861503915485,-0.2919352729906727,0.8601064779688811,0.9208270510101518,233,187.864,188.632
0.024855545117029042,0.03199995627961053,0.1498893909716509,5.542186827747176,1.0114246993887535,1.2312218033397715,0.35371842152099464,0.4549675125173568,0.2808295862697509,0.1592337556610694,12.234981046921737,0.08335033311926816,0.3599999999999852,0.3599999999999852,1.747390538905888,0.27199999999999136,0.775999999999982,0.9984571639356966,-0.769861657059896,-0.37529891467412047,0.2292408943524842,-0.32974668550419817,0.8560279167401377,1.203322305202935,234,188.632,189.408
0.03022184761100612,0.03199997530726266,0.15025719457268794,5.945313856653701,0.9892172831395921,1.2038867694824793,0.35247585274692506,0.39491577271669737,0.2707115962958099,0.1710917852341485,8.595328678418344,0.07999835691400121,0.36000000000001364,0.36000000000001364,1.6603889423321547,0.2720000000000198,0.7840000000000202,0.9987079007063475,-0.7261818554145645,-0.35156667620872023,0.24014459279258055,-0.3230591952741282,0.8946937792781936,1.2991361949194231,235,189.408,190.192
0.02763025171233287,0.10378836527505479,0.17354954268173517,3.4628616948377138,1.9332066399019616,0.8625727800287628,0.687999999997067,0.7096891893376815,0.16199999999999726,0.19516354921749104,15.519999933970526,0.06671553077143423,0.3439999999999941,0.3439999999999941,1.3423631715465243,0.2639999999999816,0.775999999999982,0.9983065798637877,-0.2810637123040391,-0.07098843925841442,0.6361941796024186,-0.48553619155509514,0.9264547486669532,1.056700795190641,236,190.192,190.968
0.022814893086398235,0.023999982972471714,0.26786149248098085,7.231640473388933,0.3907939289721443,2.889513805692664,0.5055658329577432,0.6153572157157341,0.2984691783117775,0.26610003829773116,6.20445125479729,0.8613028808072466,0.33600000000001273,0.33600000000001273,1.4450713825058907,0.2400000000000091,0.7680000000000007,0.9913320664107966,-0.3411969520221326,-0.07704595933597982,0.7799483855491418,-0.5023528913533883,0.9815330222277073,0.8983544497254692,237,190.968,191.736
