t0,t1,t2,a0,a1,a2,b0,b1,b2,c0,c1,c2,dicnotch,winSys,maxAmpl,sysTime,duration,R2_of_fit,Es,As,Ed,Ad,td,fd,pulse_index,start_time,end_time
0.03907416180504181,0.03999993250327265,0.3529587853803311,0.7369063198204588,0.2072525140877301,0.13895124541675027,0.23521844161314298,0.24991184682168496,0.42619937518851675,0.0818323459367406,5.168878883682198,0.11475739890788834,0.33599999999999997,0.33599999999999997,0.213807504871858,0.1439999999999999,0.5279999999999999,0.9810955799596038,-0.014861926200174356,-0.043798379075976,0.0003648813117120244,-0.006755264218680903,1.896286054334351,0.42352941176470577,0,0.68,1.208
0.06230971716529329,0.06399995033538111,0.5847300673842379,1.015915140707647,0.11172324268323094,0.06118903636134235,0.1915172962345909,0.25743279820253057,0.25450441834523413,0.09535809219230983,1.9106030504449871,0.2637092519246198,0.30400000000000005,0.30400000000000005,0.23197874300394766,0.19199999999999995,0.5680000000000001,0.9847937698623864,-0.013594201308113446,-0.04600341456629951,0.001373074897718626,-0.01499550228831771,0.8935625184058466,0.33333333333333337,1,1.208,1.776
0.051678084649018505,0.05599998455029542,0.2609576381946009,0.9863050115845305,0.04547986715616961,0.08915332382924925,0.14659012003118793,0.1497241501183906,0.12982209197643163,0.08645204931040935,1.1787143821788642,0.02535935393589094,0.248,0.248,0.18156163066415326,0.15999999999999992,0.5919999999999999,0.9765494881606047,-0.007200134196022807,-0.042352143241354216,0.00011644025493898988,-0.007664313668476891,0.7523463092562032,0.4117647058823528,2,1.776,2.368
0.03874379582079027,0.03999994090852169,0.298251581446177,0.5268745367560781,0.11026192071854293,0.09573125998425976,0.20916145766526073,0.20363902830727895,0.659591887399714,0.0811987840742548,3.712798170921956,0.19437137495103166,0.28800000000000026,0.28800000000000026,0.14107626774167376,0.13600000000000012,0.544,0.9838335376885424,-0.00644962630931005,-0.03262806356345419,-0.0001315280445428115,-0.0010391187699240407,6.005663351883437,0.4117647058823528,3,2.368,2.912
0.0459849993142103,0.04799993923146316,0.3160296789826654,0.6851550049371251,0.16435661807794366,0.1457760259302414,0.23281356483059104,0.24916732287657697,0.7663785565090491,0.09003259719493015,5.7684367916118875,0.1968830888386913,0.29600000000000026,0.29600000000000026,0.1800856333222533,0.16800000000000015,0.5920000000000001,0.9899808330951757,-0.011903578322286836,-0.0447650033962848,-0.00025788527010839546,-0.0017887002642724041,5.6608134273720845,0.403921568627451,4,2.912,3.504
0.04402453977038348,0.047999989482092595,0.33684073657832525,0.8595221704518442,0.14895038897365728,0.2077338791019038,0.2515975499313371,0.2988380289090401,0.8523887089056077,0.10722140938706284,5.842853431577446,0.22578046040108693,0.472,0.472,0.22030239797030243,0.17600000000000016,0.8800000000000003,0.9911883580080103,-0.02051325124055694,-0.08938523186184454,-0.0009299346161052654,0.00756390897720174,-1.1592894791793475,0.403921568627451,5,3.504,4.384
0.14399999999999966,0.07246342202580726,0.29766164934540557,2.0170684696972825,0.40341369393945653,0.40341369393945653,0.39930368560749074,1.1787212363069934,0.15563925028229836,0.2583450661586219,13.1199999982097,0.44800000000000034,0.4319999999999995,0.4319999999999995,0.2017068469697283,0.28799999999999937,0.6559999999999997,0.9934079675038621,0.014252796086985188,0.05203826329494132,0.03221886859114642,-0.09669616508026817,0.8165781233875153,0.4666666666666668,6,4.384,5.04
0.044862766480894024,0.04799999312337087,0.4305626283920886,0.2777929744642803,0.10034508641872568,0.29275792487703484,0.292413104272671,0.6584969297485013,0.2095259572076097,0.057336106404212064,10.875388092756973,0.07570601378248772,0.40800000000000036,0.40800000000000036,0.14804461149196135,0.16800000000000015,0.8079999999999998,0.9478398341854973,-0.005698043353137068,-0.04282863014584091,-0.000510057099286684,-0.013393459755705307,0.9697430183708873,0.4,7,5.04,5.848
0.05379065518252192,0.0559999868725963,0.48470067261095784,0.9662321224279615,0.02679314932624024,0.06509543128186634,0.11793878570245998,0.1391880626744453,0.30948935495488505,0.07134312730154548,1.3246071383518747,0.1694227557749337,0.2240000000000002,0.2240000000000002,0.17712332264048497,0.14400000000000013,0.4800000000000004,0.9698495707848305,-0.005052774803007056,-0.03081297045635851,5.860397931620241e-05,-0.002557970890043079,0.9035464966057201,0.42352941176470593,8,5.848,6.328
0.04612864424307152,0.0479999535534919,0.3205966971576568,0.8560022073319389,0.24267148366383834,0.16384874822773376,0.22817640298248695,0.2499209381248119,0.39057333831040536,0.08854079976958631,5.251621800907714,0.11305787220001787,0.3359999999999994,0.3359999999999994,0.21458770319480253,0.16000000000000014,0.5119999999999996,0.9818716629640759,-0.015381339954809451,-0.0399511008482043,0.0012957284001209415,-0.011459299168556793,1.3225061450310727,0.41568627450980405,9,6.328,6.84
0.047439222560653055,0.04799999009082163,0.31371862281072227,0.7812507973141816,0.22627322086677212,0.23787113479821348,0.23594344868828662,0.24117401990239698,0.833967518346867,0.08279020722327975,5.565284103549416,0.23262210411746717,0.3280000000000003,0.3280000000000003,0.21703895934466955,0.17600000000000016,0.5920000000000005,0.9836363781594404,-0.018280825947791634,-0.05603022305753211,-0.0012023087584157235,0.001587394865267908,-7.383510161668622,0.41568627450980405,10,6.84,7.432
0.04358402283400915,0.16000000168896023,0.5359999002696225,1.6250722496395575,0.039822920390832385,0.10544085829778205,0.1533534827037667,0.4430595741049625,0.42017561766731715,0.1018197080921165,4.780290441773901,0.4971428438136695,0.23999999999999932,0.23999999999999932,0.2588762388820569,0.15999999999999925,0.6559999999999988,0.9865248357792868,-0.013244328503106566,-0.06251998360940571,0.00033250529148389716,-0.010258642989135796,0.7785162394874933,0.3294117647058823,11,7.432,8.088
0.06955841497967898,0.07199993097086897,0.349712293429938,1.1746318637519517,0.3077559338902401,0.22943065132248358,0.24140690211204335,0.26578365061286274,0.8407392134974473,0.09541599219341625,5.33066353787309,0.23299896627478245,0.3520000000000003,0.3520000000000003,0.29402232083490126,0.18400000000000105,0.5760000000000005,0.9885373455843207,-0.03023614411075206,-0.05757344386190665,0.002374976263162225,-0.017553958047044592,1.3796763337030558,0.38431372549019605,12,8.088,8.664
0.05185214370135367,0.05599994987532832,0.3076938338069722,0.945140751650978,0.22993856533429208,0.23033342961100559,0.22314816366858795,0.20602176357519902,1.0924295708297065,0.08580146565843662,5.747852838295839,0.2232027045444236,0.30400000000000027,0.30400000000000027,0.23689110705915323,0.16800000000000104,0.6080000000000005,0.9918026278635942,-0.023023225278268382,-0.06585039308793847,-0.00228662036105435,0.006939681698158142,-1.4567761051626704,0.38431372549019605,13,8.664,9.272
0.036942246768411756,0.18018855388378854,0.5342210922074625,0.8027522958732978,0.36595607256354207,0.3025814819890161,0.5350546258919164,0.12400000000000012,0.18599999999999953,0.14394414330834845,0.992000008148902,0.04494704465266841,0.49600000000000044,0.49600000000000044,0.2988989499489416,0.18399999999999928,0.9919999999999991,0.9899643145004494,-0.05004609360571217,-0.10947147503355693,-0.0022893220039662205,-0.014338063047880002,4.595470377181167,0.3686274509803922,14,9.272,10.264
0.07082099981143634,0.07199999437007303,0.3377749455091828,0.8566445631840179,0.2347103587853991,0.15274011056894016,0.24367203249971855,0.2659673747650673,0.48724078916741537,0.08839192345398021,4.742222890691286,0.16404565920643413,0.29600000000000115,0.29600000000000115,0.2444556816438737,0.18400000000000105,0.5520000000000014,0.9876990947100798,-0.01765023244987871,-0.04077226259468135,0.0023377161491501324,-0.017517966986771476,1.087542499336293,0.4156862745098039,15,10.264,10.816
0.06324552418974838,0.0639998972789993,0.635424179225367,0.9720242525355728,0.05398940879642012,0.05840328936767317,0.13274304414045537,0.18743270643113727,0.2547601654180422,0.07354691111230918,2.928069912436408,0.24214085079505757,0.24799999999999933,0.24799999999999933,0.20643323835721594,0.16799999999999926,0.49599999999999866,0.9710783654137948,-0.007347370132846331,-0.035605732267218915,0.0004194405996591992,-0.007860238062033084,0.7674959265496665,0.4470588235294118,16,10.816,11.312
0.04720991535435081,0.0479999532974252,0.31375620491029454,0.6531795418719593,0.12973723029964288,0.15196982277283969,0.2090539850670833,0.2204131308692156,0.5914971741570353,0.08542000539794559,4.781600560503363,0.1949733898839157,0.28000000000000114,0.28000000000000114,0.16898314608605874,0.14400000000000013,0.5920000000000005,0.985402023442826,-0.009521924429969606,-0.04286404462736403,-0.0004993222093829239,0.0018996618533489425,-3.3531569126471132,0.4470588235294118,17,11.312,11.904
0.10212604718346575,0.10399999801130178,0.624942743825086,1.0246265083216435,0.11406783207185169,0.09197521965750352,0.18091787564999698,0.19009318153817964,0.24645761176589182,0.08282080554758205,1.6212937616010648,0.30329580650303134,0.28800000000000026,0.28800000000000026,0.2602698940820746,0.2159999999999993,0.5760000000000005,0.9826847827673321,-0.015748581701658094,-0.04622061111029853,0.001571565061389544,-0.016786937705474785,0.8797689013649022,0.41176470588235276,18,11.904,12.48
0.05290963628235068,0.05599999840336483,0.3381465011108249,0.9959418121226213,0.24584386394538696,0.16671879970030812,0.24892330757635045,0.254022142725988,0.5692049599614157,0.0946055604988489,5.284949355168842,0.15792827218632968,0.3439999999999994,0.3439999999999994,0.26603388303372816,0.17600000000000016,0.5839999999999996,0.9865231193367988,-0.025076275428976016,-0.057937906911629686,0.001486418145338897,-0.012887582372685379,1.5821657614589906,0.39215686274509803,20,13.096,13.68
0.046189225990930886,0.04799999241730777,0.31685357878298254,0.7805271588542327,0.19200518752448767,0.14024620037969862,0.2245321528600052,0.25035396176715313,0.47677406521622057,0.08533138874012883,4.550449063848509,0.13906425674401074,0.30400000000000027,0.30400000000000027,0.2132856809620951,0.15200000000000102,0.5519999999999996,0.9874379491478343,-0.014783627079222584,-0.046267066137539975,0.000606761220449917,-0.007889729997371274,1.663574503095105,0.39607843137254894,21,13.68,14.232
0.0439209265601354,0.047999940614070605,0.32111013722812853,0.9697824823896894,0.23357339475258412,0.20397791446098656,0.21052629076478155,0.3418495808997443,0.7564956906223163,0.08882313091091412,4.777993437919699,0.2059478309865884,0.2320000000000011,0.2320000000000011,0.2495030308852692,0.16800000000000104,0.5920000000000005,0.9850028816591792,-0.019861647890479703,-0.061810269173016116,-0.00028652159471413306,-0.002435924403137895,4.684555715782804,0.37647058823529417,22,14.232,14.824
0.04454813895005808,0.047999993855575,0.33918194874679153,0.9829958257631505,0.20237885421869053,0.17091313584031265,0.23337715046009533,0.22542923090208156,0.6529323480775707,0.09017697421174345,4.303765659507841,0.1915365034088165,0.26399999999999935,0.26399999999999935,0.2663048461461549,0.16000000000000014,0.6159999999999997,0.9855446844345457,-0.02553280453163497,-0.06985971611823695,-0.0003845185199087179,-0.0029377964048778213,5.161026198113358,0.38431372549019616,23,14.824,15.44
0.04214412750649229,0.1679999996805058,0.5328184303654794,0.7161538504401399,0.07089662745767646,0.3907942412748313,0.16255094225691266,0.7578477189257149,0.19500067003501217,0.06471382137275922,7.178389066630714,0.0477590923266043,0.48799999999999955,0.48799999999999955,0.24881417649218046,0.15200000000000102,1.0079999999999991,0.9708244517205965,-0.010797341767920578,-0.06787004954286259,-0.0041108339167595775,-0.03624363014095071,0.7742915976630034,0.36812959618439356,25,16.04,17.048
0.04497202580276721,0.04799999135678485,0.30192042265954055,0.9295616305139719,0.20089596798673698,0.17962139381789755,0.23623438013391293,0.2316743082139467,0.6951152132153569,0.08650194290730526,4.463819081631495,0.21246553232147178,0.30400000000000205,0.30400000000000205,0.26667108238750764,0.1680000000000028,0.6160000000000032,0.9900124422687047,-0.025109899835608327,-0.06944515423689651,-9.958045986156298e-06,-0.0044350848844016575,3.446465074285451,0.35294117647058826,26,17.048,17.664
0.06349717558661229,0.06399999923533609,0.7173076022297211,1.1249779769283086,0.1346736591603526,0.04322067124032316,0.18092253263599378,0.26750815722008014,0.6435825891488441,0.08445865452292317,3.893505280791567,0.2051027167710557,0.26399999999999935,0.26399999999999935,0.2872641198741994,0.1839999999999975,0.5199999999999996,0.9822245738652796,-0.017730193685212364,-0.048307194353288285,0.002614881385679053,-0.021082185857436608,0.7536565733143801,0.40784313725490196,27,17.664,18.184
0.04574878420863307,0.0479999799155138,0.3137196498380476,0.6417280469075437,0.20585990065249796,0.14048402237961755,0.21445395506429538,0.2256135729021871,0.5786046783010429,0.0771013144915713,5.335144216061685,0.11742910771114962,0.3039999999999985,0.3039999999999985,0.1674740919364579,0.15199999999999747,0.47199999999999775,0.9871478174776692,-0.009078342856358463,-0.0291865125612792,-5.223249731178618e-05,-0.004387595766503982,2.01606966844488,0.3843137254901961,28,18.184,18.656
0.04568018870325977,0.0479999188235896,0.469576588628935,0.8563538310501795,0.04322907710055149,0.055616959539970735,0.12418437263641571,0.1481551675174464,0.24899533451925357,0.06934302885344504,2.6047979288812195,0.19226696582282712,0.21600000000000108,0.21600000000000108,0.17507542877063914,0.1440000000000019,0.4400000000000013,0.9742977266538327,-0.005151950773728826,-0.028261966411974388,0.00023394413770561274,-0.0052332576973862935,0.7325603556284865,0.3843137254901962,29,18.656,19.096
0.05250801566734885,0.05599999483256325,0.31249646129443537,0.6014771185234367,0.1766555465131821,0.15659883554139,0.21062357329598774,0.2207099311212588,0.6308985619564385,0.07716087922387202,5.566668413956062,0.1571410805835298,0.28800000000000026,0.28800000000000026,0.16023521930593204,0.16000000000000014,0.5120000000000005,0.9812837674949719,-0.008469934809619897,-0.03214959915791764,-0.0003671075240707501,-0.0017575621050673078,4.452616036621388,0.36862745098039207,30,19.096,19.608
0.05319771060075113,0.05599999640845293,0.31535540677934115,0.8111644830113156,0.19710223826074277,0.15329183003258828,0.226706829283889,0.20523450216519443,0.5740827518585182,0.08191464807168082,5.146718530669359,0.13581031330151386,0.2560000000000002,0.2560000000000002,0.2208049520022094,0.14399999999999835,0.5599999999999987,0.9884668742845283,-0.01745911365101236,-0.050288567559767,-0.00012698355992577336,-0.004234031845573251,2.961357388480117,0.3725490196078431,31,19.608,20.168
0.04720152546751497,0.04799998633481072,0.353405606272447,1.013143311681885,0.21900823737051842,0.1756385537076471,0.24596246124992469,0.27163538714517876,0.530699302377896,0.08965538686282937,4.599271643485296,0.20339421886277778,0.40000000000000213,0.40000000000000213,0.3017012718269343,0.17600000000000193,0.6159999999999997,0.9900377603435949,-0.03016627189302389,-0.0731341035619199,0.0013193519581212354,-0.011955628317996882,1.7227249398334639,0.3568627450980392,32,20.168,20.784
0.036507366975213944,0.1796363998306297,0.534914666067475,0.8414362995661564,0.4213432796933059,0.3754378975258664,0.6770374407701677,0.12400000000000057,0.25499999999999995,0.14379153397576414,1.1760000044266588,0.045412675826282056,0.4960000000000022,0.4960000000000022,0.3483304474015976,0.17600000000000193,1.176000000000002,0.9881484488094834,-0.08573813255476088,-0.1593949873411083,-0.004526069621571715,-0.01648968984404677,6.414753306186723,0.3058823529411766,33,20.784,21.96
0.05421528189382621,0.055999988888097756,0.32136986368981263,1.365169434190091,0.34240555311216864,0.21623939294848274,0.20967831032135548,0.3729814133641494,0.8559742254540937,0.09249302868346092,5.426583108197067,0.17940997800278552,0.23999999999999844,0.23999999999999844,0.3365494602140812,0.17599999999999838,0.5679999999999978,0.9863257977259783,-0.03378513742168707,-0.07188281606605466,0.0012554805254758284,-0.012085051155094497,1.5653655154239867,0.40392156862745104,34,21.96,22.528
0.044914828445012774,0.04799995530285047,0.2991502352995644,0.7078914078258699,0.16328782249005705,0.1094289589471594,0.18318019510781056,0.17915753311466895,0.4347504679660518,0.07333852725370879,3.2523768135697804,0.11945628333492181,0.2240000000000002,0.2240000000000002,0.17568883112258715,0.1440000000000019,0.4400000000000013,0.9827661347494889,-0.008474854479555722,-0.028392151090068506,0.00025265153020150846,-0.005408132012320996,1.3687073203709967,0.415686274509804,35,22.528,22.968
0.04617614902268665,0.04799997151005862,0.28211056550917973,0.6232739600297036,0.16999437637757905,0.15939867631960888,0.19584441071471506,0.2176958222530309,1.0543948467029254,0.07759680902247884,5.826465031116033,0.18537466283785006,0.23199999999999932,0.23199999999999932,0.15509967449640666,0.15200000000000102,0.5279999999999987,0.9829612012173264,-0.00823495823501997,-0.03592490157886007,-0.0008943184169940748,0.0036963988804433003,-1.4294886060634728,0.415686274509804,36,22.968,23.496
0.05164281996390718,0.05599994421170837,0.32214526353211426,1.101766022754923,0.2327398923938795,0.1982384388417675,0.21884910793695475,0.2928303826343593,0.6445567475000781,0.09471758157023759,4.761981764348424,0.1873531633649363,0.2960000000000029,0.2960000000000029,0.2678561328770352,0.16000000000000014,0.6080000000000005,0.9884990974858502,-0.024787795629646177,-0.06726689911239381,0.0002718537043054574,-0.0066004213293712035,2.362251087026251,0.3921568627450981,37,23.496,24.104
0.05273106507023127,0.055999899823035236,0.5075259111012005,0.5787242763159793,0.16518092290039377,0.2740841865192945,0.32829748017477695,0.1759315644130094,0.3190585510412688,0.06026082505671693,5.118196909201265,0.04034858137709795,0.4720000000000013,0.4720000000000013,0.2703296607803968,0.17600000000000193,0.8960000000000008,0.9621258511848766,-0.02887730681830935,-0.10083506688377117,-0.002590664557153296,-0.003067777664340852,9.17074834811716,0.35294117647058826,38,24.104,25.0
0.05524292393029194,0.055999922582144146,0.31742622613925253,0.864718685787686,0.23842642118801013,0.18266512128262644,0.2304644445018752,0.2943432027242255,0.8812627051810389,0.08614104330612143,6.269295382729797,0.16965287592589176,0.26399999999999935,0.26399999999999935,0.24174089121689313,0.16799999999999926,0.6000000000000014,0.9854804647549663,-0.02002922802499291,-0.05829299473228138,-0.00022796171068179447,-0.00374267363845573,3.6525239837214967,0.3294117647058824,39,25.0,25.6
0.06200420210489862,0.063999967303446,0.3288450365779379,1.138528197116619,0.338574404561485,0.30651422770159314,0.2501726147691938,0.25670880141194596,0.7703510755559047,0.09031466274567597,6.240523099464777,0.26814273756876306,0.36799999999999855,0.36799999999999855,0.30018683281786723,0.17599999999999838,0.5439999999999969,0.9893237908494792,-0.03133797206983039,-0.053798538102638314,0.0033762940178479386,-0.02008059289809146,1.2520654242087699,0.3843137254901961,40,25.6,26.144
0.038837071558337634,0.03999996373501288,0.3024826052893124,0.8908428202162243,0.21494369252713752,0.1730281391776357,0.20959100462688635,0.21337804186253187,0.6293852663275277,0.08300389932547518,3.2759399815044796,0.14616290672034088,0.2240000000000002,0.2240000000000002,0.22117992054275215,0.15200000000000102,0.5440000000000005,0.9887483729357328,-0.01777228060445343,-0.0537475238305368,-0.000997027814310122,0.0014607822625215061,-6.547373448135273,0.3843137254901961,41,26.144,26.688
0.046135988636504484,0.0479999907057734,0.49742719311283756,1.0509979701499568,0.08357537752620582,0.08950953286936403,0.1508383542111539,0.15109399293001108,0.2785795271974232,0.07438263928057529,2.869436483976796,0.16184566316523716,0.240000000000002,0.240000000000002,0.24940745754014743,0.15200000000000102,0.4720000000000013,0.9685017425663571,-0.012417215019697095,-0.04334049247226726,0.0009323968461651075,-0.010569995754961448,0.8118905183867781,0.40784313725490196,42,26.688,27.16
0.053302773633510735,0.055999996776552784,0.28507894158707964,0.787190587669276,0.20109796480085623,0.18714992994535726,0.170609702764736,0.29720878747398455,0.9486541000422254,0.08165366495349506,2.703851144080143,0.19289400956140387,0.19200000000000017,0.19200000000000017,0.16756568547944023,0.15200000000000102,0.5839999999999996,0.9905135513819691,-0.008947081385244988,-0.044343802492277595,-0.0009457902814382322,0.007060991751085062,-0.44250355414388604,0.40784313725490196,43,27.16,27.744
0.05277876779111608,0.055999980276549156,0.3462282059343832,1.1240193963411962,0.2886211407722266,0.20522017225489006,0.2683701093783186,0.27561646563212927,0.47642620585607764,0.09738988089096381,5.142225592114965,0.152755587809532,0.28800000000000026,0.28800000000000026,0.31763591368737326,0.17600000000000193,0.6080000000000005,0.9879515782859744,-0.03624101759788278,-0.07040880043920458,0.0027346647094581844,-0.017779197398478497,1.500554465448325,0.3568627450980391,44,27.744,28.352
0.05559725121253724,0.05599999076009786,0.36217332071607655,0.9708848936751193,0.24663821825181287,0.17489296344908636,0.2585743839276134,0.26574435298339505,0.6019190998222992,0.09290028946341747,5.34097181046758,0.16997955581184632,0.35999999999999943,0.35999999999999943,0.2765158172461177,0.18400000000000105,0.6159999999999997,0.9868715948025681,-0.027948001237345154,-0.06526116448002209,0.0011027258258363413,-0.011498023354098181,1.8907915372627655,0.3411764705882353,45,28.352,28.968
0.054611532224009295,0.05599998788197861,0.33986848410848086,1.015833249896777,0.21694696273135397,0.16174075144460232,0.23662351315118593,0.24450205053411056,0.6798123880887621,0.09225012249440098,4.890066138072303,0.16699601371061315,0.28000000000000114,0.28000000000000114,0.2708890449871433,0.18400000000000105,0.6239999999999988,0.9885217919098606,-0.026740192894431452,-0.06935929473313189,0.00013421229176498309,-0.0062222386428598345,2.7977639125719915,0.3333333333333333,46,28.968,29.592
0.050244937872263425,0.055999971041515606,0.18762462336395244,1.2379331040340533,0.2932081412353112,0.5439830689648539,0.4271142800659153,0.6904650526005153,0.1350710447802395,0.17529792675650346,9.093813666099933,0.3737424999099126,0.23199999999999932,0.23199999999999932,0.27199192101299835,0.16799999999999926,0.5760000000000005,0.9966665507574665,-0.006180695183131777,0.004546768815607041,0.02441193052424375,-0.07001157689491944,0.8369107117490971,0.3647058823529411,48,30.2,30.776
0.046595800845147466,0.04800000983473171,0.5117546342635634,0.9135082587046015,0.07153203891736012,0.49094512655466216,0.1563206103425849,0.7834867803130053,0.17333564813680877,0.07630975411215689,8.281973036157988,0.05613067054860796,0.4800000000000004,0.4800000000000004,0.2464065377645065,0.16000000000000014,0.911999999999999,0.962554633063557,-0.01146915978769479,-0.0692503536297414,-0.0042409529203400655,-0.020825396975885112,0.6923125312045294,0.3611592377155675,49,30.776,31.688
0.06857227235813447,0.07199991582567636,0.6610250084824953,1.2143772838645812,0.11634432937715763,0.0751900343980256,0.17409762679479374,0.193266439002396,0.23068476174899558,0.0770941949373263,2.832747829332946,0.297702228605205,0.2640000000000029,0.2640000000000029,0.33021112021901655,0.1680000000000028,0.5280000000000022,0.9753966980719864,-0.023302508376297985,-0.05880572492428298,0.002024118316251995,-0.017853488517971423,0.8165861134895042,0.39215686274509803,50,31.688,32.216
0.060462420310786656,0.06399995605919614,0.3442482028013944,1.3204573242900548,0.31906129236203257,0.22373737050442835,0.2638316899097151,0.2703195117623141,0.5624402119938057,0.09271207472273442,4.568131896620192,0.19127519611574764,0.27199999999999847,0.27199999999999847,0.3930245929138094,0.1839999999999975,0.6240000000000023,0.9896737529395864,-0.05385303065060831,-0.0896576318289344,0.003947625160150511,-0.022142125753735004,1.452100974719326,0.3411764705882354,52,32.848,33.472
0.05081790145957663,0.19310484114151893,0.534236149290201,2.3657052611160925,0.25944719060178006,0.1092042164880554,0.19291367298814005,0.08124586146811755,0.30317763024834554,0.13437724467928922,0.5199999999999961,0.16978526216825185,0.2639999999999958,0.2639999999999958,0.30430042001873303,0.1599999999999966,0.519999999999996,0.9944654906834304,-0.017563969453649145,-0.0374635261413697,0.0034115479018712786,-0.027282735411675047,0.745466208959718,0.40000000000000013,53,33.472,33.992
0.04688284103581414,0.04799996767602317,0.3128840688084461,0.7624076732656558,0.19680130763900877,0.10665127318239492,0.1986169990489775,0.2166664615979659,0.370198917215777,0.07978742185514656,4.679247012197447,0.0845977748693486,0.2560000000000002,0.2560000000000002,0.1891910417126592,0.15200000000000102,0.45600000000000307,0.9797940919367093,-0.009935456938086581,-0.029387605273401476,0.0008397913625512191,-0.00907571111170205,1.1229196777312294,0.3921568627450981,54,33.992,34.448
0.05498251831226655,0.05599999382338969,0.6217880461100094,0.8309428182560951,0.06481228599738857,0.04221266481357257,0.12892127551455593,0.15704928651647296,0.19990271216572397,0.06654200890446937,2.674494126451289,0.27177460833168343,0.22399999999999665,0.22399999999999665,0.1904925613651942,0.15200000000000102,0.4480000000000004,0.9434680802122594,-0.006161580555401317,-0.030248551335183865,0.0005512829321744179,-0.008394062670079597,0.7125570135004338,0.4078431372549019,55,34.448,34.896
0.053415582130122506,0.05600000011667816,0.2932773712127247,0.6624545449293238,0.14211495606421246,0.18514129672569235,0.1794879678086006,0.19558451618538067,1.0766763174590723,0.07197244576071143,4.490623098786608,0.21220932130028813,0.3359999999999985,0.3359999999999985,0.1736284271202621,0.14399999999999835,0.6880000000000024,0.986250857076659,-0.009799529167336885,-0.054559825328446325,-0.0014819673718252484,0.01645034043479698,0.0554480044348636,0.4055922808212278,56,34.896,35.584
0.059826900012567026,0.06399995176935988,0.3632029655596564,1.121158401890987,0.25070181611330883,0.1855204865416587,0.2410974919386864,0.27063883164785535,0.5103217827945343,0.09133513367430403,4.37351136167018,0.18772975815936854,0.30399999999999494,0.30399999999999494,0.3118840941233661,0.17599999999999483,0.5999999999999943,0.98856787190737,-0.0326236178853817,-0.06967545632056395,0.0020850668026329744,-0.0160653081882906,1.4168052208341837,0.392156862745098,57,35.584,36.184
0.07171829930745267,0.07199999886149011,0.6869749606613255,1.0289841276752019,0.09935509093189496,0.056695110117701494,0.18092196626904336,0.24540563079443606,0.2335900087603106,0.08642622782358346,3.348653084691678,0.31255309455540126,0.28000000000000114,0.28000000000000114,0.2569725767306969,0.19200000000000017,0.5519999999999996,0.9827900037782809,-0.014659099798730443,-0.04670581307086703,0.0015187170038497295,-0.01626908408881051,0.819398095893551,0.39607843137254906,59,36.792,37.344
0.044768155400843224,0.04000033039934603,0.43106301092964444,0.5454575636223908,0.022252880934750516,0.2793193523812557,0.15823193000200925,0.10239801456657478,0.25175188700277984,0.06353598579963005,4.430916346871207,0.060417735657266505,0.40800000000000125,0.40800000000000125,0.17782127847250873,0.15200000000000102,1.0159999999999982,0.955824178239159,-0.006013674160520358,-0.05028217379318097,-0.002915807365089011,-0.019699656227012773,0.5877003793016786,0.3321792301491212,60,37.344,38.36
0.07865899099353404,0.07999995066735115,0.3513526174559654,1.1827482416131347,0.23322812295097214,0.130492930032692,0.2099375627712527,0.23817826066163786,0.5866062722068722,0.08991944017256157,4.418810592991473,0.19927416505341464,0.2640000000000029,0.2640000000000029,0.2939311192104902,0.19200000000000017,0.5279999999999987,0.9870201576510303,-0.022627366912868107,-0.04422855428626707,0.003460076011952679,-0.02224665887929663,0.9172445476275837,0.4431372549019609,61,38.36,38.888
0.06006784052470136,0.06399992682105791,0.31264906718935,0.6322564520340288,0.1695016555418743,0.18846809939261422,0.20516296476166954,0.2494328772001158,0.7913958977009348,0.0700404308947453,5.280305651454358,0.19418901373889177,0.30400000000000205,0.30400000000000205,0.19609429125599154,0.16799999999999926,0.6000000000000014,0.9875905112514421,-0.011823032705582982,-0.049007160807948744,-0.0009409467318196229,0.004772931299371229,-1.140446802723512,0.4431372549019609,62,38.888,39.488
0.05461050862122592,0.05599999439500561,0.5765554892470117,0.7860776883935117,0.06413183175908742,0.04347299128661208,0.14497563707056652,0.15556016904129785,0.22164288767353735,0.07343062739365216,1.3787211362192868,0.26832534145709275,0.23200000000000642,0.23200000000000642,0.18013717355343617,0.15200000000000102,0.4720000000000013,0.976226034962522,-0.006297636890970423,-0.030441347301472514,0.00036118047204400133,-0.006558892103479977,0.8263980121851804,0.403921568627451,64,40.032,40.504
0.05185154525634288,0.05599999425376033,0.2980346758520795,0.6811573905446562,0.18340482839980699,0.18941445935876663,0.2145475966495513,0.22955850834272817,0.8600131966273553,0.07633511507386867,4.956290124201422,0.20028190614446356,0.24800000000000466,0.24800000000000466,0.19387330784742407,0.16799999999999926,0.5919999999999987,0.9877966241408255,-0.013165245429874359,-0.05023420796224682,-0.0010478856482470924,0.004071104867917927,-1.7561586154419113,0.403921568627451,65,40.504,41.096
0.06812257342795186,0.071999981126416,0.3460626040582515,1.0600052365960575,0.19274228916468752,0.1914453556275043,0.2347963461209434,0.32279547277301657,1.0431837267354476,0.10131976081953241,10.215458107282862,0.2586399485288625,0.28000000000000114,0.28000000000000114,0.268588720241798,0.2080000000000055,0.720000000000006,0.9912293847960277,-0.026306216351059914,-0.07988076373189573,-0.00026992226100760867,-0.0029123384784273546,5.3546589195637635,0.3568627450980393,66,41.096,41.816
0.05298111953320921,0.05599992163794213,0.20144470552398402,1.1374327088811573,0.17885829436676945,0.2715087834727857,0.3174252334680981,0.295890787745014,0.129548130995192,0.1393802963954743,3.9570654288373346,0.3738756875861695,0.23199999999999932,0.23199999999999932,0.25090207456987584,0.17599999999999483,0.5359999999999943,0.9953527676277454,-0.012449809083632388,-0.01458318677748847,0.012567159500742654,-0.048577481615596045,0.7608184776095517,0.41176470588235287,67,41.816,42.352
0.052496328300110376,0.05599992402604758,0.4461929184460313,0.48455112480496415,0.09392261048983634,0.3393612277867073,0.1811656522510334,0.10407984836138973,0.19463977333992605,0.053094808449757724,4.364626355413728,0.04830484362890963,0.40800000000000125,0.40800000000000125,0.17728981489208784,0.13600000000000279,0.784000000000006,0.9441304524369807,-0.008155650641849662,-0.05382534948291842,-0.0022901209840222726,-0.0004167347100422047,25.931175678975144,0.41176470588235303,68,42.352,43.136
0.05423483997709158,0.055999960366329725,0.2970075542536353,0.6982971780722731,0.176033281840124,0.17351611152049096,0.1942382773439497,0.2500597176862593,0.788202836230483,0.0777853963006181,3.0897064146105593,0.17444385957692457,0.2959999999999994,0.2959999999999994,0.18421654284758932,0.1599999999999966,0.5999999999999943,0.9841920014134079,-0.010955977903081716,-0.04834534512132288,-0.0009571670519210319,0.0060524051671098705,-0.7512929594659661,0.41176470588235303,69,43.136,43.736
0.054273456560104225,0.055999952920969466,0.38551309811642587,1.1600149348854416,0.2599478215767067,0.1726134550219948,0.2554932524072795,0.2683529332980888,0.4879267860060654,0.09506053810384747,4.9954654518016035,0.20164673142266631,0.2880000000000038,0.2880000000000038,0.3320279158881717,0.17600000000000193,0.5760000000000005,0.9873576627623636,-0.03437018952485294,-0.06415777202118059,0.0038283999520274795,-0.022018967099852682,1.1792221305898731,0.388235294117647,70,43.736,44.312
0.045696224811608205,0.04799999609562638,0.31668429633246886,0.9279503392782499,0.20933917044477474,0.13497155094780103,0.2092113061799892,0.20690300727854988,0.5147691825703821,0.0866370488530065,4.674175189181862,0.12337330380326325,0.2560000000000002,0.2560000000000002,0.2217840637903537,0.1600000000000037,0.5040000000000049,0.9844781268915167,-0.015845339039760237,-0.042489150201298315,0.00048294945154928173,-0.007462009271905138,1.6701891429793179,0.38431372549019627,71,44.312,44.816
0.05343483472345498,0.05599993479882824,0.3155339279311964,0.9096669180306397,0.24355331730954072,0.21367821579835553,0.23192109720606677,0.24081797615134828,1.2109478840917907,0.09254361179166978,7.177952755576353,0.22529409951420426,0.2639999999999958,0.2639999999999958,0.2158522480538081,0.17599999999999483,0.5760000000000005,0.9901816611728822,-0.018838230179617693,-0.05172697176184492,-0.0010627637323298905,-0.0005769166802300667,22.225898909468995,0.35294117647058826,72,44.816,45.392
0.054928053015941745,0.05599999707914514,0.34872764712775595,0.9821906037770922,0.2632010743711552,0.1651740360190883,0.24607272559884935,0.26716353963189726,0.4077773879229335,0.09313215737459954,5.476756833554607,0.12764542316066835,0.3359999999999985,0.3359999999999985,0.25902945505352504,0.17599999999999483,0.5519999999999996,0.9883617351395075,-0.022550853100327128,-0.04927001187655874,0.002589833225868697,-0.01734858543139276,1.2219687307879292,0.37647058823529406,73,45.392,45.944
0.0471450822441528,0.04799999576365799,0.32268045379305565,0.8042274652341251,0.2359534263407846,0.1256354573288612,0.24384948686071758,0.25459858811686253,0.3985413088755024,0.08950798663444672,5.867540265455406,0.11414899888285981,0.3200000000000003,0.3200000000000003,0.21114848208355136,0.15199999999999392,0.5039999999999978,0.9844228420652694,-0.014232967997055377,-0.034637505030644396,0.0024512142984077947,-0.016381813936663714,1.0392538643818594,0.388235294117647,74,45.944,46.448
0.044833831021245274,0.04799999166685246,0.300247861614594,0.9483275011240347,0.2284561520562097,0.1703305409456335,0.19271360922727937,0.208147072052883,0.47153285276608187,0.08110939397920221,4.278711483942149,0.12731951834038435,0.240000000000002,0.240000000000002,0.22298212238381693,0.14399999999999835,0.4799999999999969,0.9752811919682127,-0.015249791085833873,-0.04164191351430954,0.00022459679315526383,-0.006220630685496548,1.7828524183296401,0.39607843137254906,75,46.448,46.928
0.04665200432760121,0.04799995796943366,0.3243869487715123,0.9875745421363635,0.20839805282986826,0.15020463182065769,0.21926580854671324,0.23221831018949612,0.6126328542982633,0.08913747776687028,4.724865183117533,0.15060227434501214,0.2560000000000002,0.2560000000000002,0.2516017871003057,0.16799999999999926,0.568000000000005,0.9855788799263928,-0.02141192187267023,-0.05825304074430194,0.00015002526730765396,-0.0057105589578894545,2.476976520225603,0.37254901960784315,76,46.928,47.496
0.05174488521071335,0.055999998912158594,0.5178918411403687,1.1012186459810105,0.08933776370210893,0.07964223545992444,0.161624928958432,0.20639588845538,0.26102573808768104,0.07983090857436602,3.011344822285367,0.21601468269662719,0.2560000000000002,0.2560000000000002,0.26422332149085126,0.16799999999999926,0.5039999999999978,0.9794170700146381,-0.014445722700943013,-0.047661867199844006,0.0011229782402010537,-0.012812542994683034,0.7885783388065162,0.4039215686274509,77,47.496,48.0
0.0471968981535652,0.04799995333545967,0.307080880754948,0.7021641663429672,0.18777896706019323,0.1830613303383066,0.20711860682971064,0.22187703746186052,0.7748030795872785,0.07747297392725853,5.351137325987149,0.170972065011218,0.28000000000000114,0.28000000000000114,0.18941483508120244,0.15200000000000102,0.5600000000000023,0.9819102580227588,-0.012313355796427153,-0.04632145171539519,-0.0012041340377394712,0.004341680953458943,-1.5941437486792422,0.4039215686274509,78,48.0,48.56
0.06081049239791871,0.06399999392445054,0.5424548161235639,0.5937445940891106,0.10422119455079108,0.5164896673828782,0.2963596177073031,0.7280251767424528,0.20100659295747372,0.0631770301544362,5.0239490557820075,0.06177193724732822,0.5120000000000005,0.5120000000000005,0.3184891772502405,0.19200000000000017,1.0479999999999947,0.9764110939429825,-0.02611811324563841,-0.1099279815733611,-0.004711767655548591,-0.04453775327318982,0.9234507233186854,0.326363518358072,79,48.56,49.608
0.06120197015757733,0.06399999996199827,0.5364547180985222,1.0874951132249981,0.07609783288664033,0.0804747369054014,0.16058110199974546,0.198893996715096,0.27267173374729425,0.07885671873064734,2.860866734919371,0.22392325444601802,0.2640000000000029,0.2640000000000029,0.26865668721613617,0.16800000000000637,0.5280000000000058,0.9805471426891049,-0.01454270239597686,-0.0497415758321863,0.0008458653623534266,-0.011340156149693137,0.8331616665501745,0.4,80,49.608,50.136
0.05559754066385048,0.056000000028400373,0.05598677137986815,1.0874805813041808,0.1484911919983811,0.06482199053617223,0.1988158260308612,0.2106938982735033,0.25881773317827833,0.08628210147515833,1.4824785723550042,0.3824060543032073,0.240000000000002,0.240000000000002,0.28591614945926963,0.17600000000000193,0.5280000000000058,0.9819717843892489,-0.020388914962260123,-0.05170873139887265,0.0022925804953492935,-0.017544299219757177,0.9121510413840185,0.42745098039215684,82,50.736,51.264
0.04486708243451155,0.047999956281924966,0.30556615144055005,0.7996115697423406,0.18201969243477845,0.17995481148060521,0.19927030348641261,0.24947576725634651,0.6247361649182329,0.08306086924624177,3.8130654373174373,0.17762461447155545,0.21599999999999397,0.21599999999999397,0.19833032414469265,0.1599999999999966,0.5599999999999952,0.9877153691606623,-0.013013450970689039,-0.04820538299647434,-0.000646391293093202,0.001324447752770383,-5.592498415731784,0.42745098039215684,83,51.264,51.824
0.06171591516534819,0.06399999836843032,0.3330839995090717,1.0821137370936786,0.31757849067181027,0.16232161662562902,0.23477501849486848,0.2801283068772912,0.39882679168988877,0.0923731510217715,2.3360684905836573,0.14159940495822967,0.2959999999999994,0.2959999999999994,0.27389063278407494,0.17600000000000193,0.5360000000000014,0.9888474176648934,-0.02390913259138895,-0.04748101239702832,0.0035222407175869623,-0.021022229636368118,1.0478171074326013,0.39215686274509803,84,51.824,52.36
0.054510033926577856,0.055999983556089046,0.3217316097159838,0.6981662234560241,0.19819964973266732,0.13275434185231477,0.21772574291165164,0.23416315072379482,0.4270137362652549,0.08271117303540175,5.02291435277754,0.11568526006238612,0.3359999999999985,0.3359999999999985,0.1808329027834339,0.16799999999999926,0.4960000000000022,0.9847063350362618,-0.010015154480156406,-0.030607684111687315,0.0006927543573727144,-0.008735738720485236,1.2913884511930127,0.3803921568627452,85,52.36,52.856
0.06201827091108316,0.06399992485189136,0.33078248669147103,0.8222581720139364,0.17226112033105517,0.11967245298077726,0.20103065687911165,0.23547991878108346,0.5280040876184314,0.08503831024382842,6.292366397577539,0.13152148318073945,0.2879999999999967,0.2879999999999967,0.20191216569126663,0.16799999999999926,0.5360000000000014,0.9875418411825481,-0.012328491921204747,-0.03996639320424012,0.0005119446371903202,-0.007892328847005243,1.4490123115709075,0.3803921568627451,86,52.856,53.392
0.04627775188570815,0.04799997785676685,0.31629857131133776,0.7859808432541678,0.21430143450183806,0.20736827888515905,0.23405281620010163,0.24300474903659383,0.649827629856166,0.08850299869815711,5.640400503580352,0.19894389191465958,0.2959999999999994,0.2959999999999994,0.202045903262898,0.16799999999999926,0.5519999999999996,0.9854372738242686,-0.01508262144213789,-0.04485965636018431,-0.0002962640275622233,-0.0032479754270857463,3.675059289201775,0.37254901960784315,87,53.392,53.944
0.052533984652480825,0.05599999935360314,0.32362674130136176,0.9403108153922966,0.24602280758429454,0.1399177558751877,0.2261819346356671,0.3046533851903875,0.5712023976076029,0.09265605895535149,5.923498520723076,0.12628711841298557,0.27999999999999403,0.27999999999999403,0.2336693837593617,0.1599999999999966,0.5439999999999969,0.9891549921543765,-0.017787571765195024,-0.046093653176116106,0.001584269616234276,-0.013426919430820571,1.2300710860158335,0.388235294117647,88,53.944,54.488
0.047319376389083095,0.04799994800476475,0.3378590642064822,0.9303976394551216,0.27611597246907554,0.16048784847294753,0.2418514406860977,0.25826017542187507,0.32473236569398595,0.08793725476687246,5.332007083877194,0.10734969017421485,0.3359999999999985,0.3359999999999985,0.2519351463262339,0.1600000000000037,0.5039999999999978,0.9832512368030457,-0.019513150754084836,-0.04122235698656809,0.003104330145329362,-0.018412666396606714,1.0567057854040056,0.39607843137254906,89,54.488,54.992
0.04523626649634825,0.04799993716829755,0.30119135918175555,0.8649488279086264,0.17384672436896667,0.1819896182343222,0.19836373595267168,0.24208491985320746,0.806219151424715,0.07935206045313374,5.33161496207731,0.20116438090035932,0.21600000000000108,0.21600000000000108,0.2345477866101453,0.1600000000000037,0.6080000000000041,0.9871421715692337,-0.01730884636749253,-0.06257397086154254,-0.0008921872937570197,0.003542195944066909,-2.168244901561709,0.39607843137254906,90,54.992,55.6
0.05922482282065901,0.06399999431693024,0.3281435725589757,1.000138959919502,0.23946564319013286,0.17976998405403438,0.2432906919348033,0.261404697525163,0.564709199735508,0.08399702121732065,3.1431568223535766,0.20967432363038355,0.27199999999999847,0.27199999999999847,0.30958233993630396,0.16799999999999926,0.6000000000000014,0.9875390427098704,-0.030535199103050577,-0.06907604809543431,0.0015289888892486769,-0.013454846790505206,1.4947315248370672,0.3568627450980392,91,55.6,56.2
0.053523224908242656,0.17600023685695282,0.4620052139314979,1.091267786144313,0.03453895582616731,0.22961885897409035,0.15720724247770804,0.545762893362338,0.18603519189727555,0.08367757187650883,4.267056403295639,0.05088463186393531,0.4480000000000004,0.4480000000000004,0.2710876557151534,0.17599999999999483,0.9439999999999955,0.9773898261705112,-0.013349675356402458,-0.07610998894202964,-0.0012563338305824718,-0.020815047974929512,0.6889436018482338,0.32999112383428647,92,56.2,57.144
0.06083856821746002,0.06399998794966295,0.542124278330538,0.6549407018342249,0.08346212394583903,0.4480289269879651,0.3136360289024051,0.140118544039774,0.1855304638799392,0.06786829123023966,6.459775784113519,0.05406177387172778,0.5120000000000005,0.5120000000000005,0.3107441618537917,0.17600000000000193,1.0,0.9770791235120718,-0.0327126252056533,-0.11790750703185301,-0.0024612586287752116,-0.025039858817249683,1.4544156594063302,0.3843137254901961,93,57.144,58.144
0.06814842972393642,0.07199999998184109,0.32383837311594543,1.5764685323599135,0.35424151708928053,0.33791643622144335,0.21823187711604508,0.2528221776303862,1.7398790211671282,0.10822336431239832,8.704695165067804,0.27363923183336286,0.30400000000000205,0.30400000000000205,0.27952435929392727,0.17600000000000193,0.6080000000000041,0.9910145347372508,-0.03527464917632931,-0.07137750201194715,-0.002962344774329079,0.001564265107554928,-11.393549154266811,0.3843137254901961,94,58.144,58.752
0.06737714500902553,0.07199957758843592,0.5507231994810613,0.6965868364385275,0.06761214812929989,0.4405888152822715,0.20122337386897143,0.8229172802863383,0.1980453491114346,0.07122802933880591,9.657886748035228,0.06020167538845404,0.5120000000000005,0.5120000000000005,0.2650750646325014,0.19200000000000017,1.0399999999999991,0.9753048380471888,-0.015013392209476673,-0.08368837951702643,-0.004179245844104938,-0.03288330472512193,0.8259608474970839,0.36816572074488374,95,58.752,59.792
0.06808296624885288,0.07199999273121295,0.3472188039299917,0.8100731697714278,0.2227568323452377,0.16145105043464847,0.2332547385474263,0.26702466130094205,0.4625857152210065,0.0816838507558235,3.939775562082641,0.15593375069288734,0.28000000000000114,0.28000000000000114,0.2407798350594711,0.1839999999999975,0.5599999999999952,0.9883692174365388,-0.01763092662645632,-0.046068217744841246,0.0012593287836377557,-0.012646819687564792,1.2749460905813472,0.39607843137254894,96,59.792,60.352
0.055066485983741156,0.05599997938014017,0.3288036190732637,0.8010884015614269,0.2084807752360477,0.17753924437590982,0.2370785206733005,0.22344942286201003,0.798142729395963,0.08248067787721233,4.695387371972108,0.1810133030286913,0.35200000000000387,0.35200000000000387,0.23398998580738506,0.17600000000000193,0.6240000000000023,0.9826617134324699,-0.020154830142838708,-0.06181230152523028,-0.0009838055323961568,0.0004656978561635657,-28.12028631395022,0.39607843137254894,97,60.352,60.976
0.012282765610672142,0.015999998969445296,0.3287827479760997,1.0960816541153966,0.2645849449371913,0.16993620686366673,0.2358286614966297,0.3672842591718977,0.547511532331238,0.10934346208563543,5.253380018933298,0.15571038575175442,0.240000000000002,0.240000000000002,0.250957402377532,0.1600000000000037,0.5600000000000023,0.9458774227502108,-0.02098063348794183,-0.0580410702020767,0.0009950852908010527,-0.009008776538994068,1.8374862729405599,0.33333333333333337,98,60.976,61.536
0.0545763894526159,0.05599999217349853,0.3626043687951413,1.1585104113777231,0.288206567641092,0.17910624350627233,0.24907256980252443,0.2642589332714837,0.4470794861754814,0.09436947769779447,4.405566789484583,0.14827416778107877,0.2879999999999967,0.2879999999999967,0.31599854237658087,0.16799999999999926,0.5679999999999978,0.9868629235696023,-0.03263197231559149,-0.062061258819159956,0.0030322747793011776,-0.018827605499457077,1.3022716643371124,0.3803921568627451,99,61.536,62.104
0.06287874864669976,0.06399991054193033,0.34903387428514093,1.0332935519492137,0.26488477284267226,0.17398623872106728,0.22997344060923042,0.2486668766113111,0.6182749129809427,0.08812439535000985,5.501542474341794,0.13538157115364435,0.2880000000000038,0.2880000000000038,0.2731231109454379,0.1839999999999975,0.5679999999999978,0.9843881416001208,-0.02522964738934292,-0.05706800213215226,0.0007848818498775891,-0.010545482345472397,1.7571627400965377,0.3647058823529411,100,62.104,62.672
0.045789510257558806,0.04799974573883236,0.4734030622533472,0.5314221863126927,0.14149685444937257,0.3636194579269197,0.3881388246555752,0.16021270441492394,1.4099800182631335,0.05649764631915205,13.99482793782839,0.14010955434274464,0.48799999999999955,0.48799999999999955,0.2759411574413347,0.1600000000000037,1.480000000000004,0.5823525192856862,-0.03463628195182556,-0.15158504854818472,-0.008653912750193945,0.03334711357343971,1.2292378187243629,0.2780529843112437,101,62.672,64.152
0.06043406167498031,0.0639999641633239,0.3284161331073524,1.3312409961765441,0.41602708038974223,0.34987805381275716,0.22825130010669942,0.24646581541676582,0.558393529882027,0.0810619315635812,4.775290126683373,0.1389827050442333,0.35200000000000387,0.35200000000000387,0.36221279156257713,0.16799999999999216,0.5600000000000023,0.9812937880727995,-0.04757256109338539,-0.08016944059373261,-0.001276523351341433,-0.006179515517026871,3.481108630985939,0.34901960784313724,102,64.152,64.712
0.05276680551446705,0.055999983488467305,0.4840109491475816,0.6562428456541567,0.15905017903781832,0.4790465355371312,0.2720042668713109,0.11235443428046255,0.20200462621333304,0.054387731772003546,6.381490882849205,0.048595177670955454,0.4479999999999933,0.4479999999999933,0.2820946981802463,0.15200000000000102,0.8319999999999936,0.9592851447283265,-0.029887778145084313,-0.10153926773821156,-0.004547243614675049,-0.004066191179118092,6.607179473207942,0.3764705882352941,103,64.712,65.544
0.05453765829699039,0.0559999571170821,0.2964157007657233,0.7489278703926611,0.24933647108063747,0.19914472034731923,0.20876424829394674,0.2322554995527329,0.7264267829993273,0.07312643908639037,5.248410794899088,0.14011038434223347,0.3119999999999976,0.3119999999999976,0.2072798942558831,0.15200000000000102,0.5040000000000049,0.9792249836670819,-0.013854237738837604,-0.04050701153390107,-0.0007674433643201611,-0.0013390555878889517,7.027949317253453,0.3098039215686275,104,65.544,66.048
0.06267536987067931,0.06399999156055465,0.34872177322162384,1.5894985753855617,0.30862994216247774,0.30525435881631446,0.24259112860429852,0.2726746314603951,0.791843729100218,0.10814542484740931,5.8320070645360005,0.22790522369685567,0.35999999999999943,0.35999999999999943,0.36608131020124735,0.19199999999999307,0.695999999999998,0.9819666859264212,-0.05475516431989764,-0.1077178411865686,-0.0011532306667385273,-0.003279350121666658,7.629500827502308,0.3333333333333333,105,66.048,66.744
0.06886537931307771,0.07199999474554687,0.5716915406576565,1.58803780125494,0.08658233113710728,0.0844566594457789,0.157102083608491,0.25091198802241543,0.28004058903213697,0.08758048955445173,2.4077263958124484,0.30433344766605497,0.27200000000000557,0.27200000000000557,0.32868017623817614,0.1839999999999975,0.5679999999999978,0.9867162503962132,-0.02249335235169796,-0.06588327848565283,0.0009947882368819378,-0.013118039107193702,0.8633616373646313,0.39607843137254906,106,66.744,67.312
0.043662105641807905,0.04799999928417343,0.31321150720560514,0.9393396698247836,0.18702838901406807,0.13017037659095324,0.1792930858029043,0.18101581656076002,0.3537348090295276,0.0754505811586872,3.6480719703869835,0.10217773255050663,0.23199999999999932,0.23199999999999932,0.22727808259737003,0.13599999999999568,0.46399999999999864,0.9836382959617773,-0.014508424421580596,-0.04153712880285088,0.00022141578030086698,-0.005730672825620723,1.6294405178086022,0.39215686274509803,107,67.312,67.776
0.039196300394411826,0.040000003911977035,0.3006605097330602,0.6770097685094091,0.19230450632392138,0.1595413089313344,0.2100756001343749,0.2167068420867865,0.5279154429174617,0.06752046477022616,4.448626720871808,0.13262858946397027,0.23199999999999932,0.23199999999999932,0.21262659289430053,0.14400000000000546,0.4960000000000093,0.9827274667905764,-0.013282398824821653,-0.04259739270769486,-0.0004840159923850949,-0.0009370678438375369,8.52190356015665,0.3686274509803922,108,67.776,68.272
0.05471008203392174,0.05599999961730115,0.3289485527730044,1.0928686350466006,0.2296171196138857,0.17843114848892475,0.2136700929583634,0.21648296659092758,0.5490277802987432,0.08992615530773819,4.861090828624983,0.1473425718193057,0.28000000000000114,0.28000000000000114,0.2594147830450033,0.16799999999999216,0.5599999999999881,0.9898400990953116,-0.023585037612865272,-0.05835333963478546,9.919758136302538e-05,-0.0063931012552177185,2.387893223845983,0.3843137254901961,109,68.272,68.832
0.044859069250497735,0.16800001189381775,0.4867554047112098,0.8868193035459284,0.08082401891014318,0.41197622759596425,0.17760198704002958,0.800759734589675,0.22200007108183992,0.07971181640594163,3.166449819062189,0.05617295487105431,0.4480000000000075,0.4480000000000075,0.27607859861348316,0.17600000000000193,1.0400000000000063,0.9696560428980336,-0.014631667769464885,-0.0828487436164258,-0.0055458575193322625,-0.04218167551640962,0.6978945062733805,0.3396852699465386,110,68.832,69.872
0.05398641499109728,0.05600000837012676,0.3489968805886071,0.990828131848466,0.24895965341947268,0.15154583951198816,0.2565477022450024,0.2876127946391406,0.446785886643958,0.08833597284282885,5.180640114933971,0.16214266890694196,0.27200000000000557,0.27200000000000557,0.308372383869079,0.1839999999999975,0.5759999999999934,0.9870373226309131,-0.02890054232943962,-0.06063277337009551,0.0032613340276463577,-0.02034973433304351,1.1557324066652963,0.38823529411764696,111,69.872,70.448
0.04413194086124918,0.04799999962475008,0.3151400792352285,0.9088330882006419,0.21458782551988478,0.14015128430995005,0.19278086639990913,0.22793434899223022,0.4005370266985605,0.08021178172710856,3.826516058726527,0.10318422346037842,0.2400000000000091,0.2400000000000091,0.21927737640522876,0.1360000000000099,0.480000000000004,0.9839916083594694,-0.014390753691219813,-0.040800545404640835,0.00039870030306862455,-0.006879553602208114,1.5203471471839811,0.39607843137254894,112,70.448,70.928
0.05384484884140599,0.055999962854859,0.31441431564193484,0.887397223230514,0.21596994938656325,0.1446139619300403,0.1946392024184418,0.276397322463881,0.6464834903444696,0.08492688093956793,5.019606798812145,0.13359204823641668,0.2639999999999958,0.2639999999999958,0.20826969336546924,0.16800000000000637,0.5120000000000005,0.9839240614381055,-0.013000371066660136,-0.04019542697930306,0.0001983679589431475,-0.005854453108344107,1.7358103938233482,0.3803921568627451,113,70.928,71.44
0.024919548368964532,0.14542338252249787,0.2835997280342384,1.9983113278265423,0.2732161496572186,0.3996974386029461,0.24138625327928312,0.17019738404135482,0.8023250262422179,0.17505995638873603,10.720000000000026,0.32589944565718576,0.20000000000000284,0.20000000000000284,0.19984871930147308,0.14399999999999125,0.5360000000000014,0.9958402524733048,-0.008919008802405112,-0.022235185972294923,0.002735793494410775,-0.022150403845567403,0.8990025682850514,0.32549019607843144,115,71.944,72.48
0.04587800282252712,0.04799995224862369,0.31916115707758785,1.3950778367842562,0.35139729853615304,0.2173719316291577,0.2344397120381924,0.2534622358683137,0.7140711041012175,0.09209832183187787,5.936496529216136,0.18088434499308606,0.2639999999999958,0.2639999999999958,0.35181784746774325,0.1599999999999966,0.5279999999999916,0.9891033308416535,-0.04137958168018688,-0.06714607623146752,0.0037594760302550835,-0.01977870783295737,1.2795294635278724,0.38431372549019627,116,72.48,73.008
0.05354504572004047,0.05599999765200661,0.3203039808412244,1.2346970046554155,0.2767450809370152,0.2715778861249283,0.22799663900239484,0.24715711959775252,0.8902812018782293,0.09038924412397135,4.841735445899657,0.2101695316058753,0.3359999999999985,0.3359999999999985,0.3241534682477234,0.16800000000000637,0.6480000000000103,0.9877388775004078,-0.039238422008437954,-0.09143404669364019,-0.002305500194710698,0.00510210175800125,-2.8273686245917116,0.38431372549019627,117,73.008,73.656
0.06212335063567278,0.06399995398095056,0.5797274040740937,1.409026868590718,0.1677251593516766,0.08628403594436035,0.1775600079932016,0.2084939995222415,0.22683145205346714,0.07772629930795773,2.350753898456514,0.2957414929533014,0.2560000000000002,0.2560000000000002,0.3803434967277091,0.17599999999998772,0.5120000000000005,0.9791116780389774,-0.031777003547014224,-0.06610182804996033,0.0036219117031226094,-0.023438767710030985,0.7928677461884653,0.4,118,73.656,74.168
0.051490151630752816,0.055999993690910486,0.2970373557541604,0.6894872516492255,0.20852641506273847,0.19904740865926931,0.20113221148671404,0.21040555426750107,0.6965769294005215,0.07456612493540292,3.21360335102155,0.15046313919915072,0.21599999999999397,0.21599999999999397,0.18053847359114678,0.1599999999999966,0.5519999999999925,0.9886801835480097,-0.01172959622315393,-0.044684774076275115,-0.0015141861417501752,0.006334724675048476,-0.8976769734363588,0.4,119,74.168,74.72
0.06715149358845239,0.07199999236141316,0.516741933669458,0.5113572398180446,0.12967455798621982,0.2825138050669165,0.49304409828463713,0.1407236715623232,0.24799996889524628,0.05256992148236326,4.569997716884876,0.04488863263845981,0.48799999999999955,0.48799999999999955,0.3003080424884227,0.1839999999999975,1.0400000000000063,0.9763280330313131,-0.039990342701602274,-0.11627718166428572,0.0006560164877693719,-0.027368543483619782,1.9989840293873007,0.33725490196078445,120,74.72,75.76
0.05264954424668345,0.055999926858998655,0.19452866302252939,1.094546148471079,0.16752081915416872,0.2643655647392624,0.2825744653307438,0.33184824586786327,0.09028725343112184,0.12371202247415235,3.8963242012512955,0.3266249559864692,0.23999999999999488,0.23999999999999488,0.26171723928496,0.16799999999999216,0.47999999999998977,0.9955351363319263,-0.009852972849162346,-0.010821251907242032,0.010058029611154621,-0.042626534366195346,0.6612578100107309,0.42745098039215684,121,75.76,76.24
0.060428750486652055,0.063999997625269,0.313078686639186,0.7486607002170016,0.19326882426137895,0.13921427006891665,0.19119080136191632,0.1928316905484993,0.5407941974162109,0.07454264397484299,4.738023928743651,0.11052017324248847,0.2400000000000091,0.2400000000000091,0.1887122853116302,0.16800000000000637,0.480000000000004,0.9843444416112412,-0.010580707244137016,-0.03285145508526508,-0.0001973932723214657,-0.003920821876811808,2.1589306181832626,0.4,122,76.24,76.72
0.05375668065168192,0.0559999827880345,0.31511006847301876,1.0043188850545375,0.2839145670810234,0.19403479289977488,0.2161853315521534,0.35598367938160314,1.3043640515773267,0.08649620765085383,5.742366704033917,0.2031860977777519,0.3119999999999976,0.3119999999999976,0.2647045390928846,0.16800000000000637,0.5840000000000032,0.9883647020033358,-0.023094468822104544,-0.06256049995238883,-0.00012012057818112247,-0.004718519465044075,2.916115454223419,0.37254901960784315,123,76.72,77.304
0.05424478932815818,0.055999933466782344,0.3388645029013546,0.9922638438738262,0.2289972611083486,0.20794565654406535,0.23162095786771686,0.2775991474063613,0.5226035112576685,0.08606281346593127,5.0210321105405855,0.18045500067106557,0.3439999999999941,0.3439999999999941,0.2901278595348273,0.16799999999999216,0.6080000000000041,0.9871796068742641,-0.02704999492307773,-0.06925797834392554,0.0005559494480181202,-0.008410528817717857,2.063805169880772,0.36862745098039224,124,77.304,77.912
0.054620519159154876,0.05599996174153498,0.32454445791085906,1.0066450248183412,0.23691862137612119,0.15985219003718865,0.2415386561258602,0.27804751601977834,0.4626941172943876,0.08883689233831306,4.561077301343113,0.1625950424961363,0.2879999999999967,0.2879999999999967,0.2912775676271491,0.17599999999998772,0.583999999999989,0.9878255107395438,-0.02721985500022175,-0.06261035094922249,0.002425941561605389,-0.01708214386169225,1.2541850052645465,0.35686274509803917,125,77.912,78.496
0.04906825177521485,0.05600000236469986,0.18627493867976808,1.3527786518383336,0.031198250326107527,0.498978452965161,0.21054998416720203,0.30907006992024405,0.11517059257632103,0.12292245194371071,2.2906385790529256,0.2527106934839564,0.23199999999999932,0.23199999999999932,0.24949396480225472,0.1600000000000108,0.46399999999999864,0.9933099627543323,-0.009159068530236061,-0.01851630812941933,0.004023467280632088,-0.028268485671275965,0.6244638733039517,0.403921568627451,126,78.496,78.96
0.0520308767431673,0.055999997620954034,0.29202276081046086,0.7094687992260735,0.19608281085905055,0.20201193080565122,0.19023497976662207,0.20559394052419114,1.0508111775945619,0.07398450640412668,4.935501741891908,0.17911136087172466,0.21600000000000819,0.21600000000000819,0.1776593794143848,0.14400000000000546,0.5600000000000023,0.9885290108451718,-0.011335833393063223,-0.04610672900345432,-0.0018612313541394613,0.010032809723346556,-0.36925433251580697,0.403921568627451,127,78.96,79.52
0.05965331575050146,0.06399998976483476,0.3293997573862363,1.2283161802639868,0.3181697257683851,0.30753881942952227,0.2597426951263961,0.2615940427991381,0.794724699524258,0.0926053078844188,6.145362450962052,0.24838840951778027,0.3440000000000083,0.3440000000000083,0.345985063289009,0.1839999999999975,0.632000000000005,0.9900066977766084,-0.046273052494500345,-0.08621729837719809,0.0003970751039429108,-0.009789575452923877,2.5821884534123463,0.3490196078431371,128,79.52,80.152
0.0556731336305845,0.05599998515417049,0.3401100521388005,1.0708003168685405,0.2674904316349594,0.2135568452971817,0.2338103408344984,0.25225435466941193,0.6315395451799592,0.08784552388971979,4.871944383421617,0.1666072467005109,0.3760000000000048,0.3760000000000048,0.29241920281210937,0.16799999999999216,0.5919999999999987,0.9860799995177617,-0.030037054910268868,-0.06868684657573007,-8.685595012471284e-05,-0.006252908533422521,2.8716089157983733,0.3647058823529413,129,80.152,80.744
0.05364546142146016,0.056000000684328366,0.31602378173252055,0.9703411255413703,0.24285908112484134,0.22213559572740732,0.22594285095396544,0.25715500232570676,0.8808052403393506,0.08510923326913956,4.606371898650891,0.1723678210559234,0.28000000000000114,0.28000000000000114,0.2690273440177626,0.17600000000000193,0.6560000000000059,0.9884278227794472,-0.026596895781249227,-0.07776678142296149,-0.0016455229049027345,0.00490750758842391,-2.3813145003026617,0.3647058823529413,130,80.744,81.4
0.07865336254506901,0.07999997815996802,0.3614608276105987,1.2262874465751414,0.32869695644200003,0.2148049725913441,0.2385843735278161,0.2559364523080685,0.4576363241162196,0.09788325211273109,6.54424766723329,0.1420084503861995,0.367999999999995,0.367999999999995,0.28365710517906934,0.19199999999999307,0.5519999999999925,0.9892978546629482,-0.027130209193477643,-0.04553453578543926,0.004554011624441415,-0.02501272385265052,1.0863994503638732,0.40784313725490196,131,81.4,81.952
0.05230645832711363,0.055999967576963704,0.3089808329111067,0.7236292653099101,0.1738334752083794,0.16942455374488402,0.19040983905058267,0.21092715266749518,0.5371952267968014,0.07329280521214464,3.0825556632534257,0.1863386696337797,0.21600000000000819,0.21600000000000819,0.1946766296544744,0.16800000000000637,0.4959999999999951,0.9850306443274488,-0.010818569481745375,-0.03741359219295674,-0.000140098232235869,-0.003118464696398085,2.491498797610232,0.39215686274509803,132,81.952,82.448
0.04582629949158016,0.04799999824387011,0.32351815053959104,1.0457763772030118,0.2589529754870889,0.1596904429278547,0.2305837579072798,0.21581048522776647,0.6913228970356458,0.09031943810531144,5.389328737113461,0.13297760504641296,0.30400000000000205,0.30400000000000205,0.2539587689937677,0.16800000000000637,0.5360000000000014,0.9883978312804683,-0.024057082314395087,-0.05389873776070505,0.00045507901416099713,-0.008216062105605588,2.051205469663054,0.3843137254901961,133,82.448,82.984
0.05427788745067131,0.05599999026945783,0.47598729378585974,1.206237004530252,0.06647080469259149,0.3500694875643753,0.16509657248450926,0.17222922319934322,0.17981549830077254,0.08894991345069361,7.1589293063201245,0.05619864344853862,0.4480000000000075,0.4480000000000075,0.25108500844565923,0.16800000000000637,0.847999999999999,0.9778044281804591,-0.01651662599886766,-0.08202144881753591,-0.001495163938105823,-0.009646607649237185,1.4352146238198207,0.392156862745098,134,82.984,83.832
0.036585125049518726,0.15720144458007304,0.47609900622804036,2.3003069141254318,0.3578440889929333,0.3578721199974731,0.354974046693073,0.10600000000000166,0.1920000000000002,0.24257590189244133,1.0069429386511586,0.0414883768135765,0.4240000000000066,0.4240000000000066,0.23003069149545025,0.568000000000012,0.936000000000007,0.9696816195098606,-0.03771372921081002,-0.08939197958947662,-0.002269227386770849,-0.015268554835555762,3.96760147611699,0.33333333333333337,135,83.832,84.768
0.05442402530421774,0.05599998958111575,0.3461467102490927,1.0891953782933919,0.30377844825812433,0.19714090406880605,0.2462675029939551,0.2755897531615806,0.3801220630727421,0.08446760979389314,5.292034133035138,0.13150755533558753,0.3760000000000048,0.3760000000000048,0.33209196112198486,0.17600000000000193,0.5519999999999925,0.9852405828170869,-0.03339911549858758,-0.06285807022975394,0.003802546391539476,-0.021269240121903524,1.1670216241049842,0.376470588235294,136,84.768,85.32
0.04427960787284758,0.04799995959119124,0.3064936879127963,1.0815265947329826,0.27948200623519814,0.20512467196868736,0.2306196285671147,0.23138480323564872,0.5091937828663899,0.08117273908268166,4.921959057597033,0.13203535388615323,0.32800000000000296,0.32800000000000296,0.31062391955820956,0.15200000000000102,0.5520000000000067,0.988930739509222,-0.032641690585892856,-0.06932526037071084,0.0009530165500500834,-0.01006681614889035,1.875158585930382,0.34509803921568627,137,85.32,85.872
0.04617675808140921,0.04799999802742782,0.3069139127493378,0.8542918020880605,0.18603767827940398,0.19022361272852734,0.21287806111755148,0.22566110100710424,0.7192383510024389,0.08012789313898341,4.286863848017511,0.17116634400581468,0.29599999999999227,0.29599999999999227,0.24305592281366245,0.1599999999999966,0.6319999999999908,0.9859828974367509,-0.019795253909934685,-0.06776204205127663,-0.001244593117033839,0.00542039598153683,-1.5310639038380236,0.3647058823529411,140,86.864,87.496
0.061273045130324354,0.06399998759159482,0.3453632690597474,1.164995162151717,0.3443750440924638,0.21186548895083068,0.25842603833419664,0.2486384254957944,0.4499999482241841,0.08790216795072343,6.171946412086184,0.1358542615355872,0.35999999999999943,0.35999999999999943,0.3297362806198149,0.17600000000000193,0.5440000000000111,0.9877973895149269,-0.03622195975708198,-0.05733258596650561,0.0050438092127267475,-0.024814966368946707,1.1422841338301368,0.3764705882352942,141,87.496,88.04
0.04708307013851636,0.04799996922889084,0.30364136444225437,0.8408271863681959,0.22800777275621711,0.19928297613704887,0.20986257973499953,0.21783625427678063,0.652820784349072,0.07903451528621534,4.357178179675006,0.15584693002145655,0.22399999999998954,0.22399999999998954,0.22000744750627577,0.1599999999999966,0.5279999999999916,0.9869621033495892,-0.01655665174518742,-0.048422500928110096,-0.0009930996284724513,0.0004459852332736968,-21.664985872601587,0.3764705882352942,142,88.04,88.568
0.1319965683074145,0.1280000092980886,0.602119287240339,0.8441300421090749,0.09553264489413381,0.18971519706512868,0.2995244314826049,0.14612171452393474,0.40550505442664164,0.08842890973166201,9.215244095476935,0.031248350760613674,0.5760000000000076,0.5760000000000076,0.3318537820600574,0.2639999999999958,1.1200000000000045,0.9678436484795715,-0.039689501295956664,-0.1339649618160769,-0.001527935577422914,-0.010364685217205016,2.9616513982018957,0.3372549019607844,143,88.568,89.688
0.07539892238261038,0.07999997813776591,0.34700983112202377,1.068004561104298,0.29784018013685554,0.24163901284159842,0.25809681364382786,0.26386456127121394,0.6412671276958851,0.09261486776961748,3.889706632660514,0.19800279044619545,0.43200000000000216,0.43200000000000216,0.297993040913415,0.20000000000000284,0.6319999999999908,0.9898896678989175,-0.033355065339057965,-0.06864168017369952,0.0011561181204967409,-0.013098057733617791,1.8532643327208953,0.3764705882352941,144,89.688,90.32
0.03405925602736652,0.13817638668042126,0.1907690831435815,2.24931278894396,0.38092372563017296,0.44986255832184513,0.43200000000001626,0.20504371147895023,0.10500000000000044,0.27418670414695345,9.920000000000185,0.17268828806028197,0.21600000000000819,0.21600000000000819,0.2249312791609226,0.1600000000000108,0.4960000000000093,0.9980513836817541,0.017801459972192894,0.040169808052897514,0.03542038120905331,-0.08598521384623552,0.63814831203401,0.37254901960784303,146,90.856,91.352
0.04606161620246825,0.04799999388210326,0.3054298715671178,1.0389572246624474,0.23233026423243835,0.18516482445803117,0.20816844825968134,0.22253596587620023,1.0684970599090016,0.0900644500388679,3.513387668959752,0.17656993219890713,0.23199999999999932,0.23199999999999932,0.23683470878012997,0.1599999999999966,0.5919999999999987,0.9878963722047858,-0.021515814787436326,-0.06399065811705511,-0.0018434890398743916,0.005894693475812744,-1.5823240848931093,0.37254901960784303,147,91.352,91.944
0.06344930373580071,0.06399998553157205,0.3695904003897748,1.0610291336779303,0.27513348133764576,0.1965303736399301,0.24859765104849876,0.25203828296632413,0.38830774810129404,0.08919193001537012,5.832972404943285,0.13919020444281402,0.38400000000000034,0.38400000000000034,0.30349713866161226,0.17600000000000193,0.5679999999999978,0.9814255152996565,-0.02953419799876116,-0.05770197189295643,0.0029093568394483876,-0.018919635233705687,1.2745148010766627,0.37647058823529406,148,91.944,92.512
0.06299725987887801,0.06399999358090065,0.3202474314509453,1.041145749176945,0.2765546021254003,0.2926675132917129,0.23643447166497897,0.2551823479043764,1.1301831169851146,0.092507754836283,4.1276437042814615,0.258442746185642,0.3439999999999941,0.3439999999999941,0.26282896191646654,0.1839999999999975,0.695999999999998,0.9909660825987433,-0.030079783202404172,-0.08396913120592002,-0.0031447837098255815,0.011325711026605793,-1.0080770244364077,0.37647058823529406,149,92.512,93.208
0.08335567858060322,0.08799999722421406,0.3671649244438828,1.249656735389215,0.23439878171577347,0.14628175590571618,0.22758630320943268,0.2325148822044097,0.6187528806639576,0.09108812947664087,4.767849044698519,0.1784126122615699,0.28000000000000114,0.28000000000000114,0.33476003428585555,0.20000000000000284,0.6000000000000085,0.9869405114612686,-0.03448274117026746,-0.06673071570467926,0.0023617100941880887,-0.01837081200597205,1.2634125821109747,0.38039215686274513,150,93.208,93.808
0.05117348160026805,0.055999403676366646,0.18863348968006954,0.809161493737156,0.13021653227646457,0.38695942965460434,0.2679740751777624,0.38130691738084554,0.10146833058919824,0.10681438096695821,2.612626470404701,0.2079681421703747,0.23199999999999932,0.23199999999999932,0.22739146780539848,0.1599999999999966,0.48799999999999955,0.9951999415335976,-0.009381035793402045,-0.018633902250873503,0.0038626080505054076,-0.02589776846545209,0.7288243981832877,0.3803921568627451,151,93.808,94.296
0.055048781504212954,0.05600000065843472,0.32827648963954803,0.7659846082386896,0.18956419361544072,0.17294332726667347,0.19635713053731121,0.22566327449902088,0.570977277655866,0.07528453502148633,2.9835382598872613,0.18145912898595012,0.23199999999999932,0.23199999999999932,0.20698213941926125,0.16799999999999216,0.5120000000000005,0.9853012917290263,-0.012570029544577123,-0.040823074161262594,-0.00030224488263223825,-0.002558330831355336,3.2941525179524946,0.37647058823529417,152,94.296,94.808
0.05441234601643534,0.055999989729163216,0.3327727485598445,0.825293020756338,0.216252023281086,0.17168706323626204,0.2258434272276005,0.24147008085974864,0.45491256379013495,0.0847082067203236,5.362775645062762,0.1377268428038516,0.35199999999998965,0.35199999999998965,0.22174709891082112,0.16799999999999216,0.5439999999999969,0.985821517356682,-0.016272213588729618,-0.04537716211723364,0.0005293390090338008,-0.00816016289062675,1.717839472581719,0.380392156862745,153,94.808,95.352
0.053884411188832464,0.05599993732862016,0.3384769994286964,0.8149149548638365,0.20402040341682603,0.16548261030445705,0.24074963269722985,0.24890847586132858,0.6066804370564679,0.08620941717792847,5.128230654467208,0.1645653549877554,0.38400000000000034,0.38400000000000034,0.2347918813796087,0.17600000000000193,0.6079999999999899,0.9859132408390385,-0.01955032667634574,-0.057623368228527316,6.680664927830789e-05,-0.005481836550793526,2.750465799875442,0.3568627450980392,154,95.352,95.96
0.053063201085236905,0.055999942600218906,0.3326331188277957,1.0633102724764165,0.21937186932011266,0.16095552677911457,0.2356617535913009,0.2711780737311111,1.0116149364810367,0.09365360057486456,4.376764478296763,0.1887266733815258,0.26400000000001,0.26400000000001,0.2893251563102209,0.17600000000000193,0.6720000000000113,0.9880754999953945,-0.030106096123000924,-0.08229229642584916,-0.0005436824926339973,-0.0017953121231275657,8.896931084431076,0.3333333333333333,155,95.96,96.632
0.06322486502151153,0.06399999805448675,0.35678839054643835,1.1147434795477105,0.24475993256546816,0.17481910211628135,0.22450877678684658,0.25242420215730005,0.4602024293495564,0.09269948314762916,2.168573998969872,0.19861240375793265,0.2879999999999967,0.2879999999999967,0.2894038275072555,0.17600000000000193,0.5759999999999934,0.9851163984715291,-0.02578399066520108,-0.05895388529809451,0.001401717001080632,-0.0129634190290516,1.4247493837037604,0.3764705882352941,156,96.632,97.208
0.04367166701824732,0.0479999961545002,0.30089856793206915,0.82814029875461,0.21345890456247832,0.17073584932082575,0.189592885189774,0.19429184515050835,0.47221227646958164,0.07685258420878169,2.1310258126904746,0.1567715478998759,0.21600000000000819,0.21600000000000819,0.19654702493949083,0.13599999999999568,0.45600000000000307,0.9863863293929961,-0.011845043730910634,-0.03469148437001763,-5.5937882775986645e-05,-0.004243738059546655,1.9880278020402748,0.38823529411764707,157,97.208,97.664
0.04662495075009338,0.04799999339028373,0.31205162849317886,0.6790209548993991,0.21200740639108234,0.13259809175670428,0.2142304392593722,0.2309882178545534,0.33801884966419155,0.07408074841436373,4.8627322320511,0.08978720294800413,0.2639999999999958,0.2639999999999958,0.19148113728729754,0.1599999999999966,0.46399999999999864,0.9797389488273488,-0.010597072500910052,-0.03082751541233756,0.0008139071826511756,-0.009007199821902444,1.187245774677965,0.380392156862745,158,97.664,98.128
0.053730685666244886,0.055999999711364476,0.6183500036808042,0.9028196986710026,0.044276330749117784,0.039628039859177094,0.12272535740101839,0.1489193694314569,0.20122514576369563,0.07056108691933466,6.834962836962654,0.26301308601714574,0.22400000000000375,0.22400000000000375,0.17375621038995753,0.14400000000000546,0.4479999999999933,0.9694196527572171,-0.005180014318910839,-0.028113253263894994,0.0003297135462027827,-0.006556640683610355,0.701715724787324,0.38823529411764707,159,98.128,98.576
0.05255736034712896,0.055999910834370774,0.4838796461933381,0.9527947279254576,0.023281004881100784,0.06832299876747595,0.10324553034581459,0.10506502964362659,0.3584627191330544,0.06290043348723123,1.2203986207750208,0.1744429815132132,0.20800000000001262,0.20800000000001262,0.1704437372927019,0.15200000000000102,0.4720000000000084,0.9641578044744767,-0.004325672287093428,-0.02967270136113848,3.4044314675547577e-05,-0.0017986218975900986,1.0490119474931408,0.35294117647058826,160,98.576,99.048
0.04520146910774149,0.047999987293712326,0.31556566150096527,1.2761172386312194,0.28721872127538955,0.2144921064384289,0.24371430210919318,0.22795146405137484,0.9846359422427956,0.09338175928368402,5.878103443206107,0.1680131781367803,0.27199999999999136,0.27199999999999136,0.33766975528306076,0.16799999999999216,0.632000000000005,0.9865950091143557,-0.045018615881480206,-0.0929859510098581,-0.0013996366749510958,-0.0009098188247662439,22.08994030877324,0.32156862745098047,161,99.048,99.68
0.0691445953497469,0.07199991800499038,0.9975955614915977,1.2986447099338057,0.1401096618638651,0.01798151938253023,0.16386682211968503,0.22700634212378626,0.5399839564774267,0.07777619242917368,1.8607079889810603,0.19802594525844525,0.2560000000000002,0.2560000000000002,0.325305305040895,0.1839999999999975,0.5039999999999907,0.9845279047538473,-0.021447082191867705,-0.053585084229216484,0.002141257132279695,-0.018505798000554997,0.748241309398069,0.396078431372549,162,99.68,100.184
0.04681005929594464,0.04799995872158054,0.28429172904596234,0.7471842228315497,0.1675248933916256,0.21434200726890837,0.17048032468354146,0.23394583331386673,0.7438731950796835,0.07072424352350157,4.185020657154354,0.18324786891019615,0.3119999999999976,0.3119999999999976,0.19401698861184552,0.14400000000000546,0.5919999999999987,0.9854549207563277,-0.010898378691707039,-0.05147998853819608,-0.0012595655543816235,0.01087269680234088,-0.14810434175548312,0.396078431372549,163,100.184,100.776
0.06917084475811423,0.07199998698931341,0.34660745743122034,1.265497467515487,0.32174856490370346,0.21139734594540172,0.24663489128455163,0.29135577268999396,0.7612065573008486,0.09316787106976422,6.064920656046705,0.19697964639300752,0.3119999999999976,0.3119999999999976,0.34319743691958604,0.19200000000000728,0.6000000000000085,0.9926947924302494,-0.04067522389664967,-0.0726509029059794,0.003285377274228097,-0.020716864069939445,1.3457933106394135,0.3764705882352941,164,100.776,101.376
0.04466303093126709,0.0479999869563712,0.30503243887065457,0.894973367039407,0.24286959245559586,0.24017235982875468,0.2136702111890091,0.25850144060242586,0.7972651013207046,0.08093411758217872,5.066123497606548,0.1976221238414251,0.3359999999999985,0.3359999999999985,0.2404582029887864,0.14399999999999125,0.5759999999999934,0.9869596576437231,-0.020284622378566215,-0.06085068763199311,-0.0013399232999464477,0.0028420634258359205,-3.521452300068448,0.3764705882352941,165,101.376,101.952
0.052029838225167456,0.05599999913205359,0.31811357670951135,1.0708319265265134,0.2172580282862252,0.20128002916061027,0.2242992062357403,0.25475007952845774,0.6145115226238087,0.08656526763628852,4.716771003834623,0.18554058419021274,0.28000000000000114,0.28000000000000114,0.2992042432529225,0.17600000000000193,0.6239999999999952,0.9873688422537209,-0.030006538015235337,-0.0776097258494517,-1.7520767078598918e-05,-0.004882962713983978,3.208543991297896,0.3647058823529411,166,101.952,102.576
0.051691838330102234,0.0559999646317972,0.3349019570551502,1.2561654235796975,0.25163106928534423,0.19369501537576028,0.21283944988308592,0.2132939501253104,0.5972862749305392,0.09197200706132978,2.2660302543947615,0.260908957381434,0.23200000000001353,0.23200000000001353,0.293229185402829,0.1600000000000108,0.5280000000000058,0.9899643743051401,-0.027513969088881172,-0.05695207945736061,0.001870876218079079,-0.014237683816520252,1.276167976147028,0.3647058823529412,167,102.576,103.104
0.05163423998005603,0.05599993230029342,0.30881917234081746,0.8983506486919667,0.25384052848803557,0.1757035095394195,0.2259159959954067,0.24224572109815357,1.439809704726702,0.07713750153650238,5.812531422894437,0.1619650384055822,0.24800000000000466,0.24800000000000466,0.2644634338581109,0.16800000000000637,0.5760000000000076,0.9883959710776644,-0.024225742150076,-0.06360689464693964,-0.0011443653736182377,0.00010745403189834485,-115.49860727057404,0.3647058823529412,168,103.104,103.68
0.0552840056159684,0.056000001325312736,0.3342623945727916,1.0505464622965683,0.25087093983062286,0.18936546547273506,0.23102542846371538,0.2580638425831945,0.5001920854278314,0.08172005773224579,3.655774489851079,0.18243399104575922,0.2560000000000002,0.2560000000000002,0.3154184822100516,0.16799999999999216,0.5679999999999978,0.9879828116318297,-0.030703290119277808,-0.06688253909818288,0.0015489279358759012,-0.013130728870170957,1.4611875202710438,0.33725490196078445,169,103.68,104.248
0.03856054837286709,0.03999999252006971,0.3080188883691697,0.9342921872917368,0.22347527486830315,0.23304286951533948,0.2297807368936456,0.25268093632429844,0.6737268606172027,0.08180268297130232,4.426311456786772,0.18156752198137277,0.3199999999999932,0.3199999999999932,0.27811093936027675,0.15200000000000102,0.6319999999999908,0.9862624014673927,-0.027012873045310856,-0.07787126355454585,-0.0013796566699321915,0.0043874973439448775,-2.505829012283553,0.33725490196078445,170,104.248,104.88
0.0510194223825194,0.0559999971205942,0.31286186603624816,1.326071481957344,0.34712003145218906,0.2735370091878324,0.2358910582878097,0.2591129455403769,0.5727985962554927,0.08874885919245687,4.842644459006146,0.21635092105901785,0.28000000000000114,0.28000000000000114,0.34883521265688405,0.16800000000000637,0.5280000000000058,0.9932922186626161,-0.03998616969449922,-0.06482376150505116,0.0042477288294159605,-0.02189804497788395,1.1479945881091322,0.40784313725490196,171,104.88,105.408
0.1812043036554794,0.583999847166631,0.02103832203585632,1.5856104507714106,0.3350874593474862,0.48074585300219336,0.15383182528566572,0.5754256028406554,3.331233120913786,0.26231344600533424,26.135015833470696,0.23759955034570832,0.14400000000000546,0.14400000000000546,0.24044176762635144,0.9599999999999937,1.5280000000000058,0.5930156249219717,-0.03541185555082824,0.15571476098690196,-0.07752503076091914,-0.24208564689655074,0.403980178643133,0.4166640047091658,172,105.408,106.936
0.10046258412994931,0.10399998104502076,1.0311130238786261,1.5322622903501424,0.11886465831543017,0.00875672426006021,0.16305620434923648,0.24098616704285572,1.454454463013912,0.09052680864454973,2.620631029388056,0.051521980021851266,0.2799999999999869,0.2799999999999869,0.3148272037338078,0.22399999999998954,0.5599999999999881,0.9849687808059681,-0.020008965328138523,-0.051222100424901905,0.002103542949311517,-0.020480388530178712,0.7782766414428286,0.45490196078431355,173,106.936,107.496
0.054980600402597314,0.05599995974833531,0.2981038853596298,0.6381520191208045,0.15333421392032365,0.16335971566319693,0.1942923680262869,0.20176841520484567,1.0233522647207998,0.07382482790155884,4.283979557845881,0.19170820649190926,0.3440000000000083,0.3440000000000083,0.17376166150544137,0.15200000000000102,0.6240000000000094,0.9880042826173253,-0.01019468192346982,-0.04914603428402694,-0.0013385049773188959,0.009923646632793754,-0.32786943487676506,0.45490196078431355,174,107.496,108.12
0.04706852998564661,0.047999973468355134,0.3403351135981628,1.0122930916622053,0.28171759403133967,0.14416507387695485,0.2393784551393837,0.27595931566804316,0.3479755618928268,0.09154980258091651,2.47843616472403,0.14177992042447307,0.28000000000000114,0.28000000000000114,0.2727695141005925,0.1599999999999966,0.519999999999996,0.9828358793679153,-0.022161072534199706,-0.04656648888335853,0.0031901115476907806,-0.019148413659078576,1.0409287438495367,0.4196078431372548,175,108.12,108.64
0.0718061881715402,0.18836550770766344,0.03473727460483923,1.7804866114745588,0.08989750842629834,0.3561441494763429,0.08494187657458081,0.0539999999999985,0.29825955759699446,0.07570694771292402,1.6059691568790688,0.13060279022495275,0.21599999999999397,0.21599999999999397,0.17807207476456166,0.1599999999999966,0.480000000000004,0.9959060029062017,-0.0008193446621850304,-0.012704374143243222,-0.0012564240034339225,-0.021258476319164464,0.22356584954173064,0.42130695344368674,176,108.64,109.12
0.03657354528820585,0.039999948204002024,0.27629155354907814,0.7526356969373706,0.16008732759365754,0.17740808331341448,0.19744362233737467,0.24535750876273255,1.690664229928687,0.08805991765753306,6.264000084900319,0.22890906607838027,0.23199999999999932,0.23199999999999932,0.17158907901939657,0.14399999999999125,0.7119999999999891,0.9890338942675915,-0.011392103923889247,-0.060246539459392214,-0.0014792182666031168,0.01545096597576664,-0.052085016746869814,0.4,177,109.12,109.832
0.07067595876786102,0.07199996461070991,0.726548648265594,0.6206308189398128,0.15090633455794075,0.0007769207995520781,0.2661332052935502,0.5299410926819532,0.2060993646592733,0.0825912782106415,2.7887849782701886,0.3032598771695485,0.2560000000000002,0.2560000000000002,0.24674841975919687,0.20000000000000284,0.632000000000005,0.9776697401609751,-0.01433803194300424,-0.046767355090085845,0.0018926096348436951,-0.020482393688890137,0.8770259440634234,0.403921568627451,178,109.832,110.464
0.05393608951607878,0.04800005349498011,0.5186115216380635,1.5203212412216707,0.02505022017421474,0.13144225995838446,0.13002825663703424,0.7480530969063992,0.05700003242445621,0.09288726395533944,3.913127742349681,0.03702209334169105,0.519999999999996,0.519999999999996,0.19739105009967767,0.1839999999999975,0.671999999999997,0.9829655096371859,-0.007059371258155049,-0.047454206944149174,-1.319994798569265e-05,-0.0008019837581684584,1.5241059680353355,0.3803921568627452,179,110.464,111.136
0.04503176509173263,0.047999959828359515,0.331128868459889,0.9049209754708776,0.200078106351463,0.15592529479120285,0.2303124226015878,0.22652966087442952,0.5473921303711036,0.08706771622579582,4.449423179760542,0.15576497670284356,0.26400000000001,0.26400000000001,0.2438086261551458,0.15200000000000102,0.5840000000000032,0.9891626712641596,-0.021366661462025337,-0.059910537116077564,9.064623424778683e-05,-0.005326814390499347,2.7304146898103236,0.38431372549019616,180,111.136,111.72
0.04424295586760228,0.04799849279045121,0.45351770600245267,0.6557181585203845,0.033657151299701066,0.22538119985600463,0.17626697061296778,0.7351561185266121,0.19200024637110405,0.069172740139554,6.665400028731517,0.0473857719184645,0.43200000000000216,0.43200000000000216,0.22919475094802338,0.16800000000000637,0.9440000000000026,0.9718348203009024,-0.010029607238966336,-0.06578187776348755,-0.0014312589834647275,-0.02030218993229443,0.6846796677613655,0.3494954472361913,181,111.72,112.664
0.06740770794931379,0.07199996612384203,0.3441365800042768,1.0073567923056395,0.28200297256458823,0.20601563443383933,0.2598342683590806,0.2702314766807588,0.8371875813738133,0.09710376413366997,6.939827160240782,0.19669851682815234,0.29599999999999227,0.29599999999999227,0.26340438804355204,0.1839999999999975,0.5999999999999943,0.9896810510183688,-0.026076555866758097,-0.05532099855105132,0.0013276067462101345,-0.013392105390541593,1.6624395838350006,0.40392156862745093,182,112.664,113.264
0.06191286238147505,0.06399993132892048,0.3443200994086798,1.0436820727236937,0.3192944551821026,0.23597367012776058,0.2388384471002538,0.30197547458882795,0.6196693798581155,0.09416992118327278,4.163383534402518,0.1786341709746162,0.3200000000000074,0.3200000000000074,0.2641256277120229,0.16800000000000637,0.5679999999999978,0.9859860466408225,-0.024174246747027707,-0.05301184028961263,0.0011460568220648022,-0.012294251438403575,1.6087994149903166,0.4235294117647059,183,113.264,113.832
0.05248590626960495,0.055999995598388363,0.32484331318920534,1.0102373154421114,0.28928707608706566,0.2503896044440677,0.24504302589571583,0.2861011166493509,0.974971669401586,0.0917783789710081,8.827987858693742,0.2254995695936167,0.3120000000000118,0.3120000000000118,0.2657306534426951,0.17600000000000193,0.592000000000013,0.9895649371167526,-0.027076079482879295,-0.06324640331651643,-9.40124901218355e-05,-0.006428301861233455,2.84406114340202,0.396078431372549,184,113.832,114.424
0.04538874748994961,0.047999960585619145,0.3319885344973793,1.146138316269475,0.23702818545589965,0.185543152611493,0.21944452525091757,0.25862071389026253,0.660789866951648,0.09274854017879504,4.520213727241656,0.1885297317812922,0.2560000000000002,0.2560000000000002,0.28074059793352824,0.17599999999998772,0.583999999999989,0.9869996646897328,-0.027477242817992575,-0.06843991582039563,0.0002772445936613307,-0.006862417219120742,2.4030880588482253,0.39215686274509787,185,114.424,115.008
0.04501527612858709,0.047999978528747586,0.517730361584293,0.9779541679600279,0.05805367262835135,0.49356124388270595,0.15106618957152973,0.1280733956213986,0.18014335614149019,0.07027707713042387,3.019425620513583,0.0553069481915469,0.480000000000004,0.480000000000004,0.26496063181927937,0.1600000000000108,0.960000000000008,0.9641672948157167,-0.0140952093628381,-0.0764820893914773,-0.004590300827407442,-0.016368788124460333,1.0780611421873918,0.3333333333333333,186,115.008,115.968
0.061035719478505175,0.05600015235067502,0.4779943273965579,1.8928792082385377,0.03497677863095728,0.1767084805809961,0.13938090918777538,0.1563607354096325,0.7440499694160749,0.09341764687271799,4.1954321770995655,0.039600000000000087,0.46399999999999864,0.46399999999999864,0.2798142274915193,0.1839999999999975,1.2560000000000002,0.7442534635842712,-0.016257252253422647,-0.08652513849989393,-0.00320009399343954,-0.002214059214513134,-6.172871135642987,0.3333333333333333,187,115.968,117.224
0.11599999999999498,0.1039999827314497,1.012619884700213,1.3132009364040638,0.05747288877244148,0.07372335780143587,0.16964633894799017,0.10057298951366865,0.21593289988549919,0.0838044340369286,1.6785142149215593,0.2763039211963075,0.3999999999999915,0.3999999999999915,0.32875308410886556,0.23199999999999932,0.6559999999999917,0.9789006792701441,-0.02303208862978347,-0.0693430347174282,0.00023242313359958416,-0.0057031140580466625,1.5777250737814406,0.3803921568627452,188,117.224,117.88
0.05579937208960062,0.05600000033767279,0.47289988423691803,1.182319600558618,0.2930265615146196,0.208011702202561,0.26211511374812835,0.25823239404741255,0.3883757040455077,0.08958764910872855,5.801329584193514,0.11074300490089484,0.38400000000000034,0.38400000000000034,0.3608743076813231,0.17600000000000193,0.6000000000000085,0.981537499762269,-0.04361372011082463,-0.07798923057241734,-0.00011612249890222506,-0.009457309879155338,2.4721661312998187,0.403921568627451,189,117.88,118.48
0.04660878700324421,0.04799999521307408,0.3295772743017121,1.0615487501574767,0.2529210052446021,0.21142866602360855,0.247610560456057,0.23522549841634768,0.8786796818205762,0.08657730953317602,4.63271906473785,0.19350549339703152,0.32800000000000296,0.32800000000000296,0.3158883986373755,0.16799999999999216,0.6479999999999961,0.9875571571266143,-0.03709818170666893,-0.08788570165576148,-0.0015981469407872304,0.0017580723496474493,-9.55055814507485,0.403921568627451,190,118.48,119.128
0.051443137176001685,0.05599998179742615,0.2936253394890907,1.3331904183666718,0.2503898090924388,0.19335121647700806,0.18413037551871536,0.289678941056276,0.8530611832922106,0.08312317152038196,2.33850904929751,0.16067781123609862,0.1839999999999975,0.1839999999999975,0.34779780153332773,0.14400000000000546,0.6239999999999952,0.9878122193955126,-0.03150107215435295,-0.08756772584322076,-0.001049756745406222,0.003980763224597423,-2.079263009515938,0.3215686274509804,191,119.128,119.752
0.0788190827829812,0.07999998531937724,0.3787317355531259,0.8844995012810192,0.20027332687499452,0.13241254185423232,0.2426530693722821,0.18708176495328574,0.41407155741573876,0.09142786840759075,4.602430797928377,0.13066855627702345,0.3440000000000083,0.3440000000000083,0.22742280348409571,0.19200000000000728,0.5840000000000032,0.9805809147603913,-0.018694424432582357,-0.04495719260648609,0.0012440931669133722,-0.012949605196794016,1.4767817197926945,0.3803921568627451,192,119.752,120.336
0.0458611637363146,0.0479999265586003,0.3378327073593523,0.6824156384942953,0.19201844096797846,0.1614256008002847,0.2181304982048961,0.24078603351125577,0.3638266674978736,0.07864666438004474,4.620978411442192,0.10972445648936092,0.367999999999995,0.367999999999995,0.19008721841733822,0.14400000000000546,0.5280000000000058,0.9855474571863143,-0.011825070741730651,-0.04025208367514087,-0.00010086996023205754,-0.0038218539196713114,2.6455402729438173,0.39607843137254906,193,120.336,120.864
0.03577776749198835,0.039999997383251135,0.2998077664040209,0.7169565452207363,0.18036821453646135,0.1497180993335688,0.2338574727166333,0.2399848637680149,0.6635287442866773,0.07756164338431473,5.304526528591971,0.14963206944454752,0.24799999999999045,0.24799999999999045,0.22359144308698453,0.15200000000000102,0.5919999999999987,0.9888512467253558,-0.017076998569316954,-0.05755725860776314,-0.0002905125460312891,-0.0015899566201497495,6.958124394006261,0.3803921568627452,194,120.864,121.456
0.05929882069818307,0.06399999692402529,0.3615888418428734,1.020247032663388,0.23676692980506428,0.15531335966473644,0.23614906237646616,0.2585754874434157,0.42259290581806,0.08989843956513476,4.229456297258474,0.1444590777299042,0.2879999999999967,0.2879999999999967,0.28309716344238756,0.17600000000000193,0.5679999999999978,0.9855279707635569,-0.025057879903686665,-0.056395749381623415,0.0019737848088970636,-0.015547334931284455,1.2733169300994687,0.403921568627451,195,121.456,122.024
0.04519202610241805,0.04799999924023438,0.30877027344856045,0.854619585829241,0.2253821074129413,0.17493282173710847,0.23026383228483,0.25062520119423515,0.4893383252290213,0.08102272051932927,3.7463450873130633,0.15782046098406888,0.23999999999999488,0.23999999999999488,0.2565532077288724,0.14399999999999125,0.5519999999999925,0.9884141249062325,-0.020346968054749597,-0.054592051840511316,0.0007043435515861311,-0.008513581767689281,1.7324891325349117,0.3764705882352941,197,122.608,123.16
0.04125300229851746,0.14705994696854208,0.19648834062191262,2.1365248958976704,0.31762401241693483,0.4273049792669809,0.4320000000000153,0.2167259346735844,0.1289999999999978,0.2778682029024611,11.200000000000044,0.21435208361605365,0.21600000000000819,0.21600000000000819,0.21365248963349048,0.1599999999999966,0.5600000000000023,0.9976921290449015,0.010998146572620814,0.031784020698327184,0.02969315144649519,-0.08142893728925792,0.743440744072142,0.36862745098039224,198,123.16,123.72
0.05119393049684058,0.055999803841559705,0.45406800079510706,0.5481628029605643,0.028930858844907578,0.22281189317819902,0.2115295619718833,0.10844854550244523,0.21612020388546826,0.06353609359015265,2.899128229149916,0.04720157849162205,0.43200000000000216,0.43200000000000216,0.22652775408115083,0.17600000000000193,1.0079999999999956,0.9734598180737808,-0.011923683550526407,-0.07388287574489225,-0.0015172018610324358,-0.017277363918617183,0.857307759748596,0.3320427708537116,199,123.72,124.728
0.07734098819869412,0.07999999835952717,0.36107757358256193,1.1903858664176485,0.2682629664997749,0.22924708294545904,0.2494068714387882,0.27718419710958586,0.6503323486229639,0.09953352049720877,5.656698638683993,0.2232445031949647,0.40800000000000125,0.40800000000000125,0.31236250867123994,0.20000000000000284,0.6480000000000103,0.9911276250474537,-0.034994220798993086,-0.07290902685489799,0.0019298834425163299,-0.01632797756684217,1.6161511841053664,0.41568627450980394,200,124.728,125.376
0.05481649949401956,0.05599998795071358,0.33898266102218627,0.9957331523568321,0.26633326887026715,0.2435318922173461,0.23300048908861207,0.39054745123839063,0.8832225428341072,0.09502688143325504,6.1607794549536115,0.2436175406826214,0.2639999999999958,0.2639999999999958,0.2620412474200898,0.19199999999999307,0.6400000000000006,0.9894441045380507,-0.024068345888260807,-0.06838658946896528,-0.0002616895770359177,-0.003627931192251778,4.088404610591739,0.38431372549019616,201,125.376,126.016
0.051839630315369443,0.055999931499570194,0.33636283890690977,1.0775011064712474,0.23560868070307728,0.2006442701086534,0.22121851651410873,0.29294711969740456,0.5366986335221067,0.0927844628261797,5.008210956877721,0.1837474723335158,0.32799999999998875,0.32799999999998875,0.27056967862801007,0.1599999999999966,0.583999999999989,0.990160984692071,-0.024363442534436456,-0.06248801245726788,0.000823613501302672,-0.009800869291916356,1.7030564540408493,0.396078431372549,202,126.016,126.6
0.05483535439583202,0.055999955254797715,0.32661536612731307,1.0578062506313313,0.26371802089425916,0.25742779277233163,0.19706103689894394,0.2692354717332713,0.7487764606035471,0.08800154140633597,2.6470619826074575,0.22123050519691365,0.22400000000000375,0.22400000000000375,0.23600627529417756,0.17600000000000193,0.568000000000012,0.9824786146937717,-0.019561744109909743,-0.05752616188731661,-0.0014357845388897617,0.0028053104665645982,-3.343043154635088,0.396078431372549,203,126.6,127.168
0.04605970769247839,0.0479999459541596,0.3160505750967079,0.9197384209615334,0.24402086950483443,0.1987526592547894,0.2429046885566171,0.2450430164822614,1.1425805894755363,0.0937599872593801,7.143028174230597,0.20588520429403886,0.27199999999999136,0.27199999999999136,0.2297621304219406,0.16799999999999216,0.5919999999999987,0.9882009811838167,-0.02155191221725845,-0.05790837291781927,-0.0010229130904672132,-0.0005683525589931171,24.899947893746475,0.3647058823529412,204,127.168,127.76
0.034869242348724065,0.039999995149654716,0.1710840384995889,1.149903646313726,0.1951063598511322,0.372561384044385,0.3890198678241222,0.4380067214164917,0.12602853916817655,0.17000619251227453,2.8957913872164944,0.44695067595127813,0.21599999999999397,0.21599999999999397,0.2405610206248519,0.1599999999999966,0.5520000000000067,0.9955981641495706,-0.008068065418301929,-0.005109685937658563,0.014484787464423105,-0.050978290260536054,0.8396379245224952,0.3843137254901961,205,127.76,128.312
0.0535279831994919,0.05599999139787166,0.34056626739879836,0.8075200484557001,0.17911116436369395,0.17307543003092832,0.2378278113514375,0.25932864806252137,0.5634289330965754,0.09049050040576596,5.218946804453022,0.18165063900441014,0.43199999999998795,0.43199999999998795,0.223448747684852,0.1839999999999975,0.6319999999999766,0.9897955429126831,-0.017912427551741408,-0.05826705278349475,-7.852176435472429e-05,-0.0038645456923636357,3.478054190374649,0.3529411764705883,206,128.312,128.944
0.05302902294360065,0.05599998660819688,0.509932059428243,0.8814517586085576,0.07789609454092228,0.3374372765791893,0.23470884081847201,0.13479508192536072,0.18036080515524788,0.08072141679704964,1.4004890025711552,0.050417303776047695,0.48799999999999955,0.48799999999999955,0.31345527625602726,0.1839999999999975,0.9680000000000177,0.9778138190582464,-0.02885690596698961,-0.11426367497701595,-0.0021182079939516298,-0.010832425074435065,1.6487815363626102,0.3372549019607842,207,128.944,129.912
0.05453830865185209,0.05599998703972981,0.3327478829597696,1.0397428693669613,0.2536400749224036,0.16981647575585637,0.23084913334995594,0.25445726530066304,0.563900368984569,0.09019177616506122,6.003711425174265,0.14526962528775908,0.3119999999999834,0.3119999999999834,0.2689228772835158,0.16800000000000637,0.5519999999999925,0.9887908431042647,-0.024227241475964573,-0.054579844688717676,0.0013769460465385477,-0.0123951312615421,1.4752488813944298,0.38039215686274497,208,129.912,130.464
0.05419561776544455,0.05599992662319919,0.3202739581306891,0.9258384796798497,0.22682956532798615,0.1818004741704551,0.21617740841278502,0.2364663728727161,0.6554073204979837,0.0848977258191554,5.210456416592024,0.15513276008787472,0.33600000000001273,0.33600000000001273,0.2368516649843,0.15200000000001523,0.5519999999999925,0.9856709355399292,-0.01917103778333036,-0.05211059595598529,-0.00029074446468210546,-0.0038871089854265522,3.2138031802806886,0.3803921568627451,209,130.464,131.016
0.06021868859357402,0.0639999948966018,0.34022062826124155,1.0255343402115147,0.2701891265937851,0.19872264833476305,0.23915280051524207,0.23423703394317144,0.5551860695533419,0.08900007251880769,5.632344741153541,0.14334899320214564,0.36000000000001364,0.36000000000001364,0.2709546575321213,0.17600000000001614,0.568000000000012,0.9855506866128073,-0.02630047577394598,-0.057210418307746154,0.0008275374865926693,-0.01077116183347648,1.7968221192467155,0.388235294117647,210,131.016,131.584
0.05356011369134973,0.055999952710077,0.5114115405990755,0.7314704758425932,0.06273553936362188,0.46976295416613756,0.19514713916269136,0.8095237753491207,0.2070103432515433,0.06982033716895379,5.311013299490853,0.0607423223708802,0.47999999999998977,0.47999999999998977,0.27700638240547054,0.17599999999998772,1.0320000000000107,0.9701603277754967,-0.015831393595570946,-0.08571869804014748,-0.005823777844046717,-0.035842345901181266,0.7075551372217618,0.3334224484849323,211,131.584,132.616
0.09569525168111169,0.09599992454315466,0.6293803049381992,1.2746246485066732,0.09025796732999061,0.17596969469960902,0.1567225996317735,0.24001394529883627,0.22647809148556222,0.08309895913171765,2.5164128277246762,0.33756988416514955,0.2879999999999825,0.2879999999999825,0.28886159663013866,0.2079999999999984,0.5679999999999836,0.9823005310962567,-0.01615329880144545,-0.05126558178042884,0.001187994678092198,-0.015112816792289293,0.812790191380989,0.41568627450980394,212,132.616,133.184
0.03767591626490836,0.03999993984475675,0.2884268092232498,0.6681279823660026,0.167474966678881,0.17295024008249157,0.191217226074447,0.25215865291325146,0.6091625121378356,0.07386440363272564,4.119497554267443,0.15047055895488445,0.3199999999999932,0.3199999999999932,0.1847848775581274,0.13599999999999568,0.5600000000000023,0.983915134298448,-0.010384519060880561,-0.04608982821022907,-0.0007520902274495889,0.004147499380461089,-1.2053496918573474,0.41568627450980394,213,133.184,133.744
0.06914007202755523,0.07200000685618474,0.5672393270297648,1.527118116001562,0.07168850937608855,0.0900419937197316,0.15339515132675938,0.2571647789358692,0.27108693557393365,0.08894547329661123,3.6331461130405556,0.20836662203163622,0.29599999999999227,0.29599999999999227,0.2955951213159347,0.17599999999998772,0.5600000000000023,0.9820899893387128,-0.01796579085393691,-0.05800131399156119,0.0008098234094836464,-0.012017646101347784,0.826194321861031,0.38823529411764696,214,133.744,134.304
0.04640617775034611,0.04799995508889507,0.49397375318175274,0.8760271322089944,0.09019091549291015,0.0802703270362199,0.15612006151818233,0.1662767300339509,0.27593084075525887,0.07136473958050238,1.6455913926316088,0.1655202814811894,0.2400000000000091,0.2400000000000091,0.22667518131634895,0.14400000000000546,0.4720000000000084,0.9733412559426022,-0.010438479770754345,-0.0394404558910374,0.0007946174139788383,-0.00969328256921409,0.8219639062758738,0.41960784313725497,215,134.304,134.776
0.04721121936786195,0.04799999092995508,0.2970429314231384,0.8046810923378986,0.21254553765164175,0.19653240660739704,0.21863853082389428,0.2352517380273472,0.7011210552468399,0.08492208828378232,5.2949497852426655,0.17074056895322703,0.2560000000000002,0.2560000000000002,0.2057010102563176,0.1519999999999868,0.5600000000000023,0.9884624877950937,-0.01527229244411526,-0.04878992507424237,-0.0007514261982755642,0.0001581503331911581,-63.370402006003744,0.41960784313725497,216,134.776,135.336
0.05353448689191297,0.0559999719050064,0.330538117769189,1.161868888907529,0.2651344863883261,0.18305031249073458,0.22003319871367238,0.22796549394990617,0.5523224482719491,0.08712454365511546,3.447697656240899,0.19173443499847767,0.24799999999999045,0.24799999999999045,0.29756881933212126,0.16799999999997794,0.5279999999999916,0.9889713440766729,-0.028058882411516325,-0.05691641169482548,0.0020673790581201136,-0.015028847511953599,1.2708795248382785,0.40392156862745104,217,135.336,135.864
0.03766275771807616,0.039495275543861966,0.0719999943432661,0.8878487976754501,0.0777666482713596,0.11187453646421136,0.12733995761778885,0.16758924751877818,0.4953618302445982,0.06637571200443193,1.436751758330265,0.25396324775618817,0.17599999999998772,0.17599999999998772,0.2041908095375265,0.14400000000000546,0.47999999999998977,0.9770984978031163,-0.007181670378512754,-0.03803602787304818,0.00010188100195566948,-0.0029580549617998636,1.065936843808178,0.37647058823529406,218,135.864,136.344
0.05467267483186516,0.05599998594143254,0.5276158633362883,1.3070426724035007,0.0461238445459121,0.06765535772700638,0.12852079794280918,0.1597431307699739,0.28064028307239935,0.0772167206730453,2.850406459194506,0.264210273135071,0.23199999999999932,0.23199999999999932,0.23706147945181616,0.15200000000001523,0.5040000000000191,0.9804757802477508,-0.01019712914033541,-0.04424469871997969,0.0002991948404618019,-0.0062600503473957785,0.8553386800481546,0.388235294117647,219,136.344,136.848
0.04576495391754371,0.04799996764847392,0.29199938399727043,0.9084596079232076,0.16329719777637586,0.2321857698506714,0.17282612669614456,0.21593101235530943,0.8412294721201989,0.07455316249667511,3.813364113610792,0.2810916028878175,0.3039999999999736,0.3039999999999736,0.2276835544804407,0.1519999999999868,0.5599999999999739,0.982722754398105,-0.014771811963408776,-0.055896944600963734,-0.0011083112876679518,0.006106606975326164,-0.7535123748299869,0.388235294117647,220,136.848,137.408
0.04493046114986345,0.047999999472738766,0.3151199215416008,1.1708496429119448,0.25786594067557267,0.18401923502656878,0.23234039201765702,0.22384301531768158,0.5126708422914884,0.09209571702115854,5.297705333008432,0.14086596749690994,0.2560000000000002,0.2560000000000002,0.3000057300209419,0.160000000000025,0.5600000000000023,0.9875234057302238,-0.03123544399775025,-0.0659907031638519,0.0012190401516927797,-0.01112291852007299,1.7638724084829394,0.36078431372549014,221,137.408,137.968
0.060993232008608234,0.06399999490092062,0.5559507416223569,1.3568049264709294,0.057115573977888266,0.08637860407013023,0.13315842831294666,0.16991253451999214,0.2795809247654195,0.07825695516348685,2.5427341006507684,0.17981713699580978,0.2560000000000002,0.2560000000000002,0.25520837148512887,0.16800000000000637,0.5040000000000191,0.9807255644698225,-0.01201106095398704,-0.04621478775012146,0.0004494680542477433,-0.007952951550781297,0.8155049580863999,0.39607843137254906,222,137.968,138.472
0.053341792522227385,0.04799999954034327,0.5954453426561741,1.858302978324809,0.037602134495700955,0.0030503092862681634,0.11355419549161977,0.3731351712372818,0.8523330333422947,0.08230684438120892,0.6594895537180009,0.6375002564401097,0.19999999999998863,0.19999999999998863,0.2315312115796585,0.1599999999999966,0.5840000000000032,0.9799562500438068,-0.00847337301248812,-0.04792956928632663,1.445039478243047e-05,-0.0014189942205748676,1.0511881952635416,0.3411764705882353,223,138.472,139.056
0.044462788264506704,0.04799929109308596,0.43844640868784546,0.8645047907117389,0.07238704229873093,0.3290409675713788,0.21813928537733226,0.5336773068918893,0.15604146256925489,0.0708866243113137,4.3436138582741295,0.06485417478224684,0.4399999999999977,0.4399999999999977,0.3481922100802955,0.16799999999997794,0.8559999999999945,0.9843569821894187,-0.02761144195593983,-0.10483238018406714,-0.0003632698885568039,-0.022135513917805313,0.8851868342504186,0.3254901960784314,224,139.056,139.912
0.06849094711549807,0.0719999956348566,0.3329128121364213,0.9786025593307084,0.23899557104858007,0.18731455973604202,0.21300726456478458,0.25522464002663403,0.48967528898492824,0.08061135895861077,3.298827292977338,0.14384260802125057,0.2639999999999816,0.2639999999999816,0.276953750768395,0.17599999999998772,0.5759999999999934,0.9878601688357985,-0.023220401540300112,-0.05948946006298027,0.0003915458928591573,-0.00803769336331625,1.844316656294875,0.37254901960784315,225,139.912,140.488
0.05333965587725999,0.055999989710554005,0.32812444276763864,1.2254276390711647,0.289321132782178,0.18518539968722267,0.21734730854587106,0.29018412420900097,0.6799117227468594,0.09517766546783883,5.222969017071319,0.14790224666843907,0.28000000000000114,0.28000000000000114,0.28768376373184923,0.16800000000000637,0.5519999999999925,0.9873705263493031,-0.02673792820276265,-0.05886501837211533,0.0010494220207089885,-0.011109223382839309,1.5960839011422985,0.38431372549019616,226,140.488,141.04
0.046608900419010904,0.04799997803215337,0.3097617942419504,0.9742136562535176,0.23346363084987456,0.17133620095076166,0.19459174326845632,0.20520740833553633,0.4378075026229148,0.0800150189591545,3.136368304981174,0.13951148914122563,0.2400000000000091,0.2400000000000091,0.23012600237281483,0.15200000000001523,0.4720000000000084,0.9904328308749555,-0.01640606522378174,-0.04129023397857539,0.0005305328214225256,-0.00780726725832003,1.487188738455659,0.41960784313725497,227,141.04,141.512
0.045809691401803125,0.047999944291767106,0.28154635649646664,0.722191338120808,0.18581740124041904,0.21215245551953507,0.17538487777826287,0.28986589687010905,0.9231672372954524,0.07593261293015248,4.414021382472613,0.1979370722979347,0.3120000000000118,0.3120000000000118,0.1784266983017469,0.14400000000000546,0.5999999999999943,0.9860547534862683,-0.009636509865358342,-0.04839796763105621,-0.001117995884730142,0.009923045015703248,-0.18841514479864818,0.41960784313725497,228,141.512,142.112
0.06132559839779615,0.06399999404162258,0.33909410771420045,1.2903131608032539,0.3046930099697026,0.18157228366128772,0.24804615257924964,0.2514044106845265,0.7709274094114245,0.09973497636457829,5.858562734512747,0.16923603947019544,0.3120000000000118,0.3120000000000118,0.31275320978913085,0.1839999999999975,0.592000000000013,0.9915787842013429,-0.037373233203941,-0.06813947538375421,0.002760450557483166,-0.01814425731597664,1.484376087936042,0.40784313725490184,229,142.112,142.704
0.03774457281542079,0.03999998852657868,0.3237653609020336,0.8464508893712633,0.2420327970815917,0.1353889625851282,0.2350172543242418,0.21012863299003084,0.5810108131468603,0.08231386862835363,5.710550354602802,0.10951756447487346,0.3119999999999834,0.3119999999999834,0.22839959307696306,0.14400000000000546,0.5039999999999907,0.9800031559889858,-0.01828237962165062,-0.044952147461372445,0.0007047366018374699,-0.00860996099508226,1.7405390322418282,0.40784313725490207,230,142.704,143.208
0.030100802764103096,0.031999966620007064,0.28424085041436103,0.6795432789541834,0.1516494238229991,0.16309285539300428,0.2068412278297187,0.21748568313207878,0.7142413520116084,0.07625383730410963,4.049679542350826,0.15609426504766857,0.29599999999999227,0.29599999999999227,0.19543591764316015,0.12800000000001432,0.6239999999999952,0.9873593498468562,-0.01284556048041754,-0.056968221366748124,-0.0010116178317748639,0.007342513830283295,-0.6755590636291277,0.40784313725490207,231,143.208,143.832
0.060635896895043694,0.06400000095437969,0.33776636968258833,1.120967892663878,0.3299514663542909,0.21887074843184465,0.2535476221955217,0.26401059016288453,0.5772920029924519,0.09508710511345074,6.640746232204623,0.17564895598949254,0.367999999999995,0.367999999999995,0.28364208098424804,0.17600000000001614,0.5440000000000111,0.9889794854415209,-0.028025045990029803,-0.04922065584632808,0.004284110125803494,-0.022925186244920456,1.1405127042800556,0.4,232,143.832,144.376
0.046546548854693774,0.04799998933845356,0.2975122661592529,0.8052194460758557,0.21465128888850718,0.22519156075250252,0.21681679535222684,0.23147636290488777,0.7840081566385846,0.08808252724143811,5.715398544842204,0.2035328820931574,0.29599999999999227,0.29599999999999227,0.19004232861992704,0.1519999999999868,0.5679999999999836,0.9871519695281802,-0.014242754938440466,-0.04803251881460744,-0.0011937330215521455,0.0027404590397135686,-3.364545036302494,0.4,233,144.376,144.944
0.04453926281683022,0.04799996807653446,0.3033363455144611,0.9627595718950464,0.25485941400663265,0.14003922266326657,0.22919688087320944,0.21421530448500373,0.47113756291734293,0.0847798588084734,5.26168834941938,0.10083619262483494,0.30400000000000205,0.30400000000000205,0.24763289490262658,0.15200000000001523,0.5040000000000191,0.9893094225557315,-0.02099607909674604,-0.046476784793784864,0.0018775496557657811,-0.013519265430070093,1.2658289176249398,0.41568627450980394,234,144.944,145.448
0.052009126399336844,0.055999969441951146,0.30841319681505375,0.7718090934091288,0.15264146780147753,0.13165503506650347,0.17490567921847322,0.19093920033173523,0.4591000499441912,0.07504862237921105,2.7172761206405607,0.13591276751174805,0.22399999999998954,0.22399999999998954,0.18519902208195738,0.16800000000000637,0.4959999999999809,0.9862354778399108,-0.009850138556941971,-0.037371811127323504,-0.0003310791884883431,-0.0009776958942583388,6.324285195124215,0.403921568627451,235,145.448,145.944
0.05230294020255869,0.05599999490138343,0.32168236957930874,0.962723088887282,0.22008176485160783,0.17138003301082785,0.2188389530522753,0.22793676800575555,0.5399387452942832,0.08770077758829863,4.808778677323438,0.15336712749989362,0.2560000000000002,0.2560000000000002,0.23987903300549213,0.17600000000001614,0.5520000000000209,0.9904548667736743,-0.020010991671268106,-0.05268228512775196,0.00041473057183169856,-0.007572391695364129,1.9220329937394276,0.3960784313725489,236,145.944,146.496
0.047304079986740744,0.04799995427302929,0.3312373466615933,0.9369644434237294,0.19886848695998438,0.20928527502245195,0.22708092362243495,0.2774846445109882,0.6257117207776164,0.08772278140907869,4.757130334483016,0.21200888862556885,0.40799999999998704,0.40799999999998704,0.26516470242084195,0.17599999999998772,0.6399999999999864,0.9862944502802197,-0.023607198203994366,-0.07160993004365948,-0.0004046782863347774,-0.0016854007558517584,7.902733442789582,0.3607843137254903,237,146.496,147.136
0.06017134562290263,0.19200000142798537,0.486745888364413,0.9594101601294662,0.06407847552205015,0.2924724947322623,0.18845938261680517,0.8294666262358361,0.18608224504440485,0.08183439516606146,4.862731776677655,0.05138143614676355,0.4720000000000084,0.4720000000000084,0.3059370423228253,0.19200000000000728,0.9680000000000177,0.981633574341199,-0.01929422063711405,-0.09335363400672225,-0.0019204559481607395,-0.028876382916927946,0.7423684560692931,0.3305507306788527,238,147.136,148.104
0.0636155913438501,0.0639999988019433,0.33342985081606685,1.319365932575051,0.30266640110875653,0.23528227215585165,0.23345863565750738,0.2733498796903142,0.7994852190275519,0.1020229831058021,5.634200936844208,0.18740305550463948,0.3439999999999941,0.3439999999999941,0.2952547591670792,0.17599999999998772,0.6159999999999854,0.9906502955662073,-0.034560683734662236,-0.07242057369744691,0.0003257078045351435,-0.008884085480319073,2.4428622702243183,0.372549019607843,239,148.104,148.72
0.06153893232707706,0.06400000172785637,0.3331215645357515,0.9313123457621434,0.22038657063645176,0.16322612044313892,0.22257776155360934,0.24265812430492023,0.42016870571157994,0.08234433768072516,3.666761840316542,0.16842530974230754,0.27199999999999136,0.27199999999999136,0.2667447528110672,0.16800000000000637,0.5360000000000014,0.9892350408877105,-0.020446670553795277,-0.048605091335340196,0.0017574582524861359,-0.014468817748343084,1.1485790772484874,0.40784313725490196,240,148.72,149.256
0.03831163871820352,0.039999954307868096,0.3072661281808313,0.7639846714165596,0.19215918893967676,0.1724650251778728,0.2083494775229626,0.23960690398353499,0.4379367983736327,0.07765757501301511,4.74114446487131,0.14285334163817903,0.35200000000000387,0.35200000000000387,0.2133554100585539,0.13599999999999568,0.5200000000000102,0.9852006395989068,-0.013985812166150862,-0.04564183048495197,8.50877169336513e-06,-0.003974722854293718,2.5387575957510693,0.403921568627451,241,149.256,149.776
0.04559670262856082,0.04799999036319237,0.3227225705434234,0.9194847166648801,0.22252899625810535,0.19765136688391022,0.22875987935835587,0.25991535620773026,0.5017957554941157,0.08541660403750938,5.036757433863826,0.1644700936136786,0.35199999999997544,0.35199999999997544,0.25984512358919964,0.1599999999999966,0.5759999999999934,0.9857413884132915,-0.022204357780797112,-0.06021152830623873,0.0003415738487837999,-0.006775758716844811,2.2172047733001765,0.3843137254901962,242,149.776,150.352
0.06060524879590039,0.06399999948108454,0.3400380677665139,0.9422546029905221,0.21999027211775848,0.16618077532707687,0.23986401314236508,0.25734871494483813,0.8805543810165111,0.08608680274589511,3.730047611328166,0.2036009626881528,0.27199999999999136,0.27199999999999136,0.2811159489550927,0.17599999999998772,0.6399999999999864,0.9880955574898077,-0.026955051615359025,-0.07167754926792111,-0.00032659079134521855,-0.0036853496849525466,4.2305059982703,0.36078431372549025,243,150.352,150.992
0.06990794454422886,0.07199987678347543,0.5560448668522796,0.630142162300932,0.14258558925742493,0.23497075185981622,0.37543782871942044,0.13428146383979309,0.386936483538484,0.06588023058906507,5.98313422047305,0.03584942143628209,0.5120000000000005,0.5120000000000005,0.29677429653319765,0.2079999999999984,1.0320000000000107,0.9730124298091738,-0.04023010891289014,-0.12668878945034812,-0.002927388453600734,-0.0029548889448286556,11.80489484567446,0.3568627450980393,244,150.992,152.024
0.06961410542163653,0.07199996277166217,0.3462492788770951,0.9375175072086361,0.17425243744020494,0.12392056031275109,0.21503283954427238,0.21606395314775953,0.4669047288211509,0.08568763509244456,3.147655972041936,0.12647165237891994,0.2560000000000002,0.2560000000000002,0.25751978850533364,0.1839999999999975,0.6080000000000041,0.9879021492641084,-0.02042051376837666,-0.059384417030268415,0.00028694277787082823,-0.006750553782989664,2.053579652199043,0.38823529411764707,245,152.024,152.632
0.06051444131166239,0.06399956979209272,0.49139610029740177,0.7720838672534374,0.03942904132482671,0.2880845423564921,0.1978236667910024,0.12942376745350567,0.18600324405863883,0.07491321106913801,2.89742595178695,0.04512511468757371,0.45599999999998886,0.45599999999998886,0.26080330899889126,0.1839999999999975,0.9519999999999982,0.9779874388445238,-0.01643313395567153,-0.08512014588221191,-0.001960278509172936,-0.015582745127244495,0.9547411904638661,0.34509803921568627,246,152.632,153.584
0.05511406375648943,0.05599999124131199,0.3250552931356523,0.9988228143224543,0.21767492826333595,0.15893022114970018,0.23451235158090808,0.2552774862724351,0.5894932725405515,0.09023112898372693,5.046779769487542,0.1477127467796023,0.27199999999999136,0.27199999999999136,0.27370390491755225,0.17599999999998772,0.6080000000000041,0.9891944777205304,-0.025768123945816974,-0.06596908475497686,0.0006918802348686251,-0.008900614155180024,1.9666755952322557,0.3647058823529413,247,153.584,154.192
0.04525356529844932,0.04799999667392398,0.3201619127656534,0.9848481877908855,0.24123497944502395,0.1658995327650027,0.2130851085203747,0.21262589194575077,0.433685780357319,0.08280166186530698,3.341928080130088,0.15468119693942733,0.24799999999999045,0.24799999999999045,0.2511769949251733,0.1519999999999868,0.48799999999999955,0.9866162380049843,-0.019400944372080266,-0.04454736212920497,0.0014977667343450938,-0.012176206610008755,1.2217064327988918,0.4117647058823529,248,154.192,154.68
0.054820845650254836,0.05599999693524444,0.3320860362003272,1.0239778579946714,0.23601998597053783,0.17951807185703275,0.24647563573329093,0.26098539205552285,0.5344094538318254,0.09281337500879544,2.5485850886457433,0.22695172711218198,0.26400000000001,0.26400000000001,0.2890467972816783,0.16800000000000637,0.6080000000000041,0.9887258600271865,-0.02825276792170664,-0.06644460875510273,0.0014046172668868988,-0.012534718434005032,1.6108229534132432,0.384313725490196,250,155.232,155.84
0.052458525580010205,0.055999859593989974,0.477624058699202,0.8907755989573914,0.048753604441120216,0.34502262657787935,0.1874784312348149,0.6760526083222966,0.2130036891474495,0.07951387676570355,3.1766537550061718,0.05211504505945482,0.4480000000000075,0.4480000000000075,0.28578039458494797,0.1839999999999975,1.0159999999999911,0.9757192259943047,-0.01729062087133137,-0.08991114220145044,-0.003980707169875677,-0.030909628664037077,0.6664674881856805,0.32780452020214873,251,155.84,156.856
0.0666467156993121,0.07199996302195562,0.20286689639895109,1.0877856751315054,0.17172388403447353,0.29436849850874663,0.31119672590934266,0.34491200326316845,0.102191447310112,0.12352044758771727,4.72832935969563,0.3642891240134631,0.26400000000001,0.26400000000001,0.2870936080821695,0.1839999999999975,0.5279999999999916,0.9958512787288742,-0.01373997139873504,-0.013795090077655992,0.012516099396520314,-0.04969115269674804,0.7339834762139097,0.41568627450980394,252,156.856,157.384
0.059545544386866586,0.0639999207180816,0.3061065776225357,0.9543220750086706,0.22476830739935877,0.2378521747879042,0.17020102853095698,0.20345747744294204,1.0822849674193187,0.08062751956384583,3.776000605092779,0.16269441333452325,0.20000000000001705,0.20000000000001705,0.18341357133352287,0.160000000000025,0.6240000000000236,0.9893373868826616,-0.013756294670189833,-0.05860954775076085,-0.003065361685103218,0.01948613589845249,-0.024514343564147452,0.41568627450980394,253,157.384,158.008
0.03885681752327009,0.03999996704574722,0.4555698385185862,0.9810194011859408,0.10781160754109004,0.4851282623571377,0.20665098565248052,0.552747950320016,0.13707330837300752,0.0895579151355065,5.655711275776249,0.07368042953420623,0.4479999999999791,0.4479999999999791,0.29402835805642474,0.17599999999998772,0.7920000000000016,0.9773629930021347,-0.02169425164277596,-0.0894507576771873,-4.841511692875364e-05,-0.017625131070789425,1.032250848885455,0.3882352941176472,254,158.008,158.8
0.07025538818351248,0.0719999717324595,0.7131399756725685,0.8892190777792054,0.029498449790162026,0.046992613970264246,0.11423497496177314,0.12271699345261915,0.2411399814410477,0.06800518670995172,3.1012199579738557,0.2294015893241401,0.23999999999998067,0.23999999999998067,0.16749496161127597,0.1599999999999966,0.47999999999998977,0.972925508075097,-0.004363601825945321,-0.027657432394610434,0.0001287098088181598,-0.00411795226773224,0.7960946257792471,0.4117647058823529,255,158.8,159.28
0.05362655728266292,0.05599997886827063,0.5802342636636013,1.1413625241458107,0.058186288231985,0.01531956920989842,0.14188135071962488,0.17008991358034456,0.8376123197647298,0.080719524256149,0.7805874534206831,0.25906575799897813,0.2400000000000091,0.2400000000000091,0.22859440075549453,0.17599999999998772,0.5519999999999925,0.9822664384685554,-0.01031827758542214,-0.04770347262550526,0.00010352262888971728,-0.0032771427104648057,1.3261764032850036,0.39215686274509814,256,159.28,159.832
0.04606579289236408,0.04799998766605125,0.325813477044015,1.0594092203486767,0.22691681183454235,0.19498853455613785,0.23594283890724396,0.2648384807103148,0.7300925221093882,0.09144669040588808,4.577837111142346,0.20092610252007276,0.30400000000000205,0.30400000000000205,0.29281477614308604,0.17600000000001614,0.6400000000000148,0.9889226640267545,-0.030442052785293768,-0.07938551990496416,-0.0002759088077345901,-0.00352323134451242,4.738984209561869,0.3529411764705882,257,159.832,160.472
0.04670469868478403,0.04799997084744811,0.32330094181335556,1.0311785039785983,0.23426037137403782,0.17282605158778688,0.23786460007959823,0.22896927218421387,0.5602931508171541,0.08603397634891251,2.674626932613234,0.21280591615216296,0.23999999999998067,0.23999999999998067,0.2972995661506866,0.1599999999999966,0.5759999999999934,0.9883120025997191,-0.029521969650791687,-0.06733162056488537,0.0009512913187686661,-0.009908771405618418,1.8294669122850535,0.3764705882352941,258,160.472,161.048
0.03931616608174498,0.039999956272225405,0.3147707041057023,0.9597950604520372,0.2156154983871826,0.19897557862197102,0.21385995048533604,0.2752640075302939,0.7459144172703245,0.08874963184206806,3.198834123996259,0.19607518359391887,0.21600000000000819,0.21600000000000819,0.250015736343739,0.1519999999999868,0.6080000000000041,0.9844316600933861,-0.020737535020224015,-0.06593988739273753,-0.0011182887892764314,0.0038433643004227407,-2.339511060919236,0.3764705882352941,259,161.048,161.656
0.05538854522520754,0.055999961091999506,0.4943534362148212,0.7447529518570036,0.052946226792555486,0.308522206762057,0.22686123909202333,0.8511572470033139,0.19202489396066003,0.07530891130260224,5.499003955500886,0.05651238112286285,0.47999999999998977,0.47999999999998977,0.30631624229654675,0.1839999999999975,0.9919999999999902,0.9768263242552768,-0.020920654475091945,-0.09823171079077923,-0.0021316695764777506,-0.025798535251378922,0.7620733696648536,0.30707323081488747,260,161.656,162.648
0.08678840374324176,0.08799993081634627,0.7212483323014974,1.093801070969542,0.07539739572441573,0.17321816891839553,0.16934398970858183,0.19942198702467967,0.23225661645087453,0.08090550137142176,7.513376664784326,0.3276402763667066,0.28000000000000114,0.28000000000000114,0.2829183265982904,0.20000000000001705,0.5600000000000023,0.9855972805167853,-0.01606469854948275,-0.049960074238691386,0.0012057178491502421,-0.014827097771870409,0.8192965048823093,0.40784313725490207,261,162.648,163.208
0.05371179270237866,0.05599999893595135,0.341362416521291,1.2893136632281534,0.3535664048729902,0.27713669929797646,0.26249171236796304,0.30113578704378047,0.8375368468147961,0.10339948098309015,7.407752667043807,0.2566528966089237,0.29599999999999227,0.29599999999999227,0.31988145529446965,0.17600000000001614,0.5840000000000032,0.9891634645106444,-0.03826230489460112,-0.06562854120280968,0.003748436841509823,-0.020998888067356256,1.3980336943609077,0.39607843137254906,263,163.904,164.488
0.04620077049396182,0.04799996045196451,0.32277278759273986,0.8876496893814729,0.20094229811950978,0.12804517073889257,0.1983225419672434,0.2393038328963203,0.4482843553587462,0.08276545724737745,4.731822366182509,0.10360571292814862,0.24799999999999045,0.24799999999999045,0.21958077720524732,0.1599999999999966,0.4960000000000093,0.9853926827961114,-0.014076338577615137,-0.04101619634974401,0.00035019626116819037,-0.006541134053051468,1.5999965356136918,0.3882352941176471,264,164.488,164.984
0.04745681442784297,0.047999990817487605,0.3364627044813904,0.7611626866903883,0.22983565792585312,0.14094979041181038,0.235022828533309,0.25526095554785244,0.34989161790190837,0.08129170691899998,5.040368405285092,0.09825485765059551,0.30400000000000205,0.30400000000000205,0.22008026215055854,0.1599999999999966,0.5039999999999907,0.9827715735157393,-0.014581607504155296,-0.03798303138196231,0.001250974872159469,-0.011376289420033154,1.2434813162583378,0.3803921568627451,265,164.984,165.488
0.05500060399924884,0.05599999922139402,0.32332522629582816,0.9316361414657747,0.2644872616825085,0.17531091860440887,0.22950409612214456,0.2505159700711375,0.9371448861223582,0.08829828380946875,7.910948708377243,0.1590591778252848,0.2880000000000109,0.2880000000000109,0.23304508033777416,0.16800000000000637,0.5279999999999916,0.9862921595529451,-0.018787627694254388,-0.04438601832828217,0.00045901339736796577,-0.008558237462789471,1.7854308097673548,0.3882352941176472,266,165.488,166.016
0.06844878655811926,0.07199992734864144,0.7030914082258435,0.9626447135452366,0.07212115145872411,0.048772108549311244,0.14007897562220625,0.20369733754480937,0.2144923183754956,0.07248597314846339,1.6143208000655165,0.2905295375688281,0.24800000000001887,0.24800000000001887,0.22172728841992045,0.16800000000000637,0.4960000000000093,0.9775383695185829,-0.00891443647039307,-0.03765011261353991,0.0005349285009375875,-0.00901365284307931,0.7556035458999542,0.42352941176470577,267,166.016,166.512
0.04400013054692825,0.0479999427324857,0.30630710132449657,0.6759693146726756,0.18023813492891358,0.16007090329877227,0.2155044829206261,0.22723291294154294,0.5975920480137693,0.07795757969302798,4.458344248205239,0.14659455653056286,0.3199999999999932,0.3199999999999932,0.18867052958614483,0.1519999999999868,0.5519999999999925,0.9859897025954971,-0.012103838648806738,-0.04449997918596263,-0.0005762954025433244,0.00022778800271349055,-36.49666904839064,0.42352941176470577,268,166.512,167.064
0.054477339837851906,0.055999992070753145,0.34492934078846255,0.9712411278040259,0.28916303613705885,0.18273467374699567,0.25754934933888424,0.2571667225908449,0.4903144455114042,0.09032764395131682,6.1186530006343105,0.17407337705234555,0.33600000000001273,0.33600000000001273,0.26713578818577094,0.16800000000000637,0.5200000000000102,0.9875875678894133,-0.022470317713252863,-0.041934335286270594,0.0042292318901654,-0.022547963173187306,1.024979374520791,0.4117647058823529,269,167.064,167.584
0.04442346934064522,0.04799999532206414,0.29841382752423296,0.7449798697038567,0.1932608462754847,0.17282161707513477,0.19282189799474686,0.23770345442422766,0.7892056363976517,0.07663477344989375,6.473989389858797,0.14278484738812858,0.2079999999999984,0.2079999999999984,0.18991275195283913,0.1599999999999966,0.5360000000000014,0.984437928015233,-0.011842589753282357,-0.04489686545129413,-0.0010355696054582077,0.0035811751253885206,-1.7329910621409563,0.4117647058823529,270,167.584,168.12
0.05532165729182252,0.055999995310795435,0.3451005066204591,1.0770491046973028,0.2596651485615028,0.18147164480920658,0.24585197761444805,0.27353336750202,0.5461989808181155,0.09284305475335201,5.473155878069399,0.17908773649597734,0.30400000000000205,0.30400000000000205,0.29875316008083674,0.16800000000000637,0.5840000000000032,0.985317894265275,-0.029557404481286506,-0.06315677298435113,0.002313834616460854,-0.016383036645711203,1.3860723270838908,0.34509803921568627,271,168.12,168.704
0.06030089915206597,0.0639999955884854,0.32315514963484177,1.0243563142581402,0.28061574036779496,0.1626666550927147,0.2531551784724899,0.27524084801825555,0.41397216972191014,0.09226260010638866,5.530165437529903,0.1163099616687288,0.2879999999999825,0.2879999999999825,0.28244715256881814,0.1839999999999975,0.5759999999999934,0.9873048197510624,-0.027429792353777814,-0.05662331559338636,0.00431951069323893,-0.023978973642516745,1.102333203007748,0.3137254901960784,272,168.704,169.28
0.11090238570032568,0.11199998866643422,0.4030033454179885,1.3142706056414724,0.23428221621583364,0.3123031423795374,0.20699020709513336,0.24157814334111122,0.5689325265896252,0.0945459937330375,5.606770218899943,0.2202365656535696,0.5279999999999916,0.5279999999999916,0.2973579287355795,0.22399999999998954,0.671999999999997,0.9886593033728013,-0.03073080409345433,-0.07362652608928232,-0.0011371491411341905,-0.0026549430263150455,6.05059488019724,0.38039215686274513,273,169.28,169.952
0.052152535554991365,0.05599997765926282,0.3249138326993667,0.9637657825702957,0.2431479865538741,0.2104313089575051,0.2375867832299873,0.2578725815054323,0.48947147673161506,0.08508396036091351,5.328109206580411,0.1462297119056126,0.38400000000001455,0.38400000000001455,0.2762136279138424,0.16800000000000637,0.592000000000013,0.9894105319822319,-0.026676317121571393,-0.06572148531167388,0.0005471881634108172,-0.008401221402187232,2.0745285539326574,0.38431372549019616,274,169.952,170.544
0.054702970364804294,0.05599992127290461,0.5236681672960095,0.6672957623364689,0.18426096456947189,0.3297032631742583,0.346684398556179,0.1434560812761697,0.2558126525515739,0.0637192358679761,4.384418292565171,0.04511097432649816,0.48799999999999955,0.48799999999999955,0.2945209403396761,0.16799999999997794,0.8959999999999866,0.965397843237643,-0.03972165031658529,-0.11556870393012647,-0.0033602099333909473,-0.002320171653425152,14.95477489167283,0.3921568627450981,275,170.544,171.44
0.05491129658692847,0.055999999153295094,0.29072544170436043,0.8074018350899641,0.19027858124356653,0.13404690442368875,0.21825835025868023,0.20524060967846625,0.7471191940678803,0.08214138899630416,5.244927177646606,0.12359874034932994,0.30400000000000205,0.30400000000000205,0.21496128501456996,0.16800000000000637,0.5840000000000032,0.9849657718192397,-0.016677229996738197,-0.053387180161515065,6.283749475959688e-06,-0.004420705366008161,2.9271567699962593,0.3176470588235294,276,171.44,172.024
0.05248247787010921,0.05599956841388812,0.4693230396242224,0.9725670851913585,0.06640523681001663,0.2751184760109,0.19750587612353965,0.558995881919848,0.14415478342631635,0.07921852687725645,3.9485508765613115,0.050899587778200334,0.45599999999998886,0.45599999999998886,0.32493880641714684,0.1839999999999975,0.8400000000000034,0.9801023612034014,-0.0236090868647821,-0.09638658348631417,-0.00046951186900994423,-0.01792194358681535,0.8801991434785515,0.3176470588235294,277,172.024,172.864
0.10177104573364205,0.09770762151828058,0.10399999018857091,0.6629529015179466,0.10496776738497572,0.1904041667916905,0.30755647928646956,0.16645631078805487,0.18072535195371014,0.06494787424888876,4.331366725119506,0.34058667913161866,0.3119999999999834,0.3119999999999834,0.28316483504424594,0.2079999999999984,0.6080000000000041,0.9791473082128322,-0.022319410594211418,-0.04398979128818125,0.002975853724324649,-0.021332701398295097,1.1292454753640546,0.35686274509803917,278,172.864,173.472
0.05415497229702555,0.05599999964819277,0.05577225544306313,1.0978705361165164,0.14319092733698377,0.06987386084390032,0.16600168752400263,0.19333161489198464,0.15409177242587288,0.07704207335599741,3.9529038490800503,0.23863170688146043,0.21599999999997976,0.21599999999997976,0.25468042230322235,0.1599999999999966,0.43199999999998795,0.9774790182901191,-0.013936004643006036,-0.03439824685149607,0.003059703230290655,-0.019983227039271297,0.6604114327942165,0.42745098039215673,279,173.472,173.904
0.07067559665613167,0.07199995777790352,0.324962542955827,0.8443198570372674,0.22519564890537516,0.21408598633392395,0.21404487037051098,0.22091426546106488,0.6794458562207587,0.08939065237129233,6.6401923070214925,0.1538579072954881,0.28000000000000114,0.28000000000000114,0.18804812443965435,0.16800000000000637,0.568000000000012,0.9794805189731618,-0.013968550757406146,-0.042704679176548604,-0.0011210082473309953,0.0003678019867353697,-28.037300856996684,0.42745098039215673,280,173.904,174.472
0.05148551458081181,0.055999989688189464,0.1029037787838866,1.2869514598645304,0.1619504073623076,0.22400744398778916,0.12078101545034911,0.1398687411896583,0.4849776172261812,0.07190616669185856,3.763534846905563,0.0486978293360316,0.23999999999998067,0.23999999999998067,0.29432166322609643,0.16799999999997794,0.47999999999998977,0.9934260875228331,-0.009648252308891894,-0.042493208146496556,0.00011794007256210315,-0.02076907289145547,0.409114206758763,0.4217139587286642,281,174.472,174.952
0.05359467657549199,0.055999999963319516,0.28216237179217885,0.5110551338572573,0.15238780078840564,0.15897603487537976,0.16754588277092242,0.18670021359712588,0.8627565718791751,0.059430262278670584,1.5955139056284329,0.185769946822968,0.40800000000001546,0.40800000000001546,0.14740837880246122,0.15200000000001523,0.6239999999999952,0.9844683048804976,-0.0065216570755268375,-0.04184436883043271,-0.0012608508281100495,0.014627284872773197,0.06962300976340342,0.42620906616782217,282,174.952,175.576
0.045694072748727776,0.04799995818444647,0.3237289712530324,1.228652219690144,0.2693096424418816,0.2174519429909602,0.2514404319553968,0.2506273073546032,0.6888970987437953,0.09523164496137261,4.770373422297111,0.16609271211241514,0.30400000000000205,0.30400000000000205,0.33994537330096847,0.16800000000000637,0.6560000000000059,0.9900752181366331,-0.044245305224554714,-0.09502859614347352,-0.00022234669694892143,-0.00503369659605883,4.3578561735146,0.36862745098039224,283,175.576,176.232
0.062032548248148675,0.06399995332144212,0.5468414614426892,0.9183612364498551,0.08543072306332136,0.050180750037449304,0.1597996407300927,0.1953030662545809,0.20596537927467173,0.07613083545860395,3.2429365249645787,0.2835725605897726,0.24799999999999045,0.24799999999999045,0.231030654502194,0.16800000000000637,0.48799999999999955,0.9826217135300074,-0.010423758523263688,-0.0373862020221233,0.0010688083856359035,-0.012654478551793804,0.7382221219212434,0.43137254901960786,284,176.232,176.72
0.05260920907755615,0.05599996157459007,0.2765487567573796,0.6956607464594013,0.18303603788051134,0.20477587697828645,0.17692576499019988,0.207427223784887,1.19679282236103,0.08212508913838246,6.827916593186647,0.19550636022429888,0.19200000000000728,0.19200000000000728,0.13424183180482052,0.14400000000000546,0.5360000000000014,0.9832410354724535,-0.0072160550407352015,-0.03487803042302998,-0.001569330683725364,0.009775456580251292,-0.2502690433002889,0.43137254901960786,285,176.72,177.256
0.060440746656339174,0.06399992726968606,0.55413441444614,0.9800682594053779,0.07817281684493903,0.06537540650501134,0.17257695819405833,0.1931636670911216,0.23983084197014407,0.07981915822424784,8.085800366248073,0.2581607767552693,0.26400000000001,0.26400000000001,0.25454661488288216,0.16800000000000637,0.5200000000000102,0.9850278176868811,-0.013776727947852532,-0.04544087408881034,0.001180227789988656,-0.013602380702330445,0.7943212790871998,0.4274509803921569,286,177.256,177.776
0.06087059207685274,0.06399993963179434,0.3443830778950119,0.784372875157844,0.15449543048381426,0.11145774305511401,0.20195233828414852,0.19225985987754887,0.5277959466979361,0.08101163161264079,3.6175586894211014,0.12087974164719666,0.24799999999999045,0.24799999999999045,0.20467972215048696,0.17599999999998772,0.5600000000000023,0.9844221459041798,-0.013133980570066095,-0.045459474052870534,-0.00029706330425680326,-0.0022426014599305107,4.121325469691987,0.3647058823529411,287,177.776,178.336
0.045552143619068945,0.04799995396855014,0.3215457448935381,0.9974411193362371,0.24766588656741093,0.20145836192771413,0.2420046176488844,0.24127813696695882,0.5777430893686288,0.08675048694785872,4.870482209093341,0.1733428760810372,0.32799999999997453,0.32799999999997453,0.28279139135829456,0.16799999999997794,0.5759999999999934,0.9875997371188692,-0.02812956908696127,-0.06518523295509898,0.0004395795459936704,-0.007762534738642319,2.2663321143929913,0.3490196078431373,288,178.336,178.912
0.05284862582883599,0.05599991940311715,0.48742871716636815,0.8028166990127915,0.061022750291512606,0.35040991417223183,0.18181431963698347,0.5958362621863285,0.20100343661650039,0.07012544952310094,2.377158863804755,0.05305745722294479,0.46399999999999864,0.46399999999999864,0.2821927598378031,0.17599999999998772,1.0,0.9716483118139589,-0.015934890407099965,-0.0844984301781091,-0.0033023699163643085,-0.028859921312666147,0.7338779899491582,0.32194625996594933,289,178.912,179.912
0.07070641892236858,0.07199976370399062,0.5500788948044093,0.706536630196406,0.0700020715592041,0.44393914846508775,0.28925342460512266,0.1568772082445296,0.18876658389521328,0.06762262803197079,6.798180708107601,0.05223558688538549,0.5120000000000005,0.5120000000000005,0.33757819091606595,0.1839999999999975,1.0079999999999814,0.9750133351220165,-0.03347203406456425,-0.12070111059594354,-0.003275747207207555,-0.02476978942968417,1.2580432021077868,0.3882352941176471,290,179.912,180.92
0.06887178431655994,0.07199996663989476,0.3462687832142744,1.2468088633609602,0.3163386408036856,0.20379411603692477,0.2290547366987487,0.22573652924000856,0.594034796530467,0.09679686027990192,6.335385667805161,0.1461315467362032,0.33600000000001273,0.33600000000001273,0.2746326011008454,0.18400000000002592,0.5360000000000014,0.9894142704430128,-0.02650525570918741,-0.04713252263827622,0.0027197771288494706,-0.018513536979191555,1.2562308723694415,0.4274509803921568,291,180.92,181.456
0.0458539828057677,0.047999973341551386,0.3153894272039468,0.9178626487025103,0.2528673355133323,0.20288745531435146,0.22060629236882043,0.22625505027938708,0.6734494089941968,0.08522392028092628,5.385641345793227,0.15933878629524756,0.26400000000001,0.26400000000001,0.22752898800690385,0.160000000000025,0.52800000000002,0.9864355584088473,-0.0188320826435045,-0.04898908678377616,-0.00048722425368984953,-0.0036282850023867477,3.6013516941608557,0.39215686274509803,292,181.456,181.984
0.038021812607542387,0.039999999640369474,0.30756673755708663,0.7978683438023804,0.20867226374769185,0.20017371647781526,0.24142852293974615,0.2445275204887105,0.7479081549112581,0.08251214122325382,5.292131121665946,0.22448973656010923,0.2879999999999825,0.2879999999999825,0.2359641343767801,0.1599999999999966,0.5759999999999934,0.9895506606694682,-0.019796257087839497,-0.05732266505367011,-0.0003740407123718249,-0.0023037667272383625,5.491290150962464,0.3450980392156863,293,181.984,182.56
0.0540334433536262,0.056000001209505317,0.33826927740205254,0.9274217813200698,0.2319440352978236,0.13919685091404246,0.23649431606974253,0.24985562885343465,0.44820813056335795,0.08662191777731926,2.4808860461197737,0.14268783796635076,0.27199999999999136,0.27199999999999136,0.26557891815406476,0.16800000000000637,0.5679999999999836,0.9880757389044403,-0.02257408937930177,-0.055695389031371126,0.0010931927654099245,-0.010967684616683336,1.528089869057647,0.3529411764705882,294,182.56,183.128
0.05539131514643745,0.05599997010369214,0.3298430895399556,0.9665657194635898,0.22114582159394827,0.13691264342914206,0.21074889541090525,0.23079181242860716,0.47681509335034,0.087587520624746,3.272995471574105,0.1262799404054816,0.2720000000000198,0.2720000000000198,0.23715660212956807,0.160000000000025,0.5360000000000014,0.9869113381600787,-0.01795059646938689,-0.04772527610068172,0.0007514910426020896,-0.00920831831199569,1.5521321397719006,0.3686274509803922,295,183.128,183.664
0.06843199005829394,0.07199993747958856,0.35201020446222536,1.307664099269664,0.3565068689673004,0.23074393744768826,0.24947624231466622,0.25938485052549304,0.5425338577720062,0.10057814173895464,6.478444554821754,0.16643586225797077,0.3760000000000048,0.3760000000000048,0.3058431000768275,0.1839999999999975,0.5520000000000209,0.9884989347518235,-0.03261055038082945,-0.05083116138232565,0.005467715684326538,-0.026758223565485358,1.1131287540168926,0.403921568627451,297,184.272,184.824
0.052975061460193866,0.056000056800594944,0.48616765779402504,0.7486285456313948,0.06904947636109697,0.4075412506593702,0.14458418310768514,0.5429566805990237,0.18901674741225521,0.06508109095042515,8.516716763007151,0.051014751144629826,0.4479999999999791,0.4479999999999791,0.21587469654101504,0.16799999999997794,0.9519999999999982,0.9652165946465213,-0.008445359998363607,-0.057896884256564855,-0.0032255686340048623,-0.03485450633288839,0.8282342671362981,0.3551603449657179,298,184.824,185.776
