t0,t1,t2,a0,a1,a2,b0,b1,b2,c0,c1,c2,dicnotch,winSys,maxAmpl,sysTime,duration,R2_of_fit,Es,As,Ed,Ad,td,fd,pulse_index,start_time,end_time
0.04567276435879099,0.04799999824073049,0.4326590513334329,4.2543812492241,1.2725209007836988,0.9401950196972156,0.29946734255396396,0.308224192510214,0.73693594280793,0.09513498913157811,7.208540367998201,0.14335251167315097,0.3440000000000001,0.3440000000000001,1.2971646706165298,0.19200000000000006,0.688,0.9804713736853103,-0.7534269612021002,-0.3813738785807484,-0.04085272157458914,0.0025748895572678537,-37.65154318539377,2.274828342489234,0,0.688,1.376
0.029200508753575136,0.03199998424325435,0.4192553869760305,4.0518031527858005,1.1737626178021678,1.706317378979933,0.40023147954308763,0.3746259809553362,0.5621866434468877,0.12014255371692549,8.133908089366928,0.1530050439354713,0.40800000000000014,0.40800000000000014,1.308558906060631,0.2160000000000002,0.7760000000000002,0.9121410196502606,-0.8624599021003959,-0.404620791918715,-0.08545081531168308,0.10729857061643105,-0.1407060239458103,1.9384450613578657,1,1.376,2.152
0.02883495469982944,0.03199998399447169,0.3667539089993061,4.152259467005344,0.9427284577716661,1.0603329340891414,0.2957914209037578,0.30505278024495264,1.170627561221795,0.08936500194267805,5.1122139062335075,0.23778747881931953,0.4079999999999999,0.4079999999999999,1.4419095905050483,0.1679999999999997,0.8799999999999999,0.9921925227817467,-0.897758509453616,-0.5827787615147463,-0.06127333871859594,0.09210512930793692,-0.36259120352231045,1.3304024227937645,2,2.152,3.032
0.04430199125816981,0.04799997123841216,0.37023025679706767,4.925736966743467,1.1323643922057753,0.9458332743493139,0.2564000537034521,0.3268908117400959,0.873259308570275,0.08579060794250086,5.551856429275602,0.12151899574527943,0.3919999999999999,0.3919999999999999,1.5923175372727538,0.17600000000000016,0.8079999999999998,0.9890957546953343,-0.9734451658384239,-0.574378578271067,-0.014556561345735021,-0.00985788120760149,10.947291318022716,0.918872911768006,3,3.032,3.84
0.04574383412243461,0.047999990468153855,0.33973045076353753,5.023287712896313,1.1570641778825477,1.383937696735208,0.2625612611997529,0.3026242600787745,0.9153652579900109,0.09476538041430368,5.581227372929205,0.20296905116996175,0.3280000000000003,0.3280000000000003,1.4570936751509738,0.17600000000000016,0.8319999999999999,0.992651476831632,-0.9337762644084556,-0.568846653460778,-0.054821616241329696,0.05777914493516379,-1.037723219051446,0.918872911768006,4,3.84,4.672
0.039133435057385584,0.039999979368978776,0.38676550161796946,4.77046528295462,1.1706161559877541,1.029913468459932,0.2825971978803645,0.3096996943855121,1.032175377835991,0.08884727368222593,5.838981884422565,0.1667557297462568,0.4320000000000004,0.4320000000000004,1.5837263190157371,0.16800000000000015,0.8559999999999999,0.9912423965701146,-1.0801583916019704,-0.6229513654838194,-0.05217702157089984,0.035234482301349464,-3.010656863040329,1.1211873901814706,5,4.672,5.528
0.043475602792907964,0.04799996947304733,0.38442231675437166,4.634436792935764,1.095446172063882,0.9652744926818764,0.28822152480995217,0.3365458037336489,0.981073226365234,0.0882559177978814,5.76495639419091,0.16836324235435188,0.4240000000000004,0.4240000000000004,1.6002522966772497,0.17600000000000016,0.8720000000000008,0.993437676525964,-1.0712827555722226,-0.6237207113681069,-0.025147469629724372,0.00708954467908445,-16.03493602630715,1.025434567316299,6,5.528,6.4
0.045169726799440466,0.04799999594424242,0.3902048884120241,5.687925307839604,1.3612205830699315,1.1475755771109029,0.2767707420231334,0.3253336145587603,0.9629324711020693,0.08688943468271475,5.8846298172431055,0.12758737437583753,0.4079999999999995,0.4079999999999995,1.9065632482806918,0.17599999999999927,0.8479999999999999,0.9913565683992159,-1.5076077801048096,-0.7288629032443312,-0.04008081633584083,0.006599400587025482,-20.29938270107372,0.9540474181266401,7,6.4,7.248
0.05217157408437952,0.05599997359014617,0.3870205694881607,5.934768745540335,1.412575029304122,1.2183151124319738,0.2797379501491783,0.3148098597417855,0.9934673478829638,0.08678534769224065,5.986457955827246,0.14271069826650198,0.4319999999999995,0.4319999999999995,2.0190438156736423,0.17600000000000016,0.8639999999999999,0.99304730595836,-1.6825719606831915,-0.7730338105011232,-0.042192673661905614,0.004741669301990317,-31.004378969216493,0.9814053675166892,8,7.248,8.112
0.042396077114852174,0.047999992816654805,0.3742215884066736,5.867039172115297,1.4663240571703862,1.3204789995192154,0.28390747245457043,0.27633380352724646,1.1777328971094987,0.0824917091155545,5.582736103593572,0.17372780405270608,0.4320000000000004,0.4320000000000004,2.101964414157167,0.15199999999999925,0.8719999999999999,0.9928020659592494,-1.8046998247681767,-0.8170148318446041,-0.10825891023747469,0.06950760853271595,-1.7232612258982072,1.0684256306435187,9,8.112,8.984
0.04650823636402022,0.04799997786981043,0.39840704151590856,5.568726222072033,1.3649527314916858,1.2293323578054702,0.30439945095366483,0.3402443888426594,1.0628834278987158,0.0895240201188547,5.938941103761308,0.19902583824353823,0.4480000000000004,0.4480000000000004,1.979312374188846,0.18399999999999928,0.8960000000000008,0.9909709135525789,-1.6951742351668275,-0.7866842402084314,-0.05838805091781239,0.0289291891552686,-4.821092317268015,1.073310978748885,10,8.984,9.88
0.04641960936238557,0.04799997931297601,0.3935572974551754,6.237122704965924,1.4356628477118407,1.233474143566483,0.27628697018165815,0.3317261898735538,1.0644557147812999,0.09008303480499469,5.93776242586057,0.1581149248697064,0.4159999999999986,0.4159999999999986,2.0451848258738874,0.17599999999999838,0.8879999999999999,0.9892321000243784,-1.7508000497690417,-0.8166197802053864,-0.05511675271436255,0.019737101393765603,-7.514284255096458,0.9696805320638111,11,9.88,10.768
0.05125950663129949,0.055999973792632246,0.3841054550220784,5.708094289710998,1.3340678531434556,1.22223721670342,0.27413562747413095,0.31320341297128207,1.1193872923652866,0.0861174485753314,5.883825087603523,0.1798878869525639,0.4319999999999986,0.4319999999999986,1.9229343393583362,0.17600000000000016,0.9039999999999999,0.9895953703162303,-1.5313753594154733,-0.773869022718149,-0.059650933284090636,0.03227311357429709,-4.049708709274548,1.0723339091278117,12,10.768,11.672
0.038755955633443,0.03999997136600465,0.3916050479443769,5.845714329783958,1.4044616351692312,1.1755881285731433,0.29777522273797496,0.34203341361726414,1.0134534471668448,0.09051609246659867,5.882567144481106,0.16272326921799002,0.4239999999999995,0.4239999999999995,2.0375088248183713,0.16799999999999926,0.895999999999999,0.9905274351929677,-1.777718347144318,-0.8197744629561319,-0.03500480471773542,0.0012777155444437492,-131.64107246909794,1.0625632129170794,13,11.672,12.568
0.04492852730232765,0.047999977221920315,0.3853754128208201,6.528969478282437,1.4331949056924622,1.2710851580778522,0.2751412916465537,0.31452359899714305,1.4467947758212054,0.09392014119263985,5.737619083673133,0.2023398480488093,0.4399999999999995,0.4399999999999995,2.0181890230035657,0.17600000000000016,0.9359999999999999,0.9918588839393938,-1.8264645465685725,-0.8736721215922799,-0.10484039593359104,0.07867130360613805,-1.5128775427188865,0.9716346713059569,14,12.568,13.504
0.051666862838819425,0.055999981162621525,0.4056431916551939,5.80741577395827,1.4892863797668874,1.2073044761914435,0.3053441868597446,0.33072239616268506,0.9382427244437594,0.08891564074204951,6.165846989490876,0.1523050611694871,0.4400000000000013,0.4400000000000013,2.0519265641493623,0.18400000000000105,0.8640000000000008,0.9931356044494124,-1.8363051404488944,-0.7827736329586468,-0.029452826490723012,-0.013269996217558814,13.33790937294086,0.9208270510101523,15,13.504,14.368
0.13979514416258063,0.1360000212211059,0.47341491270082064,12.037251970830097,2.694958249468074,2.4016338978936247,0.2787333778774988,0.2793363637858059,2.9089727841446313,0.1339286811210773,6.341454228646545,0.27685215281394565,0.5359999999999996,0.5359999999999996,2.051157680912009,0.27999999999999936,1.032,0.9930108215275532,-3.416439114468333,-1.1185774985985364,-0.6896062201290829,0.29904446624025377,-0.37181131348097096,0.9208270510101523,16,14.368,15.4
0.0539596016686299,0.055999977468378606,0.39509559231110786,5.794630862090376,1.3531194469973378,1.1807503808773936,0.2856833668361067,0.30750479870385145,1.1210680818603602,0.08651160752802221,5.8877096619913,0.1659212986204971,0.4320000000000004,0.4320000000000004,2.0094667821786665,0.18399999999999928,0.927999999999999,0.9903363980996513,-1.7103726207197385,-0.8244721623620591,-0.054765388336191136,0.020091417151642404,-7.8706318909140345,1.013709731863421,17,15.4,16.328
0.04492909884659916,0.04799997262480611,0.4026814118601099,5.88604774014923,1.4735206088833919,1.1908895885090887,0.2949917897114182,0.34998049967391803,0.91568197018041,0.0899697441870711,6.103719425866583,0.14823042975235162,0.4400000000000013,0.4400000000000013,2.012958598257943,0.16799999999999926,0.847999999999999,0.993283185133688,-1.7430533830263508,-0.7654538057759112,-0.02959223120317179,-0.00874553523672377,18.435506342097682,1.0410676812534696,18,16.328,17.176
0.14390834208426104,0.13599996750102,0.4841101067664073,11.872448421969876,2.811144371609665,2.629125559032007,0.2948298593148004,0.27540579185692377,3.2066293050036014,0.1381973418986837,7.099735125530606,0.3080163894126714,0.5440000000000005,0.5440000000000005,2.010219174351681,0.28800000000000026,1.0800000000000018,0.9952442464618059,-3.7064049536386916,-1.1937436324270747,-0.8963847568802669,0.3870012387114323,-0.22290053395877663,1.0410676812534696,19,17.176,18.256
0.04564665670688332,0.04799994756950389,0.39458294420666506,8.49312226885397,0.872797087010554,0.9774757163508213,0.2096875318094596,0.30733845343314764,1.1659113215337376,0.09887427641887783,6.618888898209046,0.1231576543544258,0.2560000000000002,0.2560000000000002,2.042496404334615,0.17599999999999838,1.0,0.9950825100156531,-1.4265240645757054,-0.8333848118940543,-0.03915736854157361,0.03358790474596866,-2.1836673099726434,1.0547466559484944,20,18.256,19.256
0.03896424935297634,0.04000000394991983,0.3816451968404782,5.760153095942709,1.3292546173485906,1.1964729275191217,0.2939935964366315,0.32731202119196007,1.2254138374089305,0.08716303183294347,5.492426274973762,0.18582255201764106,0.4319999999999986,0.4319999999999986,2.038152752964737,0.16799999999999926,0.968,0.9913333117275218,-1.7954016437159472,-0.8830486593180097,-0.06150300918210039,0.037928571078687794,-3.937914194924998,0.8631188765155178,21,19.256,20.224
0.04488426849030397,0.04799999416897364,0.3825622313702412,6.167772973299597,1.4257603741260885,1.2366065781012379,0.2762498366469231,0.2842848426453827,1.3011052272539383,0.08694757682882777,5.560576129907484,0.15425095243348477,0.4239999999999995,0.4239999999999995,2.0403926194620494,0.16000000000000014,0.911999999999999,0.9921373310115957,-1.8018346147799909,-0.8503997748274631,-0.0992070084434759,0.06510769276493472,-1.9391367233155732,0.9257123991155183,22,20.224,21.136
0.044976181143919665,0.04799999743849442,0.3847302749187565,5.617766994032417,1.236467143538897,1.1345639390160607,0.2614558830351957,0.32616026707070683,1.1820345698250359,0.08577204702365876,5.684964313926889,0.1621800519850636,0.41600000000000037,0.41600000000000037,1.8418086618208689,0.16000000000000014,0.9200000000000017,0.9919192229674584,-1.3616266961969148,-0.7536333165631717,-0.05656953923884433,0.040846083311168686,-2.6774893563606184,1.1270498079079099,23,21.136,22.056
0.1440000000000001,0.13600000246386493,0.4855026140592802,12.880220677905609,3.172295456972309,3.126387559301851,0.30783769943075356,0.27560819069095166,3.0806938049941435,0.14898158476877407,5.163410507690459,0.4018564733042257,0.5519999999999996,0.5519999999999996,1.9610193917756369,0.28800000000000026,1.0799999999999983,0.9945617702076665,-4.148688533471198,-1.22083200761938,-1.1804664352092482,0.44351131600333027,-0.22161626859139685,1.112393763591812,25,22.864,23.944
0.044793644255757326,0.047999982548125895,0.38510510006920884,6.4779513876303705,1.1788429844243962,1.0172380702423676,0.2717395751778441,0.27944505011033643,1.330319026710591,0.09629704614578631,4.72027945420774,0.16820650226498135,0.3440000000000012,0.3440000000000012,1.9534230411538394,0.18400000000000105,0.9920000000000009,0.9907114624457161,-1.7105131257039567,-0.886218415826527,-0.07007464855011912,0.05571491454226601,-2.3081572943177204,1.0713568395067385,26,23.944,24.936
0.0438127256714613,0.047999980988954916,0.3960211709316332,6.525753868151629,1.5675744540687258,1.28276649773701,0.2823325631200643,0.2775805201121716,1.0986012313708848,0.09361956875096594,6.118559518659926,0.13970438804236027,0.4400000000000013,0.4400000000000013,1.9696043088415471,0.16799999999999926,0.8240000000000016,0.9944709054199856,-1.8545882145123884,-0.7776382427471693,-0.11580364323084089,0.05764195705825571,-2.256805120790561,0.8621418068944448,27,24.936,25.76
0.15199999999999922,0.1364974264714659,0.5294367201709266,18.546544948071737,3.7093089896161655,3.709308989616138,0.3371660759528182,0.14399999999999927,1.9199999999999957,0.16967973565964728,17.91999999999994,0.3664275366867574,0.575999999999997,0.575999999999997,1.854654494808083,0.3039999999999985,0.8959999999999972,0.9823854564882533,-5.981940023511699,-0.8349340629119255,-1.889613181831481,0.20353878742782716,-2.419914405418669,1.0273887065584455,28,25.76,26.656
0.1959999999999997,0.14400003167667336,1.4272991494850358,10.835208376933581,1.188181760502371,0.47457075368409146,0.2997823998317954,0.16400000000000062,0.4634728519958192,0.16643280789452505,1.1760002563221592,0.5163267632323556,0.6560000000000024,0.6560000000000024,1.9365678772999422,0.39199999999999946,1.176000000000002,0.9137933479725048,-2.0442763304267535,-0.8769352466234314,-0.11179938061724043,0.04335361740234317,-6.039224967762907,1.046930098979909,29,26.656,27.832
0.047172339584838935,0.04799999241723221,0.40232212495642894,5.783815313185198,1.5280074482069608,1.24226609954002,0.2926954828687212,0.3003842588645205,0.9866975191174173,0.08605691094194454,6.178030581921346,0.1306749194582702,0.4239999999999995,0.4239999999999995,1.974537429601522,0.17599999999999838,0.8239999999999981,0.9941449156646248,-1.725430891019765,-0.7411982255926273,-0.08067330855069312,0.031187925057158925,-4.449622060530475,0.952093278884494,30,27.832,28.656
0.13199204852981264,0.12799998805952398,0.4727142394351628,8.380074752240064,1.739520959831535,1.7313855435627714,0.28051061003690303,0.23667295128437987,2.130371007645676,0.11636166701816834,7.640208594682307,0.2658534767579927,0.5280000000000022,0.5280000000000022,1.8556273977711812,0.2640000000000029,1.0720000000000027,0.9935245986636596,-2.28110240680179,-0.981546724024894,-0.37518538175311833,0.24082403608822248,-0.3136722421844809,1.1671707292232272,31,28.656,29.728
0.04518587178402398,0.04799999541767713,0.39017524676071336,6.001778495256522,1.2899549488558166,1.1307806893184207,0.27980491058870444,0.311089578084142,1.5117688138328422,0.09349816594490108,5.529546155651208,0.17017828654575679,0.4399999999999977,0.4399999999999977,1.897279163878996,0.17599999999999838,0.9839999999999982,0.9943958422363751,-1.6254466034029793,-0.8538099977558935,-0.08327111370828513,0.06876447981976018,-1.6977692785865548,1.120210320560397,32,29.728,30.712
0.05074426821256182,0.05599999352282887,0.39272156774081146,5.416624609803967,1.23805010712682,1.1598289881828725,0.2786954081858617,0.3301702667381791,1.121910653941395,0.08573798604679592,5.926484558970922,0.1632943989672563,0.4400000000000013,0.4400000000000013,1.857475238883047,0.17600000000000193,0.9359999999999999,0.9922380188510702,-1.4438975372942606,-0.7708411219101051,-0.04845263766790294,0.026916040886847993,-4.594028053862305,1.058654934432787,33,30.712,31.648
0.05311592477665384,0.055999984292321336,0.3948480423880744,5.703307253427853,1.3487484697185455,1.1193331412509866,0.2739698765860786,0.2785165909503109,1.25776561281357,0.08487772802563165,5.71834060207054,0.13107605539117517,0.41600000000000037,0.41600000000000037,1.89384118041386,0.17600000000000193,0.8959999999999972,0.9921467584905241,-1.5492057482757164,-0.7710847200504686,-0.07932289751520111,0.04445941944656977,-2.8916310528825773,0.9901989941063476,34,31.648,32.544
0.051358446135836684,0.05599999839703162,0.3909400615188857,5.412112978978059,1.2343099984027184,1.1196245731793588,0.27566247482106354,0.3205793981006294,1.1098097467268673,0.08726461576768182,5.920823932330789,0.16252818283289355,0.4240000000000066,0.4240000000000066,1.820808677869311,0.17600000000000193,0.9200000000000017,0.9934529829364802,-1.3756575184312607,-0.7429960522043244,-0.04574949305946856,0.022155781394580243,-5.796905866826614,1.113370833212885,35,32.544,33.464
0.04593017369380519,0.04799997432424285,0.40839717702668726,5.4518782348316455,1.3543883044857745,1.0997235505103122,0.2966353187769146,0.35596756914199196,0.9334134765311122,0.09098420292394162,6.16410506998958,0.15966184861484017,0.44000000000000483,0.44000000000000483,1.8694249114160337,0.17600000000000193,0.8640000000000043,0.9928356934716532,-1.500870376373921,-0.7205049079866785,-0.025534835934345124,-0.007674747295578542,20.209452994009524,1.12411859904469,36,33.464,34.328
0.14393593360519752,0.1439999980057047,0.48921982394747054,13.217815197735417,3.645599686214033,3.2859824700565277,0.315622258644176,0.3154839986230138,2.7825278630797423,0.15663623497503873,4.745707500031664,0.37876266142632753,0.5120000000000005,0.5120000000000005,1.9162406364239373,0.2879999999999967,0.9759999999999991,0.9965725831665844,-3.788061913340673,-0.9521819851652965,-0.8990326174313538,0.22115290538875756,-1.1417952106190414,1.12411859904469,37,34.328,35.304
0.14799999999999966,0.1359998949592148,0.49090155603402524,14.911639788659524,3.45887744654048,2.906479355400061,0.3038232130328292,0.25328231995966527,3.0357090511740963,0.15094791952661119,5.576589363943984,0.2925883180051809,0.5279999999999987,0.5279999999999987,2.0987070888269637,0.2959999999999994,1.0399999999999991,0.9916459090783475,-5.037977011766771,-1.2642508241423127,-1.349566625945896,0.39762231344158405,-0.4862645366357163,0.8631188765155178,38,35.304,36.344
0.05393921027770079,0.05599998845033752,0.4080568228169469,6.001630536108198,1.7315319295072307,1.3516109391855993,0.2830998504393218,0.31913622970997635,0.8609550361994928,0.08634437544323224,3.4371489968853974,0.13641121832469938,0.5519999999999996,0.5519999999999996,2.0120498338829713,0.17600000000000193,0.8239999999999981,0.9932493728154562,-1.7368302468423518,-0.7439653019006058,-0.09338667780889003,0.040467380098182584,-3.210811073817069,0.9081251459362008,39,36.344,37.168
0.13599998966203017,0.12799995381180496,0.48412826949032034,10.765678394578671,2.8559860588409736,3.1798499359451773,0.3202799169187185,0.2822449568175517,2.5815876764685646,0.13788318176397904,12.85841654295273,0.3554428209420707,0.544000000000004,0.544000000000004,1.9690333898893229,0.27199999999999847,1.0559999999999974,0.9952924683990164,-3.7759369793810054,-1.1416452541636444,-0.9618249305195299,0.3792655849442358,-0.29666488461091134,1.1055542762442998,40,37.168,38.224
0.04417240545509977,0.0479999921797155,0.4027885901843426,5.930281616911175,1.521707057478489,1.0549029225304156,0.3095923251766239,0.3162793718576809,0.822789525037358,0.09445257424186802,6.249531375167769,0.09478124231646692,0.4240000000000066,0.4240000000000066,1.951505380980812,0.17600000000000193,0.8160000000000025,0.9951844553007514,-1.7825220443972392,-0.7257245699353494,0.023616054605771573,-0.061799224716343554,3.3295661745901195,0.9638181143373722,41,38.224,39.04
0.14799999999999966,0.13692576836257223,0.5064616164569254,19.310234842838245,3.8620469685676495,3.8620469685676495,0.3279027688897978,0.13600000000000104,2.879999999999981,0.16435779330680175,13.981307121957617,0.3742610833744492,0.544000000000004,0.544000000000004,1.931023484283825,0.2959999999999994,1.024000000000001,0.9860620879669493,-8.285850060339076,-1.4642912092674334,-3.3885680400963567,0.6546440604773288,-0.4248069982919706,0.9638181143373722,42,39.04,40.064
0.03923531050285304,0.039999976396063515,0.3938090165363659,5.246092430927506,1.3833638293162638,1.0383488422471603,0.29501424564647355,0.3206342395178496,0.829415976026621,0.08556767769462048,5.961283863683144,0.10980873151729025,0.3999999999999986,0.3999999999999986,1.8522968576473193,0.1599999999999966,0.8079999999999998,0.9918930290157526,-1.4431831887252875,-0.6719714138731514,-0.011614816503088538,-0.024330833874704614,6.506921716190719,1.1417669190753243,43,40.064,40.872
0.04947112154123608,0.21009597927551368,0.40625852597739354,17.697601032322122,3.5395247958916007,3.5395247958916007,0.2956913911993882,0.4056498822178839,3.0720000000000023,0.21725713831114166,3.0893346453105166,0.5687847748265956,0.4720000000000013,0.4720000000000013,1.7697623979458006,0.2079999999999984,0.9840000000000018,0.9819143744519554,-1.5770969023230668,-0.7157409990299046,-0.21298026517965352,0.050685810372216575,-3.7291436851300594,1.1417669190753243,44,40.872,41.856
0.04295449369164185,0.047999975292221934,0.4032053516813171,4.850290099834496,1.2106581848602573,0.9925024829919351,0.28923377623249696,0.3232588208770642,0.931563144943109,0.08891459207168709,6.099871440039031,0.13547918435389017,0.4239999999999995,0.4239999999999995,1.6207799896957642,0.17599999999999483,0.8399999999999963,0.9900004223173521,-1.1549752097966068,-0.624110352947324,-0.034513219613388026,0.00772831656078991,-15.874973408300034,1.1084854851075192,45,41.856,42.696
0.15600000000000233,0.14102418610881504,0.5298522928226529,16.737149742018563,3.3474299484037124,2.980278307429837,0.34042472560870596,0.13799999999999993,2.5439999999999965,0.16942337811397376,19.51999999999998,0.3254058856433852,0.5519999999999996,0.5519999999999996,1.6737149742018564,0.3120000000000047,0.9759999999999991,0.9836173334723971,-5.851900394446692,-1.0324013117475916,-2.098856299524453,0.35923395876536607,-1.0993723981716248,0.9755429497902502,46,42.696,43.672
0.14400000000000188,0.12800000933745953,0.49872132845866685,9.453624498402064,1.1154327670802509,0.8371153861143416,0.2295794653295991,0.1951140351682209,3.189637334799807,0.12113794527397109,6.124505818872478,0.0733943802450367,0.48799999999999955,0.48799999999999955,1.6268302806499026,0.2880000000000038,1.0720000000000027,0.9909630492038783,-1.4672811397398362,-0.8142170878785358,-0.14125562935335145,0.1159709708790532,-0.7396467523553594,1.0430218204956163,47,43.672,44.744
0.04617290087389556,0.047999978520534566,0.4032665547454812,5.966523965988208,1.43133544012439,1.2216915101686623,0.29005924477023276,0.3552014534378143,1.0223103812046876,0.09076751000436704,6.167964604601433,0.16181075439399759,0.4480000000000004,0.4480000000000004,2.022060611780712,0.1839999999999975,0.9040000000000035,0.991485204681248,-1.755832822263238,-0.8194249775459086,-0.03887815028099802,0.0029611449197370554,-55.69721455680694,1.113370833212885,48,44.744,45.648
0.14799999999999966,0.14274721539533064,0.4898845092141414,21.472536235349388,4.294507247078529,4.294507247078529,0.30579605535744897,0.13799999999999993,2.7839999999999914,0.15808786010751055,3.8335619422986933,0.46010045675000155,0.5519999999999996,0.5519999999999996,2.1472536235392647,0.2959999999999994,1.0159999999999982,0.9960465431122182,-9.238125090978183,-1.6150706815030837,-3.886316662543178,0.8042091715838039,-0.15970160251651708,1.112393763591812,49,45.648,46.664
0.152000000000001,0.14399999913349576,0.5078030328339966,20.20860483970899,4.1467756721416995,4.1467824121502925,0.3250410690631059,0.14200000032812035,2.6399997273028792,0.16263674681673604,8.075356444193599,0.3881536784210443,0.5679999999999978,0.5679999999999978,2.0733914872348764,0.30400000000000205,1.0079999999999956,0.9932085842685985,-8.904516986708462,-1.4692133640793699,-3.5646281231233137,0.6465072107400262,-0.4360696763868921,0.9696805320638108,50,46.664,47.672
0.1480000000000032,0.13768570100610544,0.49998818989484023,21.242512666167183,4.248502533233436,4.248502533233436,0.3087753199095179,0.13600000000000106,2.5439999999999965,0.1562138259359376,19.016652752311966,0.31293693210491685,0.544000000000004,0.544000000000004,2.1242512666167186,0.2960000000000065,0.9680000000000035,0.9925524760949652,-9.13760265634762,-1.4609664647604939,-3.811523978385618,0.6625892977028287,-0.3955198447948327,0.8797901269250787,51,47.672,48.64
0.13199999999953183,0.11999997182326522,0.4761035837603974,10.687371078352266,2.7015214856536818,2.2437356010212595,0.3092957248965497,0.2243537151688183,2.54112887243768,0.1297793003812514,9.62961284048206,0.2267008624926558,0.519999999999996,0.519999999999996,1.942319591259566,0.2640000000000029,0.9440000000000026,0.9936359076271408,-3.5659392068915943,-0.9706975538157022,-0.8083086254288712,0.24460184632522525,-0.816749483588457,1.0781963268542505,52,48.64,49.584
0.1355239800172886,0.1359999826800226,0.4829500171723438,7.64734955492113,2.344719250438217,1.8323450086956967,0.3337765885736365,0.30095304253213845,1.9901982310968398,0.11233548256412772,10.689020644069315,0.1999779899927999,0.40799999999999415,0.40799999999999415,2.0263943071794834,0.27199999999999847,0.9599999999999937,0.9957749334888036,-2.749425204149144,-0.8618348983375762,-0.24585403281771945,0.0387966515689714,-6.992819509159491,1.1114166939707386,53,49.584,50.544
0.13999873150886444,0.1359999012901796,0.4751403196687257,11.54682692210299,2.5505089257597686,2.39559500002238,0.28240579195234083,0.25871917694498775,3.1132600910141326,0.13644632037592516,6.517391806245107,0.30612410276642676,0.544000000000004,0.544000000000004,1.8929620334376012,0.28000000000000114,1.0720000000000027,0.9942068568709806,-3.183008010298995,-1.1238595433855338,-0.7698542905996244,0.3690051728442497,-0.17062619572976734,1.0557237255695675,54,50.544,51.616
0.04437677251953989,0.04799998765937385,0.3901001744998012,5.8149692911979285,1.2747519718809657,1.1855084232465685,0.2794264174380626,0.29929315279047464,1.2881734820534982,0.09159255464847225,5.776237370116847,0.1882817617154227,0.4399999999999977,0.4399999999999977,1.86829511624138,0.16799999999999926,0.9600000000000009,0.9909506677805962,-1.554868465037691,-0.8205680532923039,-0.08555952215396614,0.06757072292284419,-1.7675199384353888,1.030319915421665,55,51.616,52.576
0.03949615214913198,0.040000002110934664,0.3964805732476879,5.6493444022991435,1.5302419553426223,1.1750163344010027,0.3002755843855228,0.32496646764687487,0.8347556312334737,0.08579419241132145,5.9506650252241675,0.11532996196647949,0.40800000000000125,0.40800000000000125,2.0032560920032543,0.16799999999999926,0.7999999999999972,0.9938062686681969,-1.710639334006466,-0.7183991582469419,-0.031938295319722684,-0.01020039406792276,15.440455597596703,0.9843365763799086,56,52.576,53.376
0.14400000000000188,0.13526452944278688,0.48709607581881303,19.752935798578775,3.9505871597157554,3.9505871597157554,0.30524850264340714,0.13400000000000037,2.976000000000013,0.15569979236274456,6.282459587164767,0.38934049137391563,0.5360000000000014,0.5360000000000014,1.975293579857878,0.2880000000000038,1.0320000000000036,0.9919679346402018,-8.247654436256756,-1.5916770502814122,-3.643267431101844,0.8235769877472663,-0.11695060142703953,0.9843365763799086,57,53.376,54.408
0.053312831324043825,0.05600000025668919,0.4130769217113251,6.051266046512616,1.4806059815988495,1.2686464212965178,0.2877542604425986,0.33325248444567895,0.9737519497783226,0.0917361147762796,6.342476006110863,0.1595053960247714,0.4480000000000004,0.4480000000000004,1.9828610411022438,0.17600000000000193,0.8639999999999972,0.9915872643003333,-1.7225034518200713,-0.7705190848761785,-0.06049732131676935,0.017931893503440988,-8.298770250882079,1.0146868014844945,58,54.408,55.272
0.14799999999999966,0.1396219173101555,0.49989140826176626,19.57578427828076,3.9151568556561527,3.9151568556561527,0.31501869532044413,0.1400000000000006,2.639999999999986,0.16078594684299077,6.720145547731269,0.39069657528526075,0.5600000000000023,0.5600000000000023,1.9575784278280766,0.2959999999999994,1.0,0.9954430855869842,-7.8672890769191035,-1.4108121914312362,-3.221909758129541,0.650243509898041,-0.33430464410099897,1.0860128838228362,59,55.272,56.272
0.04587941262101818,0.04800000847325235,0.40498737586003536,5.659049420100063,1.4350340926019176,1.137817223995837,0.2905072586912019,0.3418284197529881,0.8934139503483625,0.08792463510867429,6.1015622666681075,0.12297190552184667,0.4159999999999968,0.4159999999999968,1.9531944296845267,0.17600000000000193,0.8399999999999963,0.9933100035416522,-1.6036689593398545,-0.7313274214670904,-0.026202852858718005,-0.012673555477411676,12.350190611995702,0.9520932788844937,61,57.384,58.224
0.152000000000001,0.14344204524151355,0.5022649228477728,19.724991536813608,3.9449983073627224,3.9449983073627224,0.30963940320606076,0.1400000000000006,2.688000000000002,0.15937031985215805,5.944788390333208,0.3896533824433225,0.5600000000000023,0.5600000000000023,1.9724991536813614,0.30400000000000205,1.0080000000000027,0.9926200786900151,-7.81460983551337,-1.4331792254533897,-3.330923358567096,0.7002079548377632,-0.23837398627386477,0.9520932788844937,62,58.224,59.232
0.13457804067060772,0.1280001020101987,0.4839620047528265,10.1710054734646,2.469105484808303,2.2225398869635766,0.2948531182647965,0.2820061163676906,1.9034444131636854,0.12946636890638896,9.656559368170514,0.24338906071388072,0.5360000000000014,0.5360000000000014,1.9499634461508641,0.27199999999999847,0.9359999999999999,0.9962449399373415,-2.874279944444115,-0.8780140378234286,-0.4538974657788146,0.1412704189733171,-1.3984571518711568,1.1045772066232264,63,59.232,60.168
0.152000000000001,0.119999975126925,1.1335772126405192,12.345264536740356,0.39594582832793246,1.1285029036720036,0.19094861224206353,0.10400005568340688,0.45574073101333407,0.11805956859377219,0.952992698178007,0.662638045121215,0.4160000000000039,0.4160000000000039,2.05331082394824,0.30400000000000205,0.9519999999999982,0.9722296549563139,-1.2787075298482073,-0.7008862794377917,-0.014429719809628677,0.02123108554843597,-2.559187833151727,1.0840587445806897,64,60.168,61.12
0.152000000000001,0.14265257448930094,0.507297980489452,19.354869924133112,3.8709739848266387,3.8709739848266387,0.31276239535769274,0.1400000000000006,2.879999999999981,0.1601645331283933,5.808812527027135,0.4078201078874669,0.5600000000000023,0.5600000000000023,1.9354869924133196,0.30400000000000205,1.0399999999999991,0.9899213412967125,-7.880137638942527,-1.5130666217769388,-3.4151458816607794,0.7586867816432215,-0.1796194323008122,0.9188729117680058,65,61.12,62.16
0.05164366037809079,0.0560000009097802,0.40926229777310885,5.443638401022225,1.3614895070963244,1.0283207573139839,0.2940480673720711,0.30798042871296255,0.9409506902179936,0.08866213493630025,6.171384518614491,0.1039172643103867,0.4240000000000066,0.4240000000000066,1.844148240155644,0.1840000000000046,0.8480000000000061,0.993312173201956,-1.5025857757254655,-0.7044158944139549,-0.01797757682689915,-0.023609209588720682,7.082324872550013,1.0801504660963972,66,62.16,63.008
0.13948371013227143,0.1359999839158539,0.47990426721568263,8.075713015696994,1.845501509522081,1.9461944111676652,0.2797950500280009,0.30836462684461985,2.3295451115548875,0.11594912574893072,6.953739339832253,0.3273864614175863,0.5439999999999969,0.5439999999999969,1.8538652161875477,0.27999999999999403,1.1199999999999974,0.9921923697470793,-2.138749677910643,-0.9855321912322648,-0.33028739628779913,0.24368031847866461,-0.21472892324329745,1.0801504660963972,67,63.008,64.128
0.037675430415238756,0.2149730174708049,0.4042350108162919,18.703242672967395,1.4727865240882092,0.614452366792368,0.1886767831478948,0.24966608566309165,3.551999999999992,0.1432383751642927,1.0319999999999967,0.06130822860058156,0.4399999999999977,0.4399999999999977,1.87032426729674,0.1839999999999975,1.0319999999999965,0.9968870510604958,-1.0810654860571989,-0.7536977400974127,-0.03338651026554592,0.06192962876043807,-0.2420700638309403,1.0996918585178608,68,64.128,65.16
0.04701430911676211,0.0479999875310633,0.3964502022168264,6.6499573966246155,1.4423445943910562,1.3781390896672931,0.28630782342089234,0.2934236637545036,1.6258665471561025,0.09845806708974203,5.689569996511732,0.23727555514713566,0.4480000000000075,0.4480000000000075,2.0122320460963596,0.1839999999999975,1.0160000000000053,0.9902870026967857,-1.9690924108830485,-0.955941167232613,-0.16414435820834955,0.14086492435540712,-0.7284381226865551,0.9862907156220551,69,65.16,66.176
0.045283224457124086,0.048000002273073,0.39769825060045655,5.948734359376777,1.5504819629688051,1.3066702972342799,0.2833651798458736,0.297089700556735,1.006397512842798,0.08432988448892142,5.974196992440423,0.131951565990594,0.4239999999999924,0.4239999999999924,2.03007519421457,0.16799999999999216,0.8319999999999936,0.992710535951993,-1.7730431410512475,-0.7714414894453402,-0.09316855172001158,0.04300026698990231,-3.073833367653055,0.9305977472208838,70,66.176,67.008
0.14400000000000543,0.1344042934226764,0.4992316105555739,19.526127690852707,3.905225538171036,3.905225538171036,0.3098055778934581,0.1400000000000006,2.639999999999986,0.15842366473693215,7.064734969743566,0.3703345033182511,0.5600000000000023,0.5600000000000023,1.9526127690855182,0.2880000000000109,1.0,0.9923941292013171,-7.807902268051587,-1.4435683493710452,-3.327950905287179,0.700123635731622,-0.250104105621794,1.0772192572331774,71,67.008,68.008
0.14400000000000543,0.13599996189181,0.48665258013272394,19.013949896826304,4.170660308572231,3.9078198181856516,0.30901823427603714,0.2519916784756809,3.882836249145069,0.16942290197083087,4.940655465690736,0.40359327688122615,0.43200000000000216,0.43200000000000216,2.0858328699230126,0.2880000000000109,1.0799999999999983,0.9945166649517957,-6.477618128394193,-1.4713046207091283,-2.349182301356725,0.6595282710276286,-0.1379024065001567,1.0391135420113238,72,68.008,69.088
0.04496446730219348,0.04799999856172511,0.3939839119571399,6.094005723853606,1.5111461322272115,1.2994465082700808,0.27250762533874434,0.3482977323084424,0.9277797668720782,0.08663542414488234,5.9014123276688695,0.14510380559756522,0.43200000000000216,0.43200000000000216,2.0221769880822773,0.16800000000000637,0.8320000000000078,0.9932645619235013,-1.6751532677033063,-0.7586625425264548,-0.054048536273124455,0.017120146239952692,-7.654267440601488,0.9520932788844937,73,69.088,69.92
0.1359768954459532,0.13599998440666344,0.46193404261922266,13.51917492360255,3.192499443843828,3.216005826237244,0.2788619507142823,0.2796909612891621,3.1639185258346583,0.14518826014552463,5.683628114910724,0.35907667538598415,0.5360000000000014,0.5360000000000014,1.8769084986496616,0.27199999999999136,1.063999999999993,0.9950358706493289,-3.5926449622351986,-1.183128001522729,-1.0950552614873745,0.4754620009304781,-0.040937813207780394,1.0869899534439096,74,69.92,70.984
0.14400000000000543,0.13599999344299407,0.48522364015961617,16.375242128480917,4.017911345387202,3.640301667836476,0.30789175205697483,0.2833664310158709,3.5462866994670326,0.16325136421297412,3.6745259311225054,0.41290151925405283,0.5520000000000067,0.5520000000000067,2.0093440035016705,0.2880000000000109,1.1440000000000055,0.9944659149832727,-5.4834210608276965,-1.4912597302394173,-1.9436866177438323,0.6967738859209194,0.017894926340150656,1.001192455261138,76,71.88,73.024
0.04318153722668752,0.04799999812006265,0.40165732466259235,5.771564711334399,1.4353723313817972,1.224031378233882,0.2883384750590082,0.322702991157659,0.9574738945470475,0.0866555451062074,6.026989418228412,0.14198118176264768,0.43200000000000216,0.43200000000000216,1.980559483309717,0.16799999999999216,0.8559999999999945,0.9943630985501622,-1.6883398187865684,-0.7705068818897421,-0.05757579998892996,0.019111438390374987,-7.413379712732056,0.981405367516689,77,73.024,73.88
0.15599999999999878,0.14395629725310258,0.5207182231174445,19.97851985823562,3.9957039716486245,3.9957039716486245,0.32359724161557735,0.1400000000000006,2.5920000000000125,0.16324510977105994,14.742774613874758,0.3533113236806558,0.5600000000000023,0.5600000000000023,1.9978519858243124,0.3119999999999976,0.9920000000000044,0.9859836707848963,-8.295091602971885,-1.3567656093094949,-3.3453176826148203,0.5803158498851296,-0.547153861381321,0.9354830953262498,78,73.88,74.872
0.12800000000000009,0.11999982596805353,0.4513236090055452,16.04199803622526,3.829355043377088,3.753569361263759,0.2977179607583071,0.20017331506841157,2.446854318447437,0.1486170609802084,7.161047390337494,0.3125432340234219,0.5120000000000005,0.5120000000000005,1.9147068434462715,0.2560000000000002,0.9200000000000017,0.9943590362201656,-5.235539345056273,-1.108593211603814,-1.908576645828055,0.4508462746610426,-0.40235427630357457,1.068425630643519,79,74.872,75.792
0.1479999999999961,0.1355603132302212,0.5159472744019794,19.4108925381392,3.8821785076278816,3.8821785076278816,0.326468740845293,0.14600000000000082,2.448000000000007,0.16652822684915777,7.330689699246926,0.3900481018952866,0.5840000000000032,0.5840000000000032,1.941089253813941,0.29599999999999227,0.9920000000000044,0.9908636826083222,-7.680191036173582,-1.3171299307709357,-3.0634689029778923,0.5790994102322176,-0.4907996358453908,1.096760649654641,80,75.792,76.784
0.1479999999999961,0.1364781102526917,0.5043214530512727,19.561876879870578,3.9123753759750426,3.9123753759750426,0.31484913158084116,0.1419999999999995,3.167999999999949,0.1621228452707584,4.483526703116647,0.4557064453308307,0.5679999999999978,0.5679999999999978,1.9561876879875215,0.29599999999999227,1.0959999999999894,0.9912164610214912,-8.32076854997014,-1.6997349546433997,-3.779201588979644,0.9392581911999512,-0.01645629763338043,1.051815447085275,81,76.784,77.88
0.04398814129144833,0.04800000136305637,0.38955617332874787,5.649120484159391,1.548098103364958,1.2483969223092526,0.315155141642981,0.30201720668952076,1.6760049466499742,0.0903478620767141,7.221110671122683,0.15597939311594605,0.30400000000000205,0.30400000000000205,1.9208670955133171,0.17600000000000193,0.9280000000000115,0.995155498403238,-1.8620328555785453,-0.8454798555159841,-0.11121219035078742,0.06367184118580864,-2.374132203671802,0.9999696903170795,82,77.88,78.808
0.042710986556202986,0.047999974654578774,0.3795588951075135,5.468547870646639,1.2996696416729947,1.1434222494998172,0.2839630858894909,0.3158755050502893,1.06760132201373,0.0838694254943425,5.663529095753204,0.15658026725691346,0.4239999999999924,0.4239999999999924,1.9362013775210771,0.16799999999999216,0.8959999999999866,0.9935895438202228,-1.5514675244654044,-0.7748227027574255,-0.04355952683725757,0.015907781407216506,-8.68123188252807,0.9032397978308351,83,78.808,79.704
0.04464429002269219,0.047999983114902174,0.40450065411617064,5.130432228967714,1.2716774698680355,1.1189416994119699,0.29187783485156726,0.3246210582323088,1.0075745059829404,0.08934623504647464,6.065534598127459,0.17234928633153032,0.44000000000001194,0.44000000000001194,1.7401605413471333,0.16800000000000637,0.8640000000000043,0.9939998682080419,-1.3194677399972796,-0.6816464200909963,-0.057683727160422985,0.03210367414895614,-3.712872525897752,1.2345885330772761,84,79.704,80.568
0.14000000000000054,0.13599999185603726,0.4767763224193625,13.924542659105347,3.3564408478284022,3.356220086942831,0.3040237057728066,0.2709597632588712,3.5519877749880124,0.1619270247325363,4.14315715433252,0.450453102789289,0.5439999999999969,0.5439999999999969,1.6782274163125332,0.28000000000000114,1.1359999999999957,0.9957558493424162,-3.8823644378556152,-1.259765465775065,-1.4683797671092376,0.6222307769266707,0.06120076951067468,1.1959920807567646,85,80.568,81.704
0.04620546291212215,0.047999964946109086,0.3920003091959801,5.235139283009024,1.1235340588028815,1.1638321462220274,0.28476562532713867,0.31017487770343805,1.4150332863030886,0.09590848201303619,5.528279218627518,0.2744932042928742,0.44000000000001194,0.44000000000001194,1.6525716703129627,0.17600000000000193,1.0160000000000053,0.9879212098764858,-1.2490278777969661,-0.7629420311438713,-0.08800847483256001,0.09512457352981807,-0.9496086365356139,1.1759643558128858,86,81.704,82.72
0.03795224191059699,0.03999999671065147,0.3918206168795775,5.7215007935846245,1.3992494368381023,1.1159866794819913,0.2891675971059745,0.30684375573119493,0.981351444713985,0.08962246626980494,5.874208748180177,0.12719750959167642,0.40800000000000125,0.40800000000000125,1.8983358009676146,0.1599999999999966,0.8400000000000034,0.9925874821149192,-1.5954000220617284,-0.7390600225560937,-0.04932801482751767,0.012134116697037805,-12.01172116624461,0.9755429497902504,87,82.72,83.56
0.1479999999999961,0.1410127862745256,0.4942403382222541,18.1814714216998,3.6362942843399613,3.6362942843399613,0.30258712436711815,0.13199999999999792,2.8800000000000234,0.1535172918541595,8.203642305647746,0.350535452014175,0.5279999999999916,0.5279999999999916,1.8181471421699809,0.29599999999999227,1.0079999999999956,0.9955652879123625,-6.903168238373624,-1.3991948040550573,-3.029623477113728,0.7091872078697208,-0.15608788436740118,1.056700795190641,88,83.56,84.568
0.14686958413401902,0.14399980159692705,0.49410007638829734,9.33097294929612,2.4122365538165793,2.1208399908368403,0.3315184499983225,0.3133451634239889,2.4476974073019355,0.13052839481170855,8.796992042454237,0.2688945216766994,0.5439999999999969,0.5439999999999969,2.1246952482017316,0.2960000000000065,1.0960000000000036,0.9956113290744062,-3.4561738818029495,-1.122907848293813,-0.42058212512631166,0.15856924732649624,-1.504281338554268,1.1016459977600068,89,84.568,85.664
0.07839974355080753,0.08000000181809672,0.43024923212847327,7.943058816754981,1.6774336683408966,1.64183102815102,0.2783582381364872,0.30451314009061464,1.5445385140950716,0.0956124833734524,6.412006370611118,0.1899315973765409,0.46399999999999864,0.46399999999999864,2.4313287783605304,0.20000000000000284,1.0559999999999974,0.9929197091409788,-2.750100695402602,-1.1356451313050309,-0.18496496629719156,0.12659716612245656,-1.0496790815930825,0.5845319008070282,90,85.664,86.72
0.0439710053319788,0.04799997560469414,0.3980756428493446,5.109838570106586,1.3500315484061574,1.1461377024704498,0.2780987860827285,0.2902420094716864,1.0255546987685238,0.07850022240394258,5.923529978552595,0.13176492407215767,0.40800000000000125,0.40800000000000125,1.8015559102737324,0.1599999999999966,0.8320000000000078,0.9920609649592134,-1.3710011793081418,-0.6867052026315216,-0.0793847934368091,0.04631755005580679,-2.3690155999688907,1.2668318305726909,91,86.72,87.552
0.13599999999974882,0.11999999315006542,0.48102189912460613,12.24746166116019,3.1115956334673687,2.7653078421866084,0.32800552531751387,0.20742526177029486,2.300095336084861,0.1401382534698399,8.83308313262076,0.29984599421107677,0.519999999999996,0.519999999999996,1.9698904099802454,0.27199999999999136,0.9439999999999884,0.9878263289360767,-4.531301540213887,-1.0157204561403934,-1.1588870371387516,0.2638439351769554,-1.0822714954807804,1.2170012798979588,92,87.552,88.496
0.13200000000000497,0.12799993356911274,0.4755427410243746,15.089629152526175,3.6237039333213197,3.6241948444224965,0.31918792954230224,0.13688190002830236,2.495999585445478,0.14345900884079812,5.2551785291521655,0.3861879089695605,0.5440000000000111,0.5440000000000111,1.8122333191285753,0.26400000000001,0.960000000000008,0.9970688358370561,-6.285966896612372,-1.261508916948566,-2.6556334904558634,0.6094783465846234,-0.25107609185102264,1.224817836866544,93,88.496,89.456
0.152000000000001,0.1347231805354308,0.9816224263741529,6.108619243393564,3.5889783921636336,1.0539188498937118,0.6323237153351977,0.1586876121452421,1.0087605329342024,0.10116112233650135,1.1439999999999915,0.3756642101869,0.5840000000000032,0.5840000000000032,1.794489196081817,0.30400000000000205,1.1439999999999912,0.9640031045795235,-4.813739983183428,-0.9846607586796994,-1.6504322703203078,0.3706422255427284,-1.2978382471212808,1.2375197419404957,94,89.456,90.6
0.03921128997014498,0.039999967359424314,0.388655989352537,5.571331842592219,1.2426419577543961,1.1902631363611285,0.301227942119667,0.32543178600439726,1.2590461447774495,0.09347231747318793,5.707179397303524,0.21219653956946627,0.45600000000000307,0.45600000000000307,1.8884655596569169,0.17600000000000193,1.0,0.9909244207168472,-1.6366622131481952,-0.8589744400899201,-0.07117876498055073,0.05719442745206978,-2.351593283535389,0.931574816841957,95,90.6,91.6
0.039591157885132684,0.0399999691731883,0.4119357671545071,5.417690691875721,1.7035186218358318,1.1024877284052934,0.3186286952183895,0.33777447063593236,0.47709182564503366,0.08604091595398473,5.902899882774682,0.10251731613567777,0.44000000000001194,0.44000000000001194,1.9498703995223967,0.1600000000000108,0.6800000000000068,0.9921776825565152,-1.5229181977455009,-0.5373410285033249,0.0410123611648601,-0.06968216415084012,2.400476500745653,1.235565602698349,96,91.6,92.28
0.22399999999999662,0.20076116870753435,0.4845249004920935,16.929928127498385,3.385985625499677,3.385985625499677,0.8903721849078431,0.17800000000000085,0.17312025031846787,0.36423076840806523,22.880000000000106,0.8640000000000042,0.7120000000000033,0.7120000000000033,1.6929928127498388,0.4479999999999933,1.1440000000000055,0.9441563903846814,5.603082120135285,1.3059190536123668,10.451798483918743,-1.8997537652381322,1.8369886469336252,1.2453362989090808,97,92.28,93.424
0.14338223848069193,0.14399999489835874,0.49306811735116335,9.806897273533025,2.9102196115375203,2.8667871192124443,0.3493473595336038,0.2782083881199611,2.039905241026837,0.14128055401961895,11.986174435829131,0.2866806221315633,0.5439999999999969,0.5439999999999969,1.8389721737988947,0.2879999999999967,1.0159999999999911,0.9955622239477129,-3.5044553489338073,-0.9624660850981881,-0.7217493686899938,0.20336471479641074,-1.2514864359811007,1.2453362989090808,98,93.424,94.44
0.1480000000000032,0.13599999857292577,0.4964015713248513,14.707236173823343,4.0513578247357644,3.2436489025935216,0.32529891729960486,0.27152920436566386,3.640020200151865,0.15845762071736366,2.8138393949559757,0.41291721691162797,0.5600000000000023,0.5600000000000023,2.026111076576023,0.2960000000000065,1.1680000000000064,0.9942059656592528,-5.716859616272758,-1.530324085594886,-2.0814365815804403,0.7432152390900972,0.03839544405842243,0.9771551790803914,99,94.44,95.608
0.04706405145909966,0.04799999965089338,0.4083900173439101,5.941330286758739,1.6649439777970676,1.223440823313055,0.30262832000328516,0.31445052425010656,0.8121500479137831,0.08972717355198807,6.367796319147197,0.11855338349866958,0.4399999999999977,0.4399999999999977,1.9749932607932292,0.17600000000000193,0.7680000000000007,0.9942744041903415,-1.7640055360247924,-0.6790776673464041,-0.045107590230217626,-0.008681958006536258,18.494816433123667,1.040090611632397,100,95.608,96.376
0.19200000000000014,0.128000010435667,1.3406931592343336,10.967787383245003,0.829903872598963,0.4945846842989735,0.2743878952364769,0.15799999999999773,0.49433463976688763,0.16532066853137675,1.1600000000000412,0.4778600082104494,0.6319999999999908,0.6319999999999908,1.8561802622375092,0.38400000000000034,1.1599999999999966,0.9001307394343752,-1.5169196637115614,-0.775703370633879,-0.061159680206626627,0.042191380389385635,-4.074740367305117,1.040090611632397,101,96.376,97.536
0.05248344685427827,0.05600000557203117,0.38797202756368676,6.152251117538561,1.9163055126324715,1.906233601883334,0.32432411978615167,0.3421458053112036,2.048028038701234,0.09890396835805805,3.5853578826457424,0.3981738761597092,0.45600000000000307,0.45600000000000307,1.9748389874819612,0.1839999999999975,1.0720000000000027,0.9921319077128953,-2.185431697455077,-1.0166691294694623,-0.2841246453203767,0.24233232081125283,-0.246569599107458,1.017618010347714,102,97.536,98.608
0.04403645955065746,0.199999972361101,0.8642556006063505,4.390542986274442,0.7590012368088545,0.5750923475385106,0.2381542391509575,1.2554845027269184,0.4758046704426176,0.06619542683829982,2.1739252125784874,0.3256021531138962,0.7599999999999909,0.7599999999999909,1.988150771479506,0.16799999999999216,0.9759999999999991,0.9811007143144173,-0.9280239474698952,-0.6486395036035867,0.0011356334269675738,-0.020436807287788055,1.738353814762562,1.045953029358836,103,98.608,99.584
0.044098276110962134,0.047999979546790195,0.3923422940054807,5.562641280791835,1.402895944064847,1.2093613365337508,0.2756544734152335,0.3438796104737368,0.9407487917621284,0.08462757682491741,5.939587897776445,0.1423383600192153,0.43200000000000216,0.43200000000000216,1.8986780984574172,0.16799999999999216,0.8400000000000034,0.9932335603456394,-1.4733294446828615,-0.7173210288540293,-0.04558800300207502,0.013859840141690298,-9.10755876495162,1.045953029358836,104,99.584,100.424
0.045690973026663174,0.047999974551964,0.4062037271581818,5.831682724020943,1.403853258880272,1.2079480942694387,0.29173986514474054,0.3566704281822301,0.9519651564740715,0.0929511703377835,6.128108408490717,0.168335483691766,0.4480000000000075,0.4480000000000075,1.9350513163103784,0.17600000000000193,0.8719999999999999,0.9945311099095034,-1.6272584788307056,-0.7605420853832409,-0.04137712818341902,0.007827229247364198,-18.902491272023962,1.0283657761795184,106,101.544,102.416
0.152000000000001,0.13938241819908845,0.5219041869265914,18.64565206990825,3.7291304139817254,3.7291304139817254,0.33073467248043337,0.14400000000000193,2.448000000000007,0.16699967928315057,12.14508095085944,0.37411807810916403,0.5760000000000076,0.5760000000000076,1.864565206990863,0.30400000000000205,0.9840000000000089,0.9894365120928197,-7.157817162446554,-1.2187862818628585,-2.745551146583997,0.48501560818848133,-0.7143287765928554,0.9628410447162988,107,102.416,103.4
0.13999997168238382,0.12800002740910238,0.479774332893124,10.5145745477829,2.7030681053457015,2.622528801454269,0.30680801529215107,0.2661467558035073,3.0046450783806935,0.13719551762040336,7.840106789660113,0.3323236908700158,0.5439999999999969,0.5439999999999969,1.7807678199110881,0.28000000000000114,1.0479999999999876,0.9935018733355262,-3.241906976993254,-1.0616152163520862,-0.8647998465216147,0.3536573447669873,-0.3208194378095759,1.0156638711055674,108,103.4,104.448
0.039022448887795276,0.03999998467141404,0.38442642665946686,5.438781536783768,1.2483797381366717,1.3047616404738502,0.29204295947232123,0.31093571342227166,1.5552915107871457,0.09310057291423728,5.271322732635728,0.29102850737162167,0.43200000000000216,0.43200000000000216,1.7831706894932104,0.16800000000000637,1.0400000000000063,0.9891753325248415,-1.4829156467803437,-0.8468388032013505,-0.12233424964601282,0.13204460536796955,-0.6218035106197066,1.123141529423617,109,104.448,105.488
0.04725706157175208,0.04799997388675587,0.386371356459846,5.751143206142131,1.3149695146792044,1.4332496157484647,0.2988181555987169,0.2924284800065625,1.708999478081992,0.08977133971140627,5.505406623195594,0.32470668230723265,0.4480000000000075,0.4480000000000075,1.9617942513410054,0.1839999999999975,1.0720000000000027,0.9909013247769086,-1.8174155835577577,-0.9467072183871611,-0.16324445242460223,0.17012194217578042,-0.4217437215294082,1.082104605338543,110,105.488,106.56
0.042891689007328634,0.04800000695860777,0.3910085941688555,6.185502623559366,1.455417972608346,1.2759215919363476,0.2879751065892609,0.286558894398753,1.2612091893946489,0.08948171454583659,5.858332531565974,0.1717924229529015,0.4399999999999977,0.4399999999999977,2.0288007467308464,0.16799999999999216,0.9119999999999919,0.9922819226119355,-1.9004715513212174,-0.8652960794013348,-0.11059410441667876,0.07016802888878569,-1.9032301464570578,1.0205492192109336,111,106.56,107.472
0.14000000000000054,0.1315505846865457,0.48602767244730083,20.13922867831173,4.027845735666832,4.027845735666832,0.3018310685574478,0.1380000000000017,2.448000000000007,0.15434062885345878,7.9804289730212785,0.3394924241645082,0.5520000000000067,0.5520000000000067,2.0139228678334162,0.28000000000000114,0.960000000000008,0.9942730190898645,-7.972942111408969,-1.401600056214587,-3.330631098338178,0.6613113214901227,-0.2888885118547608,0.9608869054741523,112,107.472,108.432
0.14000000000000054,0.12799996659039542,0.4923481374414352,14.443466663829751,3.615460085074311,3.8344133761928276,0.33246190955685695,0.20487951213626182,3.1623868251300293,0.15364322396595237,6.926337473557415,0.42587047618341534,0.5600000000000023,0.5600000000000023,1.9337363302720494,0.28000000000000114,1.0879999999999939,0.9905087274103863,-6.047442457443338,-1.4353504250819595,-2.424225473425735,0.6922738707501608,-0.12581223176979567,1.0918753015492753,113,108.432,109.52
0.043259886941701804,0.04799999104840442,0.3904542734253517,5.9303293825032535,1.306887953438584,1.2208226915965843,0.28669168256570265,0.28641466678798416,1.4928799650178108,0.09078871425130396,5.559017893595984,0.19985485986489043,0.4399999999999977,0.4399999999999977,1.944901696805699,0.16800000000000637,1.0080000000000098,0.994136723180003,-1.7394944196852555,-0.8966845689984508,-0.11561982404594878,0.10191728896714647,-1.08648049822555,1.0654944217802995,114,109.52,110.528
0.04341910977149016,0.04800000739578399,0.3811239428377551,6.299592830219567,1.3337254389262887,1.2618104745461933,0.2792620408233943,0.26951058153017843,1.6825701420714232,0.09386553873847085,5.5406243474717085,0.2303015541679128,0.4399999999999977,0.4399999999999977,1.9416706514105149,0.16799999999999216,1.0,0.9927326566377177,-1.7800814654682668,-0.9060800148623613,-0.14893259702442282,0.13847730581623793,-0.6315963702236927,1.051815447085275,115,110.528,111.528
0.03845762965910616,0.039999988111465684,0.3847202003528435,5.502755302199228,1.3003626012875644,1.1928824154352753,0.2879097585370233,0.3080268830347917,1.2484652584525906,0.08496013083123762,5.555560772339304,0.1792202946626254,0.4239999999999924,0.4239999999999924,1.9383857172158825,0.1599999999999966,0.9519999999999982,0.9914670296209654,-1.6142746191692863,-0.8311626089050238,-0.08052659066724763,0.06142184174399208,-2.0231144878871974,1.0107785230002013,116,111.528,112.48
0.04455887346300645,0.0479999924477082,0.37923946767148703,5.639796376617517,1.3029681945097826,1.1814705871960725,0.2708362852964212,0.2997662021541309,1.3429592727581943,0.0840200576445017,5.51269823627385,0.17611208639099252,0.43200000000000216,0.43200000000000216,1.8946068570522518,0.16799999999999216,0.9359999999999928,0.9935885584582301,-1.5170231039641877,-0.8006638841177784,-0.08381440843836568,0.06761949998684058,-1.6061818265883474,1.0332511242848845,117,112.48,113.416
0.044076896597212235,0.04799999935958504,0.39464950641706664,6.9068234160544755,1.690561168090161,1.4170921559951644,0.27106921816873947,0.34616998887385486,1.4911648610336008,0.10180290230715767,6.070048441200676,0.17784775573872585,0.4399999999999977,0.4399999999999977,1.8935685524025003,0.16800000000000637,0.8719999999999999,0.9958300377179113,-1.7271320877617813,-0.7988769785458429,-0.1322652582188342,0.0896161503848647,-1.1748438838968744,1.0977377192757145,118,113.416,114.288
0.14399999999999832,0.13415014769271755,0.48872570571531926,19.16300062447698,3.8326403682140993,3.8326403499859616,0.2957082171535571,0.2510093101367879,3.359999999996459,0.17166191647659343,4.416247915345376,0.43134153844568024,0.5600000000000023,0.5600000000000023,1.9163201841070499,0.2879999999999967,1.1200000000000045,0.9948499145295234,-5.5202321664960206,-1.4607998746273392,-2.146481814745954,0.7228601169752757,0.017230310785821743,1.0382602128012373,119,114.288,115.408
0.04480571735300927,0.04800000379206626,0.38629233969110766,5.891698576133584,1.3064982325590773,1.2265694755342187,0.28183172859455097,0.28216432354613685,1.4474802996521925,0.0896767167385192,5.531164273567375,0.20049413515388456,0.4399999999999977,0.4399999999999977,1.926362976165539,0.16799999999999216,0.9839999999999947,0.992265804934194,-1.6752709103372614,-0.8661163655145157,-0.11522899032427657,0.10109585636725964,-1.0426330923511462,1.0146868014844943,120,115.408,116.392
0.0543213377585044,0.055999994990466435,0.39196662478360517,6.612709226628138,1.4875212851807478,1.3489311043226415,0.2693889894578286,0.2709365571585067,1.6180823074039836,0.09067747694887547,5.862983852542785,0.18706897951335177,0.4480000000000075,0.4480000000000075,2.016930329827022,0.17600000000000193,0.960000000000008,0.9925004751796458,-1.881921616919504,-0.9002568857126716,-0.1636361451054556,0.127766030673517,-0.7843277954319936,0.9511162092634206,121,116.392,117.352
0.043497902478693375,0.047999997894541686,0.39668999031220886,5.459181493452524,1.9709938942159406,2.231092740092689,0.3392506172242117,0.35430911370027807,0.9938587838274533,0.08528444454962274,8.336201827771077,0.18712739583034013,0.4239999999999924,0.4239999999999924,1.991755179455121,0.16799999999999216,0.9119999999999919,0.9932398682806112,-2.071487668115012,-0.8587456916366377,-0.1702886614714853,0.09229283198133784,-1.5181146969097405,1.0195721495898598,122,117.352,118.264
0.07124552219313321,0.07200000118268819,0.42483608111600774,7.358973591742346,2.093135745042047,1.6491628904627962,0.31931117326918135,0.2752150865897541,1.8153600532493877,0.10308157630156295,14.585810975767965,0.14849487640893053,0.4480000000000075,0.4480000000000075,2.0871647738600387,0.20000000000000284,0.8800000000000097,0.9958103382713559,-2.645144430233092,-0.8928521567662157,-0.2526970838128742,0.08611165216758179,-2.3118471873917055,0.8876066838936643,123,118.264,119.144
0.14399999999999832,0.13422456929057452,0.48908026666035,18.73472407490589,3.746944814981377,3.746944814981377,0.29309157950509723,0.21478994191479261,3.263999999999981,0.165308582980081,4.372457562433102,0.4144485789748908,0.5519999999999925,0.5519999999999925,1.8734724074906888,0.2879999999999967,1.0959999999999894,0.9940522725473907,-5.692340472287235,-1.4572891603163038,-2.3858059632872095,0.7690939734738728,0.04549132601924692,1.070558901127926,124,119.144,120.24
0.04369239057175937,0.04799998973631653,0.37997926228805573,6.089246415551912,1.313019462950668,1.1170491425557154,0.26826391066887445,0.25426232372161045,1.6624182942918173,0.0902297956016653,5.265234234556769,0.1561587242286469,0.43200000000000216,0.43200000000000216,1.8416768641562662,0.16800000000000637,0.9280000000000115,0.9942366933830766,-1.5853548929116568,-0.8149132420038795,-0.12643279219907447,0.11019015303295071,-0.7786650093973728,1.1319351560132755,125,120.24,121.168
0.04674434368199138,0.04799996747620935,0.3891929084904391,6.388466710797544,1.3623330380420717,1.1113672549744538,0.2732225299127031,0.2595493502168316,1.5799351820796765,0.09727918844109985,6.121931328964065,0.13117032519682686,0.3199999999999932,0.3199999999999932,1.8099744403818199,0.17599999999998772,0.9119999999999919,0.994926130872048,-1.6294414100999677,-0.8057996827889214,-0.11432303583610899,0.07999719238787144,-1.45501196123195,1.1652165899810807,126,121.168,122.08
0.04708367033142412,0.04799997811580355,0.39490504011837446,5.659813798832897,1.2995614068881458,1.2105477027403666,0.2932360684991549,0.2993635463832711,1.3843597863837938,0.09048969451670844,5.763323345142771,0.22691396024519728,0.4399999999999977,0.4399999999999977,1.8988725500858563,0.17600000000000193,0.960000000000008,0.9930719628012005,-1.6458181697877858,-0.8323283258445822,-0.10570276993459907,0.08648527935413736,-1.3263071679485365,1.1143479028339582,127,122.08,123.04
0.042989960569384755,0.04800000035215211,0.386813660520555,5.780396111182632,1.264495407572211,1.2379822933942792,0.2771752931617849,0.31300218874342434,1.4479374942549668,0.08978273467022291,5.5062743211902125,0.19895435639053388,0.4399999999999977,0.4399999999999977,1.8760714730130252,0.16799999999999216,0.9839999999999947,0.994180749171357,-1.55660235954475,-0.8389520963986692,-0.09685177070170792,0.09947408158336957,-0.8075591560090027,1.093829440791421,128,123.04,124.024
0.044853654409420546,0.047999973415451494,0.3886611983807313,5.8836938222131145,1.3410411661899997,1.2288198920991418,0.27673081783620895,0.33235421098455803,1.4245016614067911,0.0889502013794375,5.598420808688997,0.20270368513702086,0.4399999999999977,0.4399999999999977,1.940079124393271,0.17600000000000193,0.9680000000000035,0.9916652511799935,-1.6206268759275368,-0.8445449293925812,-0.08677913291137608,0.07369389455222887,-1.505217534281906,0.9755429497902502,129,124.024,124.992
0.03912011649724896,0.03999997485486257,0.3954249797732718,5.5701279344018,1.4053423538764438,1.1609075977069685,0.2804536127202128,0.3395635503599966,0.9114419865524565,0.08486701619393218,5.8416584373464255,0.12475658240408148,0.40800000000000125,0.40800000000000125,1.936750287042823,0.16799999999999216,0.8319999999999936,0.9929863740450122,-1.519059638177133,-0.7230618620316747,-0.04312274126581432,0.009280946847615393,-14.322621486550988,0.9550244877477136,130,124.992,125.824
0.11807503139041543,0.11999998726920655,0.45600138979052535,7.435038261126612,1.8125606991812495,1.7217455745459456,0.2876665799936239,0.2990555944318252,2.500024375777082,0.10571917994116119,6.214678180846477,0.28916562766009307,0.519999999999996,0.519999999999996,2.004876649767174,0.24800000000000466,1.0960000000000036,0.993199695516232,-2.249985513305112,-1.010164928290123,-0.29869401429503106,0.21971315493183396,-0.32734876528458323,1.0303199154216651,131,125.824,126.92
0.04513908561393289,0.04799999883000275,0.3848092949391109,5.854937719936745,1.28940022579346,1.2477350048136033,0.2772493868483734,0.30330342787446585,1.56269262400182,0.08860298820324607,5.367208873230348,0.23449490509428028,0.4399999999999977,0.4399999999999977,1.9098730216909023,0.17600000000000193,1.0079999999999956,0.991693779991178,-1.6294619705170077,-0.8712464516193141,-0.11396119877048363,0.11360231829303079,-0.7868910084409249,1.0576778648117138,132,126.92,127.928
0.045275807990059674,0.047999968201516356,0.39664550769680806,5.446501108443201,1.4310836808519105,1.1708882586744278,0.29728688986628815,0.3143919046761937,0.9739181340645523,0.08554310666752445,5.982565859842375,0.13100626422611744,0.4399999999999977,0.4399999999999977,1.898060042386987,0.16800000000000637,0.8400000000000034,0.9948788188962794,-1.597670738468126,-0.7262377216958437,-0.05226417796853637,0.013312297639334583,-10.617053177859251,0.9452537915369816,133,127.928,128.768
0.14400000000000543,0.13136257716316366,0.49701311369069506,17.613384816743356,3.522676963348433,3.5226769633485904,0.3151271562771677,0.14000000000021376,3.16799999999993,0.16126979241556608,5.280898826336106,0.42747249591977005,0.5600000000000023,0.5600000000000023,1.7613384816743358,0.2880000000000109,1.0879999999999939,0.9894281487828578,-6.844778740866019,-1.536961600008245,-3.097296246972386,0.8436121224468565,-0.03240017533913352,0.9970384814538602,134,128.768,129.856
0.043361065115782096,0.04800000935879472,0.39203026431057597,5.942915738279474,1.032478977970389,1.00391380812671,0.2636452197637585,0.24791985957262322,1.2417264605287284,0.0957522092235776,4.906310441629741,0.18333252406774608,0.3120000000000118,0.3120000000000118,1.7288517244748653,0.17600000000001614,1.0,0.9929668525255033,-1.3569374338587392,-0.7987388014750038,-0.08426795530328918,0.08838431750251154,-1.0159405627695597,1.1437210583174704,135,129.856,130.856
0.03931270574185977,0.03999998163532582,0.4054908378004258,7.094137822283874,1.6531419736431006,1.307021895945243,0.27697244852693687,0.346026568615556,0.942182435791167,0.11146765840049477,5.71722950181718,0.15633182019718284,0.2880000000000109,0.2880000000000109,1.7759955508797718,0.17600000000001614,0.8000000000000114,0.9960016406627493,-1.5861643517203408,-0.690863873240982,-0.07713005419954211,0.027912523039441,-4.948574387305321,1.1045772066232267,136,130.856,131.656
0.20000000000000281,0.17593444712453463,1.5235850755306157,8.728373709046304,3.961606760704182,0.4178872386147625,0.5237725518311278,0.16800001205414086,0.33470654585906107,0.14389023311866792,1.087999999999994,0.45600636309191067,0.671999999999997,0.671999999999997,1.9808035093772762,0.4000000000000057,1.0879999999999939,0.8986779127973852,-4.839170039480866,-0.7560708169983281,-0.5712497093033564,-0.06148911977656468,13.673154558334486,0.9032397978308349,137,131.656,132.744
0.14000000000000046,0.12799989436691536,0.48358879726230547,17.02218308640127,4.246614539209064,3.254921942460733,0.31000284388663774,0.22928749788467062,3.0014758850966072,0.15484738286130298,3.553102503124522,0.28230231683937673,0.5440000000000111,0.5440000000000111,2.1233934125621743,0.28000000000000114,1.0480000000000018,0.9944487190651935,-6.60555003649321,-1.4638097284085267,-2.3027777192424166,0.6152979757776523,-0.22267309654673134,0.9032397978308349,138,132.744,133.792
0.047125282301049544,0.04800000444934822,0.3879962144851878,6.230944621975237,1.3883462162933238,1.2999015935379636,0.28768064029137624,0.2947440392582906,1.4412961258907864,0.09278085299026215,5.722946011582205,0.21746935710536744,0.4399999999999977,0.4399999999999977,2.009162505769104,0.17599999999998772,0.9840000000000089,0.9919834685711344,-1.8733112375353658,-0.9093807784495188,-0.12138496908353025,0.096951774684845,-1.2617573493875818,1.0225033584530796,139,133.792,134.776
0.043016176186311206,0.047999996192490915,0.3819231544199659,6.834558611742286,1.4224073890493798,1.3337689908613664,0.2724825050499784,0.2702471725766643,1.6481304798917298,0.09481594904076109,5.3572017544681625,0.2269337251767498,0.43199999999998795,0.43199999999998795,2.0437727764053033,0.16799999999997794,0.9679999999999893,0.9941918163732195,-1.94929715359834,-0.9303297580778456,-0.16741675300564782,0.14602925384505905,-0.5756472603464788,1.067448561022446,140,134.776,135.744
0.051199172470779215,0.05599997247863606,0.3942921794436506,6.128275404398983,1.3596168055680953,1.2914601671363253,0.27724881407399626,0.29421652038926305,1.4172358485758134,0.09143748798295259,5.849721422751229,0.205152406989535,0.4480000000000075,0.4480000000000075,1.9370124797893662,0.17599999999998772,0.960000000000008,0.9938209880754181,-1.6999512787654447,-0.853215841982361,-0.11746854957696619,0.09824353681403271,-1.033882653036323,1.025434567316299,141,135.744,136.704
0.04694635009925115,0.04799997739462775,0.39200899505552317,5.72406881710783,1.374633089166857,1.243981356256668,0.2798850863349537,0.32069090933024735,1.1321009133825417,0.08524548629137617,5.929166148720003,0.16229863915313686,0.4399999999999977,0.4399999999999977,1.9599580005173047,0.17599999999998772,0.9120000000000061,0.9921420012071505,-1.6286249650512608,-0.8040709358238844,-0.06995818980715222,0.040927110405175715,-3.2022294858581803,0.9862907156220548,142,136.704,137.616
0.04658298039570777,0.04799998178419655,0.3788432449096045,5.497450624643768,1.290468910813853,1.1559069731778897,0.28956349391965547,0.2995553874890438,1.237728739901644,0.08629415389594865,5.573742938566402,0.19487782809447057,0.43199999999998795,0.43199999999998795,1.9086712926743798,0.17599999999998772,0.9199999999999875,0.9942732973968802,-1.5840606056786082,-0.7919535790326403,-0.07273295069767796,0.05059469080494547,-2.480854244084787,1.0694027002645923,143,137.616,138.536
0.04469321508156238,0.04800000245421304,0.3985406784272408,5.960600581901207,1.228594789352207,1.0353023008385789,0.2741467263610398,0.291223306384465,1.2737819768074323,0.09323668677837671,4.54161734135153,0.17063640321202947,0.3120000000000118,0.3120000000000118,1.8591363901230535,0.17599999999998772,0.9439999999999884,0.9938810983544529,-1.5283705237475436,-0.8057223681901509,-0.08121164471293986,0.06605357377023591,-1.695031070562167,1.1769414254339587,144,138.536,139.48
0.0501392849012186,0.056000002846733746,0.4034646128474371,5.191591254008278,1.295738418852738,1.0391660024755633,0.30836097318294386,0.31130902025553286,0.982553096193304,0.09244542771542115,6.102065649885223,0.1624141207355302,0.43200000000001637,0.43200000000001637,1.7450915741836193,0.1839999999999975,0.856000000000023,0.9923056638482248,-1.421857036803751,-0.6787663238108905,-0.03350011133402599,-0.001058966513719685,141.74536150804212,1.023480428074153,145,139.48,140.336
0.1479999999999961,0.14399995498561452,0.4857052099346542,13.480923223064135,3.25593022401083,3.2484142241968117,0.30572050190581046,0.2700794198698743,3.1626318022847393,0.160291114499125,5.499458912500724,0.39698986605876135,0.5279999999999916,0.5279999999999916,1.6628666983451525,0.29599999999999227,1.0559999999999832,0.9945223815050281,-3.6183393877699555,-1.0756965515135217,-1.2094551914828675,0.4280875004701301,-0.24484395265479827,1.023480428074153,146,140.336,141.392
0.03668416688143371,0.039999993453415414,0.38584247715877046,6.096355038194593,1.4328150795920602,1.0891601298426057,0.262284111812963,0.3115452933129175,1.131983288643513,0.09455831867043574,6.198040634759878,0.11405771442732988,0.3919999999999959,0.3919999999999959,1.7381081660209994,0.16800000000000637,0.7920000000000016,0.9918656288052109,-1.3580309692673256,-0.6635654801958943,-0.06644799558093117,0.03164627956830896,-3.5324744097881604,1.0498613078431287,147,141.392,142.184
0.14396936665362114,0.14399998761499647,0.48168820493321796,11.48886625700258,3.029537142230471,3.3985994659901873,0.3043877763816272,0.3022518549728037,3.2547487755081903,0.14797523916636146,6.905533277148799,0.4472706980462194,0.5440000000000111,0.5440000000000111,1.7529937707819663,0.2880000000000109,1.0879999999999939,0.9935603437642866,-3.2614626518885723,-1.101229258361821,-0.9999921458424456,0.4317830267707088,-0.1161337465331124,1.133950362106739,148,142.184,143.272
0.04537188279933641,0.0480000117775435,0.3928149223083799,5.1927554074413464,1.1391323823859993,1.1504185109883167,0.29076463135656044,0.3266870130983199,1.4596395865658789,0.09199384954161365,4.9727136003217085,0.25547957959347617,0.4240000000000066,0.4240000000000066,1.7790996484451558,0.19200000000000728,1.0400000000000205,0.986318000996384,-1.3575761915757076,-0.8064634959465835,-0.08374005381213093,0.09870229662210986,-0.8213261238336104,1.0645173521592264,149,143.272,144.312
0.046044247423803086,0.04800001093408844,0.39377952091708585,5.445220021877827,1.110237807381057,1.0419033499250376,0.27255810434310834,0.32701846587508865,1.3012721146779413,0.09146827738032946,5.1090758271725205,0.17859369121586177,0.4159999999999968,0.4159999999999968,1.754183663543099,0.1839999999999975,1.0079999999999814,0.9891044554080998,-1.3064004797709714,-0.7817864850016945,-0.05487820960097024,0.051242947299733325,-2.0763035232179625,0.9491620700212744,150,144.312,145.32
0.04442250834039345,0.047999979010363854,0.40133387118859665,5.199298936668072,1.396579807814898,1.069501261079339,0.29766668558024256,0.2995958867647095,0.8632749399275604,0.08936325818734726,6.0467481121744635,0.10108405112306766,0.4000000000000057,0.4000000000000057,1.7584745485955453,0.1839999999999975,0.8000000000000114,0.9912799017250982,-1.3560415446591885,-0.6332654283992791,-0.03545803224421277,-0.005572147154606731,25.676127757415706,1.1964828178554225,151,145.32,146.12
0.15999999999999656,0.13646445492459144,0.9754193047499408,5.581869509971427,3.514699599596621,1.2722677578084571,0.6779098131329253,0.17823127640030803,1.5822290584570187,0.09874258188845028,1.1600000000001456,0.6364588232628491,0.5759999999999934,0.5759999999999934,1.7573499747079298,0.3199999999999932,1.1599999999999966,0.9569444532157737,-4.285225135753207,-0.8861018825061318,-1.324715330053725,0.2826409975944115,-1.9166622127622976,1.1964828178554225,152,146.12,147.28
0.05039861892523653,0.056000006011472515,0.4039639512506102,6.382896418361988,1.046587038721638,0.7423366003563129,0.24773598974237881,0.2803963959835074,2.775687730819604,0.09001663036299368,4.144181846106345,0.09852838485103912,0.27199999999999136,0.27199999999999136,1.9387781054069417,0.1839999999999975,1.0159999999999911,0.9917688651696258,-1.4812335805636632,-0.8432658369901636,-0.06523549319473863,0.07281925806830764,-1.0872580096151896,1.1495834760439099,153,147.28,148.296
0.046378001202925095,0.04800000044764938,0.3940715343402198,6.713700423335478,1.3741568756831137,1.2438782642563215,0.27473329829012866,0.3207073667449248,1.2723605371013598,0.09330144380517494,5.6889056242025005,0.1684333875509167,0.43200000000001637,0.43200000000001637,2.125176280564461,0.1839999999999975,0.9759999999999991,0.9912156662395669,-1.9581163803276094,-0.9335728017581618,-0.07549240250722668,0.047325484846274635,-3.0639561083204256,0.9452537915369817,154,148.296,149.272
0.0439915241510334,0.048000012347058654,0.38931814742362164,6.0901986404822575,1.5857915926153134,1.3495875386591305,0.26896137988285757,0.35095778173425185,0.9287955269672735,0.07857673691272397,5.824244228453595,0.12525907958583515,0.40800000000001546,0.40800000000001546,2.193933309147062,0.16800000000000637,0.8240000000000123,0.9917763792004411,-1.8267271695780596,-0.793662385775777,-0.05440672282042913,0.013148538016360092,-9.990064665824773,0.9061710066940546,155,149.272,150.096
0.13599999999999565,0.13216332605997447,0.4839311776820575,20.453715109469478,4.090929219183093,1.4756094836740696,0.2373872774886062,0.23707602591913093,3.1679798830320816,0.14904515038340865,1.0640000000019034,0.1457531748992128,0.5360000000000014,0.5360000000000014,2.0454646213176373,0.27199999999999136,1.063999999999993,0.996385481294704,-4.061951169428873,-1.321833916107391,-1.1739773537324818,0.5681524557423346,0.12105689556862405,1.0996847306201838,156,150.096,151.16
0.046587731182728076,0.04799999284356857,0.3864522296312375,6.213202958740395,1.400739226868397,1.4028371201230425,0.2895679823818666,0.29760452478265376,1.5126002352122443,0.08697849847142143,5.377118455706845,0.2732573944715842,0.43200000000001637,0.43200000000001637,2.1575484024583726,0.17600000000001614,0.9840000000000089,0.9923830780148714,-2.036699898103771,-0.948086995750792,-0.1466002513680147,0.12831723659689465,-0.7583711165610605,1.0225033584530796,157,151.16,152.144
0.045814715033395424,0.047999979572240385,0.38882086887967693,5.9944979215116465,1.3864857770174372,1.301756762471106,0.2920160970858079,0.30287372508623256,1.4176826847096609,0.08906497725438617,5.583847170375983,0.2159789188689881,0.4399999999999977,0.4399999999999977,2.0494665052512278,0.17599999999998772,0.9759999999999991,0.991846576896459,-1.8730581054911253,-0.9024236143226151,-0.11616144684061147,0.09488340036941495,-1.2242701865309393,0.9853136460009818,158,152.144,153.12
0.0435174206466099,0.04799998022378398,0.3958677577343487,6.065178271162308,1.5833845765149546,1.4315899340232257,0.26439727774377636,0.370191615914679,0.902259109180012,0.08309538022819372,5.921251653459368,0.14124249756302407,0.43199999999998795,0.43199999999998795,2.068274210810409,0.16800000000000637,0.8239999999999839,0.9943936148194521,-1.6441662556928294,-0.7553623419246339,-0.06997332997801374,0.03484126803073125,-3.1569265880112285,0.9032397978308349,159,153.12,153.944
0.12231117965285263,0.12000001306397057,0.46465191997237915,9.707996516307613,2.0676827209270896,1.9591390332554135,0.26458526257356535,0.29130210268737183,2.0836574476639838,0.11869343107633594,6.9500610241649285,0.2349329757229339,0.52800000000002,0.52800000000002,2.0156646048435305,0.24800000000001887,1.024000000000001,0.9943953649853009,-2.5008235712558706,-1.0077476755492571,-0.36850768570286546,0.21840145149024975,-0.3998758459822951,1.0762421876121047,160,153.944,154.968
0.043058268875864184,0.047999988463165645,0.38506907030454257,6.52357957243787,1.4263225342917982,1.173855222294753,0.26825435596156827,0.2704960941546167,1.7674838784327742,0.09442286880054167,3.9631402079179936,0.17003216678212962,0.3200000000000216,0.3200000000000216,1.909914265385952,0.16800000000000637,0.9680000000000177,0.9944938475460481,-1.725583829491261,-0.8779491844884417,-0.1507052038437792,0.13988123668447378,-0.5312408581898154,1.021526288832006,161,154.968,155.936
0.043607412734685436,0.04799996911761687,0.39496672032370583,5.273612895979867,1.3986520071649922,1.1964593975626692,0.28934355985634613,0.3300429122118945,0.9456596457332711,0.0820082008934009,5.962455294437083,0.13731363161604082,0.43199999999998795,0.43199999999998795,1.9012807593251595,0.16800000000000637,0.8400000000000034,0.9935297089513002,-1.498529341405683,-0.7139940709141707,-0.050574652804373864,0.017026846223728,-7.518312549207759,0.9774970890323968,162,155.936,156.776
0.14000000000000054,0.13005410637751127,0.48116027943659667,19.67556645314722,3.9351132906294444,3.9351132906294444,0.29760097268867636,0.13199999999999792,3.0720000000000023,0.15198482516568385,6.660080487199637,0.36265494996183456,0.5279999999999916,0.5279999999999916,1.9675566453147224,0.28000000000000114,1.039999999999992,0.9909215795191851,-8.154181487428625,-1.6491151355697509,-3.765777707961423,0.9083653214764721,-0.02261449222718823,0.9814053675166893,163,156.776,157.816
0.043935952755062936,0.04799999918548698,0.38250681055287306,6.65066859800684,1.4146565151833634,1.215272398127616,0.2632308460715272,0.24740610368746366,1.8437624643799928,0.09265923807077266,5.353609860788375,0.1641028967432057,0.4240000000000066,0.4240000000000066,1.9285441769695668,0.1599999999999966,0.9519999999999982,0.9923036041693803,-1.7598246363847394,-0.8782683677308738,-0.1694907575637216,0.1444455927949744,-0.5597834350651307,1.0908982319282023,164,157.816,158.768
0.04353368756744034,0.04799999630422077,0.38535733578241577,5.829332356997967,1.3045848466486165,1.2447622748039036,0.27977310757972884,0.2778713674929086,1.4392920863322756,0.08764481337710715,5.482604842845424,0.20133372562424437,0.43199999999998795,0.43199999999998795,1.9198525528781576,0.16800000000000637,0.9679999999999893,0.9937271038823777,-1.656286841292282,-0.8531391871218443,-0.1221580820909558,0.11137555675484241,-0.817995752428414,1.0723339091278117,165,158.768,159.736
0.04665012839941861,0.04799999961416748,0.3919852145882737,5.49533737657843,1.3242607625061313,1.2396085541539743,0.2890547646178284,0.29795446183701524,1.397434056214123,0.08519286850726855,5.717868660758049,0.2047156557642662,0.4480000000000075,0.4480000000000075,1.914202804269298,0.17600000000001614,0.9680000000000177,0.9916558697746489,-1.6195552577752697,-0.8352296019522739,-0.10888746646329606,0.09188200462233902,-1.186868232416052,1.0254345673162992,166,159.736,160.704
0.04308650573556942,0.04799997807659888,0.37778598235313754,5.6626699634934035,1.3134313350491646,1.193922178281076,0.26966168005839286,0.2841336226967259,1.2061033540501236,0.08255240721646613,5.501162240621429,0.16278712099633524,0.40799999999998704,0.40799999999998704,1.933832370662728,0.1599999999999966,0.9120000000000061,0.9899990626268566,-1.5403905386448151,-0.7930334261866033,-0.08190082774083386,0.05837739051773731,-1.9943885595331394,0.9882448548642017,167,160.704,161.616
0.044233525987968154,0.047999983412214564,0.34868374441654054,5.827965160332002,1.3177936295443795,1.2544332486333554,0.24024860537601644,0.2396534535148795,1.4666849482485222,0.07697417843351509,5.2363123389088235,0.14083322694114384,0.38399999999998613,0.38399999999998613,1.8846213260612126,0.14399999999997704,0.8959999999999866,0.9921627254422772,-1.3984540400574836,-0.7606781740138876,-0.1139218909509162,0.10598252221675578,-0.6199230479983701,1.0664714914013724,168,161.616,162.512
0.04557749569429888,0.04799996530648359,0.3882274650998017,7.100609983829141,1.3456142669836442,1.1649935735237469,0.25924112714773706,0.24121728745179077,1.7430104931603225,0.09623356468104076,5.132655478514649,0.18051864330294612,0.32800000000000296,0.32800000000000296,1.9708612246723007,0.17599999999998772,0.9519999999999982,0.9946332788750385,-1.8345317105256886,-0.8974823056468139,-0.1685518936928746,0.1480474214590433,-0.5170337929687634,1.040090611632397,169,162.512,163.464
0.04344446274195481,0.04799996863750071,0.39747003052145935,5.597538582453975,1.3938553333750936,1.2023829793324408,0.29209510822635765,0.3287718054301945,0.9436198701224722,0.08752934718396647,6.016069138684239,0.15136436465999184,0.4399999999999977,0.4399999999999977,1.9413367361216847,0.16800000000000637,0.8559999999999945,0.9935995937993528,-1.6068700006924324,-0.747694402310148,-0.04824576054358921,0.013698966702470993,-10.225277651970142,1.0430218204956165,170,163.464,164.32
0.14800000000001032,0.1379483466780568,0.4984765358153467,18.68621757598796,3.7372435151978727,3.7372435151978727,0.31359482974596203,0.1400000000000006,3.2160000000000077,0.16021071428502728,6.164900167293865,0.39589186117236824,0.5600000000000023,0.5600000000000023,1.8686217575989366,0.2960000000000207,1.0960000000000036,0.9926012647973472,-7.740515106903262,-1.6479536539551252,-3.4800774410540005,0.9019520440416433,-0.014547568669974476,0.9520932788844938,171,164.32,165.416
0.0392494135175093,0.039999971839750924,0.38579615864116856,5.094434227407511,1.1705908872720994,1.0225271671692333,0.2682301074328543,0.3287597819931996,1.0770505659468508,0.08378354617978004,5.6043920158213485,0.1316443037438571,0.4000000000000057,0.4000000000000057,1.7388320797031438,0.1599999999999966,0.896000000000015,0.9928063157999409,-1.2092442453579577,-0.6965222948147513,-0.03828288079892426,0.017978163881926294,-6.47629218583906,0.977497089032396,172,165.416,166.312
0.04457612102218415,0.04799997747008831,0.3923866061274248,4.954567833349525,1.1352325545049193,1.071278831607278,0.277345515167153,0.3245304484257588,1.1898440483414225,0.08609301757252526,5.728661241507126,0.19078841051650816,0.43199999999998795,0.43199999999998795,1.6868953376683244,0.17599999999998772,0.9359999999999786,0.9931167307116013,-1.1927236690982177,-0.706222506245893,-0.057355397590831796,0.050195279012026174,-2.0055365170460733,1.113370833212885,173,166.312,167.248
0.043382289213604375,0.047999998606800896,0.38968058566586133,6.536364858387483,1.4052275185273364,1.241788474292508,0.2743266713686201,0.27366613339085644,1.6219663404614266,0.09795697379362096,5.756120084966025,0.20001782081153782,0.4399999999999977,0.4399999999999977,1.877635366574949,0.16800000000000637,0.936000000000007,0.9927556971749563,-1.716877746235621,-0.8480929753226599,-0.1495421701007521,0.12120655272648388,-0.791108807425293,1.1574000330124952,174,167.248,168.184
0.04446172412285952,0.04799997299576685,0.38816218302804373,5.213800977795649,1.1445376618415173,1.1454661842931866,0.27832431579067296,0.3011972003339113,1.4749495498019627,0.09064467770677052,5.395783711203383,0.23957040873919985,0.4399999999999977,0.4399999999999977,1.6738063741543838,0.17600000000001614,0.9679999999999893,0.9918287247263855,-1.2581415680138524,-0.7434828042886827,-0.09509019835472969,0.10825518025063934,-0.5961696933324777,1.2150471406558123,175,168.184,169.152
0.0452194079356534,0.04799997698257691,0.39282971725851124,5.218222693075732,1.0916556011473248,0.9937319723206819,0.2694110331358676,0.3261692773544231,1.2070950229918789,0.08990432531024803,5.633392996943949,0.15067400458452396,0.41600000000002524,0.41600000000002524,1.6866395535887722,0.17600000000001614,0.960000000000008,0.9911842841542556,-1.1875186386008365,-0.7219171930944188,-0.04145449949658597,0.028222236029896725,-4.006247109610597,1.0185950799687868,176,169.152,170.112
0.05153682297830224,0.055999977525800694,0.39124227394297356,4.96704865107091,1.002853235110962,0.9527005597138507,0.26300648799381443,0.2731981782410181,1.3132478495758038,0.08903274076639445,5.576458118403423,0.1567905435392759,0.4159999999999968,0.4159999999999968,1.5510353927228488,0.17600000000001614,0.9840000000000089,0.9919941047899223,-1.0377070150666905,-0.6856385744987983,-0.05770392695438156,0.05708956569808994,-1.6045269943157836,1.104577206623226,177,170.112,171.096
0.0442514673091372,0.04799996896679606,0.3851841457838018,6.158233197201875,1.270343608662462,1.2116641435351732,0.27166472235607586,0.3035796087144011,1.5364600849873677,0.09387619769763862,5.388164794864245,0.20807658109713176,0.4399999999999977,0.4399999999999977,1.8938166600538215,0.17599999999998772,1.0319999999999823,0.9919134273249978,-1.6089424727382422,-0.8835356405979906,-0.10002256859055711,0.09718481849583091,-1.0653627512663901,1.1564229633914225,178,171.096,172.128
0.04463045663560234,0.04799998264619194,0.3817872589771072,7.014613133069376,1.9484826870382992,1.7401687650164261,0.29726618423695367,0.3254435828627843,1.9686618117367722,0.10456189860379657,3.613948038586356,0.2766292669978807,0.4560000000000173,0.4560000000000173,1.9855902452708003,0.17600000000001614,1.0720000000000027,0.9919750451017049,-2.214016608936306,-1.0492255870985814,-0.27490715124665344,0.23547569069544105,-0.28574563580299067,1.1603312418757146,179,172.128,173.2
0.0285675700730068,0.032000006341883484,0.36404503297930635,5.737938897132464,1.6019082899761297,1.3269174787938585,0.30336383675878276,0.31154860608005774,1.7610853033532579,0.0882737866241964,3.8401270302586186,0.21837158531948736,0.4240000000000066,0.4240000000000066,1.9685931247570778,0.160000000000025,1.024000000000001,0.9927069943202211,-1.8899998413130341,-0.9481544624516691,-0.15554038463005543,0.13626116390534887,-0.8359622623193533,1.085035814201763,180,173.2,174.224
0.04442374619734679,0.047999999251888706,0.38747011092940353,7.083726455754289,1.528588517148721,1.333997992950698,0.27179985097210896,0.292091651486422,1.6211317865550723,0.09248473341495692,5.430167276608865,0.1608242992547302,0.4399999999999977,0.4399999999999977,2.19851765983045,0.16800000000000637,0.9840000000000089,0.9926592394105878,-2.1588173623315394,-0.9901730179575557,-0.13620461707187512,0.10076963703044971,-1.2338161862675716,0.9374372345683961,181,174.224,175.208
0.046180286618674606,0.0479999744903223,0.3898107564204934,6.089407019788862,1.4057441096777357,1.284879167787613,0.27496462710640684,0.31443211757346096,1.2059701029647187,0.0849830554569639,5.731099963360424,0.14989929397904586,0.4159999999999968,0.4159999999999968,2.1024605940310357,0.16800000000000637,0.9439999999999884,0.992560059368374,-1.8006712215317924,-0.8735847598969859,-0.07622188349954778,0.04431833112262436,-3.098964620949852,0.9139875636626401,182,175.208,176.152
0.047228624166103954,0.048000003167848415,0.389922864915459,5.898383113667838,1.393560434379717,1.300589330917823,0.2864727730405948,0.2966125147506954,1.416127482708648,0.08581546137118057,5.732346330046438,0.2018452359033543,0.44000000000002615,0.44000000000002615,2.035247093791737,0.17600000000001614,0.9759999999999991,0.9924266364180218,-1.8219008607645917,-0.8925279012062263,-0.11880822567085118,0.0949170176230908,-1.245376735603476,1.0762421876121044,183,176.152,177.128
0.04564278150293446,0.047999975030934235,0.3875059344415561,5.71220695230365,1.3855672224354263,1.3194529576818081,0.28013257517899603,0.3133547898379611,1.3367313367622033,0.08386537682901216,5.537038774367903,0.2010802249778502,0.44000000000002615,0.44000000000002615,2.0483187151288487,0.15200000000001523,0.9520000000000266,0.9928409257086328,-1.6714121499513224,-0.8444019888848485,-0.10543202195011488,0.08837744563466172,-1.182237284268266,1.073310978748885,184,177.128,178.08
0.04624696118443444,0.047999989279907354,0.3861652375251393,7.393659991757975,1.4075255196940377,1.270410907619202,0.2582620293597537,0.2726661687228454,1.652908451159493,0.10057992136139725,4.867474829949841,0.18667681613755696,0.3119999999999834,0.3119999999999834,1.9808539289213527,0.17599999999998772,0.9759999999999991,0.9945642627672237,-1.849055524577688,-0.9172833165642567,-0.15334307578902323,0.14061894621510782,-0.5522654039748,0.9843365763799089,185,178.08,179.056
0.044834078544859456,0.04799997715866521,0.3828401112908543,5.853610139562,1.3634975154790543,1.212481343493738,0.2749130330009343,0.3236627385430751,1.3254593292651016,0.08554977507121353,5.543705297817018,0.16062927068569652,0.43199999999998795,0.43199999999998795,1.989563323681709,0.16799999999997794,0.9359999999999786,0.9933789916828849,-1.6481467686690383,-0.8315936518175289,-0.0735390937180899,0.052238354862093106,-2.26115325468438,0.930597747220884,186,179.056,179.992
0.04735960356948718,0.04800000607988817,0.3974085961272268,5.135683363809957,1.3100810252146753,1.132062470852025,0.28601838102020694,0.3386878077844909,0.9193187545020599,0.08426707673975921,6.039383628045479,0.14384768679784582,0.43200000000001637,0.43200000000001637,1.8237730801338998,0.17600000000001614,0.8480000000000132,0.994408472194944,-1.3530548042350983,-0.6819399829393898,-0.03896466690921543,0.009923664502837765,-12.77349608504361,1.0449759597377626,187,179.992,180.84
0.04474170555247076,0.047999982956613466,0.39014429926842925,5.557545048404037,1.255706158117455,1.2687182491386162,0.2909619758810972,0.33050995573088265,1.3966100731265714,0.08802834128211745,5.336136561646243,0.21942842623105627,0.43199999999998795,0.43199999999998795,1.943531108325906,0.17599999999998772,1.0,0.9927077907584172,-1.6283487283735747,-0.8589022973551188,-0.09185002786969007,0.09828973259501544,-0.8154689709698498,1.0645173521592266,189,181.952,182.952
0.04592571763763348,0.04800000010805257,0.3839545322694441,6.047379122627537,1.4132486992144515,1.2994757363931166,0.2798754422001942,0.2904454011828417,1.4177561303807298,0.08658914951727746,5.531066432975456,0.19216306558092758,0.43199999999998795,0.43199999999998795,2.040135803862058,0.16800000000000637,0.960000000000008,0.9905810398535202,-1.8056053185254934,-0.8829647478613866,-0.11978943897374275,0.0945839265438381,-1.2130064410507082,0.953070348505567,190,182.952,183.912
0.04667930024842778,0.048000011578173934,0.3882328051862787,5.659568936052426,1.3611376718344488,1.275604385664422,0.28496677994482367,0.29326701642844394,1.4149544686260305,0.08424060648382566,5.665524877066534,0.19901470558055484,0.4399999999999977,0.4399999999999977,1.9707397109162366,0.17599999999998772,0.9679999999999893,0.992310126851116,-1.692439251904981,-0.8564353836093209,-0.1161833376825946,0.09700375710745004,-1.1176755143217025,1.0332511242848847,191,183.912,184.88
0.044057064833659725,0.04799999179998007,0.40132685007352126,5.433639187714826,1.3909242129437533,1.1975641862641657,0.28822292555710266,0.3476712663980263,0.9254887474078368,0.08527541811706411,6.029503417053681,0.1516768358896975,0.4399999999999977,0.4399999999999977,1.9128773866855948,0.16800000000000637,0.8480000000000132,0.9933510243326749,-1.517515862969805,-0.7237992936610468,-0.04535421674073131,0.013194030710870431,-9.999839952044312,1.0860128838228362,192,184.88,185.728
0.152000000000001,0.09065046356625373,1.0218660576477911,9.332256870377215,0.4406426368422698,0.2170725389474265,0.22339501431677078,0.14799999999999616,0.2070000000000307,0.12435889775243661,1.1440000000000057,0.07887309314121478,0.5919999999999845,0.5919999999999845,1.8990644809978323,0.30400000000000205,1.1440000000000055,0.967419032982829,-1.2138199666838938,-0.7776724736335677,-0.0433066903026453,0.11618783173126604,0.07170441836583646,1.0806202223229457,193,185.728,186.872
0.04325647534529468,0.04799998805828714,0.39021685411583656,6.378586284672482,1.529677663336493,1.265033420512267,0.2808171329759011,0.2757420379371048,1.1159639795831247,0.09283211199331055,6.056537457673108,0.13010449507611577,0.43199999999998795,0.43199999999998795,1.9394785891438397,0.16799999999997794,0.8319999999999936,0.9936854790438343,-1.7811230910723448,-0.7725006143092483,-0.10620602104916241,0.054297835146111,-2.34770857441894,0.9032397978308351,194,186.872,187.704
0.14399999999999122,0.1280000499984284,0.4895592630695485,12.027839165078507,2.964607356963785,3.0746584707965448,0.29488333434128133,0.23981662320479114,1.6277202207185288,0.14403468145830706,2.736401282658195,0.3758200459411698,0.8079999999999927,0.8079999999999927,1.7478059676150899,0.2879999999999825,1.079999999999984,0.9911266805715223,-3.4604649287561706,-1.1445752831466764,-1.123033433630466,0.49859076873803454,-0.0277293327105293,0.9726117409270305,195,187.704,188.784
0.046056978814196174,0.047999978382032286,0.39230223874102954,5.420046417197638,1.2176296453747708,1.1523812043179074,0.2820276581887347,0.30966939615317124,1.5038770720510455,0.09098960142329397,5.6120170295660685,0.24120832068829565,0.4399999999999977,0.4399999999999977,1.7708683933208016,0.17600000000001614,0.9920000000000186,0.9910445094751081,-1.3965143229133339,-0.7943540551589684,-0.09596333019684222,0.09221150997269188,-1.0861972039631367,1.138835710212105,196,188.784,189.776
0.039544667779106965,0.039999907777926405,0.3957141176189451,7.900829316788437,1.342975107869416,1.428444165491555,0.26125360773385914,0.27005016894911904,1.0361574501893331,0.11359874725482108,7.837954788149232,0.15739757399107787,0.30400000000000205,0.30400000000000205,1.8348878758742484,0.1839999999999975,0.8959999999999866,0.9954000412933552,-1.7266674161275357,-0.8260438654709651,-0.12826152419071385,0.09837922030958865,-0.9676987530125322,1.1153249724550314,197,189.776,190.672
0.14399999894998805,0.13599988870762308,0.4854751846000265,12.82293163437528,2.8404299076025823,2.7549421250963264,0.291615948358386,0.2549399506456906,2.8214498023837336,0.13780861479005824,9.174684098685429,0.2937421119525903,0.5200000000000102,0.5200000000000102,2.128896248776174,0.2880000000000109,1.063999999999993,0.9920189866085174,-4.187488693770475,-1.2501163941721538,-0.9855044866057048,0.38380256469199137,-0.29896343047803553,0.8876066838936643,198,190.672,191.736
0.045887526936897745,0.04799996873053804,0.3970251734645705,6.081452596351241,1.5354626656490922,1.328125220188581,0.2782255052220382,0.3539984247767637,0.9005532513810489,0.08644574920603113,5.969600820781267,0.1393859111370594,0.43200000000001637,0.43200000000001637,2.0820388468364666,0.16800000000000637,0.8400000000000034,0.9930903695161506,-1.7452662491421032,-0.7751996146765339,-0.04926425532964936,0.009840525304851317,-14.226689918587718,0.9931302029695672,199,191.736,192.576
0.13428544322535005,0.13599998570222221,0.47495981033450235,9.675251078604246,2.3629502749244744,2.317422795486057,0.278860779102651,0.3094192206403515,2.7519148149899686,0.12112937312135752,8.875986045695011,0.2811004266898766,0.5360000000000014,0.5360000000000014,2.0257484247835444,0.2720000000000198,1.063999999999993,0.9920107262157285,-2.7715940745448995,-1.0682128468082168,-0.49900829913340544,0.2777449212484647,-0.25961806032957463,1.0088243837580555,200,192.576,193.64
0.03935350993738869,0.03999997440996758,0.39915738979320897,5.421714236998358,1.4119747354562584,1.1882006285382456,0.2909753262394539,0.3235922284938474,0.997519089498431,0.08603468251870165,5.946744542193159,0.16168548440023273,0.43200000000001637,0.43200000000001637,1.8883601751301637,0.16800000000000637,0.8480000000000132,0.9902278891471665,-1.5250269853077185,-0.7279643058369506,-0.06622864200845117,0.03123582331769713,-4.2976824397952,1.0899211623071288,201,193.64,194.488
0.14400000000000543,0.13431687233872505,0.48696075006743905,17.52891744494835,3.5057834891953776,3.5057834891953776,0.2935680149504089,0.25256701757288885,3.1680000000001196,0.17056190367314258,5.686649949658216,0.38114118826208904,0.5279999999999916,0.5279999999999916,1.752891744597689,0.2880000000000109,1.0560000000000116,0.9918699344682993,-4.41263088668155,-1.1996241225418103,-1.6311617307160904,0.5401622456951423,-0.1361040767351187,1.0420447508745427,202,194.488,195.544
0.04364411169588911,0.04799999794952063,0.39513908509212103,4.905571648794664,1.426709061731073,0.972997970631446,0.29315314446258606,0.316917013814234,0.5626709521296523,0.08680410919640218,5.878825155680636,0.10884717046427445,0.42399999999997817,0.42399999999997817,1.6389192285535088,0.16799999999997794,0.695999999999998,0.9928097509067006,-1.113898838284581,-0.49022421257620136,0.020033713849946084,-0.05258971884566083,2.682957729054466,1.0068702445159083,203,195.544,196.24
0.2039999999999935,0.17599998229444405,1.3953664769902512,6.86053399229929,0.42574147300836546,0.49264464732865804,0.3192151150997449,0.17782676242873433,0.5274797705895745,0.14961688382417823,23.753646105904366,0.5241239120045824,0.6799999999999784,0.6799999999999784,1.8470674474245348,0.40799999999998704,1.2319999999999993,0.9123676654958313,-1.3444696616065404,-0.7483910121542793,0.06774911502453933,-0.1361087808962684,2.4616408697572187,1.1798726342971777,204,196.24,197.472
0.04288341792106434,0.04799999634571709,0.38888642155520126,6.490344419462289,1.5059032333525009,0.9531031347353635,0.2921094183676987,0.29659299867381533,1.2361969374696689,0.11023403751487136,6.998291096187006,0.13594723470413195,0.32800000000000296,0.32800000000000296,1.7100870094753344,0.1839999999999975,0.8160000000000025,0.9920735562109946,-1.5327777446263962,-0.6760878327876552,-0.01132169658944195,-0.029985596876481155,6.436478134391371,0.7204056449875166,205,197.472,198.288
0.19746035624760003,0.1919999591066412,1.4962120409247606,12.330237931820168,4.843864311692015,0.14415129953855915,0.5523864143333462,0.6250457385724584,0.28497778517003747,0.215254110285785,10.89009446865918,0.2543652521579338,0.6239999999999952,0.6239999999999952,2.5930327680303042,0.39999999999997726,0.9519999999999982,0.9391510805067749,-1.5342423812696504,0.14335016058516592,5.777889072339125,-1.5078595286250522,1.2154867043913304,0.0,206,198.288,199.24
