t0,t1,t2,a0,a1,a2,b0,b1,b2,c0,c1,c2,dicnotch,winSys,maxAmpl,sysTime,duration,R2_of_fit,Es,As,Ed,Ad,td,fd,pulse_index,start_time,end_time
0.04643491929799734,0.047999956459519,0.3774684715790041,1.1464427338013774,0.35237503215290067,0.28444720543747287,0.2785702440421453,0.3141419568329313,0.6039030829034561,0.0857715488332589,5.904330709763027,0.16467722468733142,0.42400000000000015,0.42400000000000015,0.3805681878182084,0.16800000000000004,0.6560000000000001,0.9892192827058061,-0.05407870714802134,-0.10159682546737192,-4.428268718502863e-05,-0.008296481570290889,3.3844341391509465,0.3391979735709708,0,0.696,1.352
0.04534677975505947,0.04799986439961388,0.4003288598506644,1.4698853753635832,0.28116634574154636,0.25866898265005406,0.2518552792069716,0.39836838192302093,0.15644672560806322,0.10053359689723892,5.303989733673044,0.05489580542741282,0.256,0.256,0.42671028287542523,0.17599999999999993,0.6559999999999999,0.9823741997045518,-0.057592934372902006,-0.10688433456497211,0.007317768521393325,-0.03752706668675454,1.0415285673825614,0.2414471877193518,1,1.352,2.008
0.04749280824717229,0.04799999828486369,0.37160068995870854,1.8719548686455483,0.5637359158391198,0.39222838587310815,0.2565308863174189,0.4575634996178707,0.9183843289094559,0.1058114851276912,7.189697342517634,0.19532623319043013,0.31199999999999983,0.31199999999999983,0.4781726159582177,0.17600000000000016,0.6640000000000001,0.9896764908397291,-0.0885020993781651,-0.13053256227497986,0.00034238197272362344,-0.011836555073471151,3.0334329545647356,0.24144718771935178,2,2.008,2.672
0.05206970567131251,0.05599998750966248,0.3775426422251478,1.4355093606934737,0.37170367250217806,0.3140662617718124,0.263707289827832,0.29869467249877996,0.5310018057921604,0.08643616209735948,5.8041538519551334,0.15060820110903567,0.43999999999999995,0.43999999999999995,0.4594021506120909,0.1679999999999997,0.6639999999999997,0.9897045225789458,-0.07689600920359321,-0.12459862120531869,0.0004113990366262664,-0.010826527419195974,2.911021516238871,0.2453535569322794,3,2.672,3.336
0.046694906108889454,0.04799994667190921,0.37194222865151016,1.4625921286211756,0.38735490446256104,0.29202665070810796,0.27545566684205924,0.30363668149577244,0.5517748196394278,0.09133025097798951,5.587228901626705,0.1518230754723539,0.40800000000000036,0.40800000000000036,0.4643284438641886,0.16800000000000015,0.6640000000000001,0.9872154800703739,-0.0798482169997028,-0.12444229347739388,0.0019309532838642958,-0.015235906315531822,2.377339807374838,0.2727286599322489,4,3.336,4.0
0.05138876841414074,0.055999999956879626,0.3709781944726479,1.5415885038027848,0.3838471254631341,0.3261861327736315,0.25535376070428584,0.2994177698328243,0.5691169986403881,0.08939526884368666,5.749423927347965,0.1645468701113846,0.41600000000000037,0.41600000000000037,0.46908156937808654,0.17600000000000016,0.6559999999999997,0.9888429787170468,-0.07895020469281247,-0.1255606166321471,0.00035639465890489983,-0.010783160188974355,2.909461610208468,0.30693990905484175,5,4.0,4.656
0.05829035845772563,0.19200004112914468,0.6775654051617168,1.4455671918463546,0.12377413024534745,0.11513495678595292,0.18956828362332526,0.4278291958673673,0.30696633027283093,0.07801439776726166,1.2990081789469052,0.5743242478654498,0.24800000000000022,0.24800000000000022,0.4807268893793796,0.17600000000000016,0.6640000000000006,0.981828619863111,-0.0459840221460354,-0.11118718021123354,0.0008746017798317254,-0.01627941868260517,0.8115604703454903,0.2961821344645529,6,4.656,5.32
0.05099197539422975,0.05599995641104674,0.37093183100336624,1.519597433247433,0.3709083917240451,0.3164989124555672,0.25614442986033414,0.304183026458927,0.5764992119540215,0.0908054180429781,5.7230271248637266,0.15783425274068702,0.4239999999999995,0.4239999999999995,0.46030578929927124,0.17600000000000016,0.6719999999999997,0.9878441696371749,-0.0768153433777998,-0.12765137002109056,5.4969104295990174e-05,-0.009345434441824936,3.2809588618436902,0.26197088534195995,7,5.32,5.992
0.03752777325664233,0.03999999120493366,0.352370527598263,1.5225580392596159,0.48961834651671265,0.46674139502072637,0.29246204447384266,0.3087701300697298,0.8945838993541909,0.09823754324478597,9.599899721454978,0.23970922429533928,0.3200000000000003,0.3200000000000003,0.43180835920986016,0.16000000000000014,0.6479999999999997,0.9917133384888422,-0.0844186389688424,-0.12042631349475001,-0.0027822653955965693,-0.004130013543138502,8.542836245099947,0.2561113315225684,8,5.992,6.64
0.04764273489038965,0.04799992774721095,0.3736005151416014,2.242778296905673,0.44680813406146247,0.40855175771479224,0.22480831142724308,0.33820001934064386,0.8531974911559146,0.11274925953364112,5.891099767739698,0.21292316061721522,0.2560000000000002,0.2560000000000002,0.4404452962923294,0.17600000000000016,0.6560000000000006,0.9882587669369731,-0.07846834483116087,-0.12715021777029156,-0.004183370674599856,0.0032374796375277846,-7.653298863464438,0.2561113315225684,9,6.64,7.296
0.054090586373124555,0.05599994420483045,0.3863029382795793,1.3914248116855303,0.39780105216997125,0.25625761029493516,0.2997371530146841,0.31439778206615193,0.5098432852634804,0.09336736893906582,6.023768897322353,0.12904205426805734,0.4079999999999995,0.4079999999999995,0.4577898520969361,0.18400000000000016,0.6719999999999997,0.9890525776300095,-0.07958985006101467,-0.11650195855343513,0.0051791957562833954,-0.02524985716251888,1.7252005852017518,0.2658772545548875,10,7.296,7.968
0.052511170697300054,0.05599999901649585,0.36060262541893867,1.7806019234292565,0.3914138035926616,0.3126192009847169,0.24729725318732396,0.25242851731489835,0.8205622299511651,0.09456855782732924,5.28331690351151,0.18252528254798114,0.3360000000000003,0.3360000000000003,0.47734617300968873,0.17600000000000016,0.6639999999999997,0.99304588977063,-0.09099708041432787,-0.1371924878751545,-0.002619863429772363,-0.002410795208959406,12.433861029581017,0.3343150120548113,11,7.968,8.632
0.046106589853042425,0.047999955442273305,0.36959713926482823,1.7349842427156539,0.3619685204618595,0.25971937739105055,0.2527487375315637,0.24868278713526376,0.6480251580597034,0.09890881731826977,5.564106145664209,0.13824823287478646,0.27200000000000024,0.27200000000000024,0.4580524078927629,0.16800000000000104,0.6560000000000006,0.9875909054797601,-0.08322182643894295,-0.12848309111464074,-0.000871036404444811,-0.006702261550076055,4.6761112881442095,0.30596331675160987,12,8.632,9.288
0.0465057786798512,0.0479999376256891,0.37942834609647713,1.4945394682289261,0.3921291376725716,0.2953674186091799,0.27249446217120077,0.3152905225220317,0.5201341514546487,0.09347506900581908,5.771881937273111,0.14532642878601074,0.41600000000000037,0.41600000000000037,0.45954331815434657,0.17600000000000016,0.6560000000000006,0.9893421074010141,-0.07811744263159,-0.12097966507137235,0.0019335786833927352,-0.01537670318543419,2.292638679579611,0.29325235755485707,13,9.288,9.944
0.05242448360530824,0.055999971041752944,0.3640829621479381,1.4259198541046032,0.3388938907382506,0.28244039770600315,0.24004575318455884,0.3295100686239558,0.5662491470632214,0.08723419669241941,3.9008311659361943,0.16111518607875197,0.24799999999999933,0.24799999999999933,0.42321904675681093,0.17599999999999838,0.6559999999999988,0.9908739746172178,-0.06243878113538609,-0.11559168493131419,-0.00039733116273280874,-0.005729440445691922,3.9313337827529677,0.25025177770317697,14,9.944,10.6
0.059115919210696345,0.06399999459158526,0.384843898437672,1.47052304173227,0.3355498560110859,0.2574676280355124,0.25718963428007396,0.2899223517686711,0.49601297107598863,0.0894040326597964,4.909898479552824,0.13825752551438578,0.29600000000000115,0.29600000000000115,0.45896998700432334,0.18400000000000105,0.6639999999999997,0.9876184894701284,-0.0726364757411182,-0.11908593804368298,0.001355928280102626,-0.013948607108684811,2.2099593993169977,0.24340037232581563,15,10.6,11.264
0.05456435770239941,0.05599995193083692,0.3720942668894442,1.664528694413009,0.4129659568989045,0.3108973487795918,0.27947512078310094,0.24896206486574127,0.6222331749772293,0.09928027402346692,5.636579714276454,0.15379836029980123,0.4400000000000013,0.4400000000000013,0.46159085706913494,0.17600000000000016,0.6720000000000006,0.9904858342210018,-0.09254969303300595,-0.1286198113934609,0.00032132718849513925,-0.01226976469636168,3.2575789548124483,0.2580645161290323,16,11.264,11.936
0.052369454258221156,0.055999999196725325,0.3649213150570526,1.7192864813003417,0.4211961031224306,0.2853441249344719,0.26721938884509505,0.272918797323113,0.8172041571556041,0.10124466157745173,5.401649659288718,0.17343066735457247,0.3279999999999994,0.3279999999999994,0.4506970865659702,0.1999999999999993,0.6560000000000006,0.9899476567319154,-0.08617299156197357,-0.12292388458491249,0.000729686931336913,-0.013089295816934847,2.8447935785078093,0.28836939603869743,17,11.936,12.592
0.05432317727821177,0.05599993766937706,0.37679576054121444,1.7750283635812358,0.3891238816053895,0.2963068465204072,0.2539669667693832,0.2760193446045312,0.7329580848501092,0.1038606469701294,6.700877503677259,0.15604507331698478,0.3279999999999994,0.3279999999999994,0.44334408196574476,0.17599999999999838,0.6719999999999988,0.9903117654448134,-0.08083131093146403,-0.12564584987007307,-0.0011373828057471987,-0.0069806051456247735,4.697089589097529,0.2443769646290475,20,13.896,14.568
0.04639094927008304,0.047999994765642054,0.3634926001015201,1.5594062242608844,0.3897876782375665,0.27793150087458096,0.2454233958674733,0.36943453962126227,0.5312404967129982,0.09426998247487418,3.669163286331925,0.14164973047791612,0.2480000000000011,0.2480000000000011,0.44887878086665334,0.17600000000000016,0.6639999999999997,0.9886441714789528,-0.06971194643173162,-0.12288994535934766,0.001195803426098565,-0.012202409777711249,2.374429191552337,0.2355876338999603,21,14.568,15.232
0.046301198404832995,0.04799995410045028,0.32456497868353323,1.6006467509391513,0.434774217523936,0.36832884306166586,0.2645290402196062,0.3179701700102565,0.797184472673199,0.09882198304120826,7.512232967706286,0.19203374537364334,0.28000000000000114,0.28000000000000114,0.4384463367592423,0.16800000000000104,0.6560000000000006,0.9872767158805572,-0.077473276043811,-0.12075230349132222,0.00036734225880683696,-0.01010942810762834,3.2497054745724623,0.2766350291451766,22,15.232,15.888
0.054913049443497536,0.05599998567930303,0.37268865907997795,1.5006031571058376,0.42040507253687515,0.28745672917921317,0.29090315383978466,0.31151634427383373,0.5134001571688896,0.09229951606833771,5.8214542533037585,0.1364858211821458,0.4159999999999986,0.4159999999999986,0.4885259714270596,0.18399999999999928,0.6719999999999988,0.9891623932859576,-0.08993316851172156,-0.12622106294054328,0.005644427119243914,-0.026207776204110165,1.7319189214590358,0.23656422620319223,23,15.888,16.56
0.05260444295201904,0.055999991870561594,0.3603661185322025,1.989720606889519,0.48963145112314777,0.3505024854033959,0.28117822986435465,0.2762309037183784,0.6294993564497823,0.10552975407402197,5.5286670862111835,0.17783125713877482,0.360000000000003,0.360000000000003,0.524778683862674,0.18400000000000105,0.6640000000000015,0.9913367293542141,-0.1187695639155916,-0.14039926140581152,0.005613179548627004,-0.025575481108365418,2.003777753383663,0.29032258064516137,24,16.56,17.224
0.04403498079885198,0.047999997797792716,0.35527035418756764,1.6693036551561153,0.4386116639932818,0.36378909666929893,0.26027349988740145,0.27050099053391335,0.7925706424799441,0.0935828743928593,6.3098997976014575,0.17351932901607217,0.3279999999999994,0.3279999999999994,0.4700803388447141,0.16799999999999926,0.6479999999999997,0.987960892834449,-0.08909661950964588,-0.13130750075034528,-0.0035881083323691687,-0.0005035110451328613,59.500861690526264,0.2746818445387127,25,17.224,17.872
0.05288049238080063,0.05599999606669061,0.35533539466490655,1.842994136026743,0.5803837628458649,0.4289195733446971,0.2676086740953387,0.3669585589962535,1.206202550694969,0.10604766881584105,6.47803377918684,0.21764254194307228,0.3359999999999985,0.3359999999999985,0.4556157578622393,0.17599999999999838,0.6640000000000015,0.9914211727237112,-0.09207535477759644,-0.12725652213831273,-0.0020431652103830643,-0.0074185718080590135,5.026810987567786,0.2727286599322488,26,17.872,18.536
0.05196080845149214,0.05600000013279838,0.3539725004452419,1.8210675528226585,0.46905617448565157,0.40397983327535175,0.2587344822896621,0.2936305123809097,1.0702071884216435,0.10316478695882249,11.364359243868856,0.20816623248732305,0.3279999999999994,0.3279999999999994,0.4485783397360697,0.16799999999999926,0.6559999999999988,0.9887598658270397,-0.08778069061170864,-0.12595682208638043,-0.0036598954663021577,-0.0019400582061997735,16.4846703166686,0.26882229071932134,27,18.536,19.192
0.05446068802265221,0.055999946783467626,0.38413545778961006,1.3982437248733917,0.397171468762472,0.2721840912182626,0.29583099386462364,0.31374176011324806,0.5211598931410547,0.09312761893143719,5.895987840523342,0.14399825149289372,0.41600000000000037,0.41600000000000037,0.45726795884897814,0.18400000000000105,0.6720000000000006,0.9890047872274839,-0.07908805971252444,-0.11702862569546524,0.004569026746768986,-0.023572680813301494,1.7998497397548916,0.2414471877193518,28,19.192,19.864
0.04644217031356328,0.04799998359324478,0.36935919332662476,1.6862303243143868,0.44628211130077766,0.31706035782191044,0.2747866165336318,0.29394567907112973,0.7252256297666724,0.09638172676234119,6.081659303782529,0.16167646691876172,0.34399999999999764,0.34399999999999764,0.4893913852197261,0.17599999999999838,0.6559999999999988,0.9897903264446802,-0.09600817279768882,-0.1323438325126059,0.00041778560452470975,-0.012054205750820697,3.1510233665024368,0.2375408185064242,29,19.864,20.52
0.0583571517883737,0.06399999739716085,0.3614481081158984,1.8455994165065452,0.52183708031894,0.39382244409468214,0.25390229077607823,0.3746306396709543,0.9289878636688934,0.09975823629571759,5.9651894749213215,0.1951976207802137,0.3360000000000021,0.3360000000000021,0.4911169548634199,0.17600000000000193,0.6720000000000006,0.9889056682780102,-0.09371964566191256,-0.13510085326739324,-0.0005460388124985033,-0.009998454513194381,3.4786919917519117,0.2463301492355114,30,20.52,21.192
0.05187828579283635,0.05599998908281876,0.364045243340374,1.6711035458083234,0.42471917511029017,0.3405130501395428,0.27824504260161675,0.29187508502494786,0.5736318011365223,0.09733021208592504,5.918448478716571,0.1631083803520563,0.40800000000000125,0.40800000000000125,0.49318615972925933,0.17599999999999838,0.6720000000000006,0.9895151559346715,-0.0961816954761225,-0.13357746882748586,0.0025961124637960747,-0.01797287992296182,2.2908149348885716,0.2316660054322947,31,21.192,21.864
0.04643638693113796,0.04799999370838732,0.3543477796192308,1.746397112556682,0.44200600217096025,0.2792314628677853,0.2910592815137308,0.2979652124775437,0.5598423658083258,0.10476339546213896,6.262264200346127,0.15258512900531018,0.36799999999999855,0.36799999999999855,0.4888023122108745,0.17599999999999838,0.6559999999999988,0.9916250399822244,-0.09824574085315961,-0.12559420210650926,0.00816638967671488,-0.030842499857729414,1.6199066117782197,0.315744499038667,32,21.864,22.52
0.04636820193995957,0.04799999092822047,0.37938202644892277,1.4851223953083852,0.3962277571325097,0.2912317363462205,0.2720225971328579,0.3067714865324059,0.5399590926277176,0.0915723331278283,5.7527105919275225,0.1429726665831544,0.40800000000000125,0.40800000000000125,0.46501618815521906,0.16799999999999926,0.6559999999999988,0.9868103475837625,-0.07944053280859806,-0.12285137793780637,0.0017093856907728754,-0.01479000041424039,2.4090574271917053,0.2639240699484237,33,22.52,23.176
0.0517929015853559,0.05599993910791239,0.3778805061830736,1.5461964496906793,0.3933316484673014,0.32422753803106497,0.2674695049825054,0.29470672934602593,0.566574548184026,0.08910331243313065,5.769025455864433,0.168307088579783,0.42400000000000304,0.42400000000000304,0.4891452771532683,0.17600000000000193,0.6640000000000015,0.9899365557426756,-0.08741742876835147,-0.1310148758319632,0.0011500907809034527,-0.013720508271685448,2.58549948539707,0.27468184453871286,34,23.176,23.84
0.05126421777440652,0.055999999584176195,0.3584947160099901,1.5064812163389658,0.41679584389965807,0.323383067066559,0.24214827904122196,0.4041911093774197,0.5912527211723533,0.09139890355990649,3.4599110874779977,0.18041298257087315,0.2480000000000011,0.2480000000000011,0.44026079866015616,0.17599999999999838,0.6640000000000015,0.9890363126267371,-0.06633723203437773,-0.11982109376951292,0.0006148578516632644,-0.010253339330736565,2.584049984796569,0.26001770073549607,35,23.84,24.504
0.052093121048386565,0.05599999089615701,0.3651048918501391,1.6832376279893502,0.3584041618546829,0.2933425379129946,0.2589696878456633,0.2458403486567836,0.5869362806105191,0.10048949628169114,6.108092400536479,0.1551396498765304,0.28800000000000026,0.28800000000000026,0.4446238459855908,0.17599999999999838,0.6639999999999979,0.9884494204981961,-0.07993360068869144,-0.12342994968939265,-5.7837769523074855e-06,-0.009781796961033424,3.4029917955711273,0.2649006622516556,36,24.504,25.168
0.05364318585914341,0.05599999914501884,0.3628039624431407,1.5874900856171892,0.5191119222354968,0.32762468056624255,0.278977099654174,0.3727539249186257,1.316390050101845,0.10191511003825503,5.329976350215595,0.2171976409829744,0.3279999999999994,0.3279999999999994,0.4369999059955053,0.18400000000000105,0.6640000000000015,0.9904056380261976,-0.07927588731244162,-0.11624385159496849,0.000735484281218809,-0.013562266007131759,2.78821268619199,0.28543961912900173,37,25.168,25.832
0.05414985813340767,0.05599993238899376,0.3710028159339483,1.8072322791530822,0.46305494472929865,0.30697887752335434,0.2797013274107081,0.29111173094291876,0.9067140671687751,0.10105780219889836,8.1862919721371,0.17476393930351708,0.3359999999999985,0.3359999999999985,0.5010728063465552,0.1839999999999975,0.6639999999999979,0.9892227171068781,-0.10463847655473286,-0.13344066854648912,0.0022365624720745766,-0.017967185908902828,2.453613423988146,0.3108462782677694,38,25.832,26.496
0.047356072135264854,0.04799995817924776,0.3857719143927169,1.4613715411292754,0.3964511027032281,0.27567959775743434,0.2819299358240911,0.3093097082430649,0.5480168279153118,0.0930928159488841,5.8711609970376655,0.14015771544738312,0.40000000000000213,0.40000000000000213,0.46050602849305394,0.1680000000000028,0.6640000000000015,0.9882576950645933,-0.08034421242655393,-0.12225813719050573,0.0024087032749104957,-0.01693727188001517,2.2505150075621865,0.27175206762901694,39,26.496,27.16
0.046578664765444866,0.047999938956350297,0.38011967970343546,1.493824970602661,0.4030921186630782,0.29345114580529286,0.28288476416036296,0.3105676639980687,0.5273260370716178,0.09200727399349,5.743291562150442,0.15211436960508692,0.41600000000000037,0.41600000000000037,0.47804440949240723,0.17599999999999838,0.6640000000000015,0.9899919246194754,-0.0860322810963045,-0.12702195039796071,0.0032360916727616528,-0.01921640387132441,2.079251246876592,0.26099429303872795,40,27.16,27.824
0.04617352409715088,0.04799998870680978,0.36158759773837396,1.6226284960785045,0.37439875702024683,0.25547423438921424,0.25535766444350566,0.2698726196482627,0.9177684589333039,0.09825571971810403,6.229402750553833,0.15397671502624455,0.26399999999999935,0.26399999999999935,0.4332659979426852,0.16799999999999926,0.6559999999999988,0.9882835016369401,-0.07519482852414057,-0.12163088716615854,-0.0015142422603553487,-0.0044904984775914845,6.537407113679607,0.25122837000640885,41,27.824,28.48
0.051251605020772854,0.055999993063970306,0.36303167101495337,1.7352625003173239,0.4496501306490045,0.3101697219148329,0.28338708503872284,0.27239044070207974,0.7548532714192493,0.10667289248501549,5.488854118595974,0.16141794475497043,0.2959999999999994,0.2959999999999994,0.4502795812027941,0.17599999999999838,0.6720000000000006,0.9895023290439675,-0.09135354656102986,-0.12522385500276495,0.0011260613879575084,-0.014600207061416523,2.8803304753599317,0.23851741080965605,42,28.48,29.152
0.0513920700945687,0.05599997898662808,0.3694947926490276,1.2956861702469273,0.35386156110394007,0.2604462250286751,0.28250496501647504,0.27118323781090825,0.517565610883609,0.08908630507444901,5.346439330652273,0.13284376651347835,0.4480000000000004,0.4480000000000004,0.41661252044822683,0.17599999999999838,0.6559999999999988,0.9883123674550917,-0.06630800104728368,-0.10867586185306033,0.0017778748887217945,-0.014972286124061176,2.2494715218228762,0.3157444990386669,43,29.152,29.808
0.05358622358937744,0.05599999984606149,0.3566976479445819,2.3858065337771346,0.4132026988667574,0.38128085262228334,0.2167465399653777,0.27114524357663855,0.7673534541024296,0.10856157229655422,4.519373439654694,0.1953333225849002,0.26399999999999935,0.26399999999999935,0.46442823017411566,0.17600000000000193,0.6559999999999988,0.9922039077673229,-0.08756767107649782,-0.13595775192488516,-0.00432109876026159,0.003858533812514992,-6.3015117641426635,0.3157444990386669,44,29.808,30.464
0.05383411845977317,0.055999997793052855,0.39208425837445704,1.4706599661938673,0.4094301073306904,0.2791361098410266,0.29232448035783676,0.30341047251366865,0.5452249368264097,0.09338874597060423,6.01423457418965,0.14140571377336272,0.40800000000000125,0.40800000000000125,0.4724013482553241,0.18400000000000105,0.6720000000000006,0.988553609555861,-0.08570093378707781,-0.12293676128650163,0.0036549779182782766,-0.021160274474276597,2.0078849117895183,0.28836939603869743,45,30.464,31.136
0.046390099598344656,0.04799999026610795,0.3840924867199065,1.4033991092267084,0.381195384550999,0.28717154940299544,0.280516827180124,0.29976063478057907,0.5267953001932503,0.0884270622092909,5.640560628571366,0.15115780923350197,0.43200000000000216,0.43200000000000216,0.46155529648601823,0.16799999999999926,0.6640000000000015,0.9888385730700214,-0.07939743861883311,-0.12392640364348625,0.0018909675007146671,-0.015289153475646064,2.3879103605070204,0.27370525223548087,46,31.136,31.8
0.04647066171073308,0.04799999894433063,0.36900063695152485,1.6618781926393864,0.42150511618214365,0.27951828313639415,0.2743424530082132,0.36783120893691695,0.69854191810385,0.10575490516579024,6.067709802240095,0.1780912225763168,0.272000000000002,0.272000000000002,0.45120149287484573,0.18400000000000105,0.6720000000000006,0.99152661250261,-0.08100704875471236,-0.12280791979445554,0.003772910914677592,-0.0208684259846638,1.9091626709801006,0.22873622852259895,47,31.8,32.472
0.0521429301779524,0.05599998947171118,0.34892528767977904,1.486221230951582,0.38105589090282066,0.25973278355574964,0.2809158991502371,0.31213894199378606,0.4800054039391062,0.09814027188821978,5.767290211139566,0.13501027409258406,0.3999999999999986,0.3999999999999986,0.4451199257986872,0.17600000000000193,0.6559999999999988,0.9898145157006805,-0.07423536579633132,-0.11178742707634395,0.006257432357623639,-0.028230656689700918,1.474736891911681,0.3274636066774499,48,32.472,33.128
0.05165582507409478,0.05599995199404143,0.3785262608957662,1.4271409459798345,0.35036686158488123,0.29563573111649866,0.258946235645906,0.29665190849239953,0.5176715374599707,0.09132396773953366,5.921128648179966,0.1501173868481162,0.4399999999999977,0.4399999999999977,0.42588277914788286,0.17600000000000193,0.6559999999999988,0.989696424441396,-0.06703984278392221,-0.11411446561516811,0.0004993094537604923,-0.010736444705835835,2.750109211260935,0.2619708853419599,49,33.128,33.784
0.05280852607792458,0.05599998982848412,0.3744486674222512,1.4855713723212185,0.35145400921312175,0.2570236986007189,0.2678606354684212,0.2849269072828677,0.5345720937102851,0.09324937994800644,4.72168742884723,0.15149416878215813,0.28000000000000114,0.28000000000000114,0.4547339281515125,0.17600000000000193,0.6640000000000015,0.987839622059207,-0.07527405750553219,-0.11967211241789119,0.0019670038218209786,-0.015567666985017391,2.1868114909866794,0.26784569841608935,50,33.784,34.448
0.05207498455485333,0.055999938501809746,0.3778065615461068,1.4543212614175924,0.352301325641655,0.28105486740891944,0.268842575268427,0.2907967380351708,0.5552800968348142,0.09474565324979735,5.944645397680523,0.1646865555287649,0.4159999999999968,0.4159999999999968,0.4326884738943265,0.17600000000000193,0.6640000000000015,0.9904556622161479,-0.07084936319198895,-0.11564566479403918,0.0015947660518452,-0.01453432953576047,2.3132315502406358,0.28446302682576985,51,34.448,35.112
0.05415418322213943,0.05599997277183353,0.37713491895913187,1.3822732736508325,0.3854149017798691,0.2497899564107803,0.3101304469842856,0.32325799959302465,0.43126460152317,0.09748377742178962,6.247347943337136,0.14722509154347255,0.4480000000000004,0.4480000000000004,0.4474814131574481,0.1839999999999975,0.671999999999997,0.9912536961099864,-0.07726404890030793,-0.11065325221591542,0.009120190640684225,-0.03560250608693748,1.3943324065861735,0.29422894985808895,52,35.112,35.784
0.052954032635851966,0.05599996625318441,0.36551898575009417,1.4312770071984517,0.33947667740642196,0.2324306439345031,0.263999781517092,0.3162867583087803,0.6366710410699227,0.09590647062929883,5.290684251059126,0.18563937574680925,0.37599999999999767,0.37599999999999767,0.4242056943538208,0.17600000000000193,0.6559999999999988,0.9883536777886978,-0.06422569580021936,-0.10849520880732522,0.0031691559852067455,-0.01948264128457663,1.7352397053769668,0.2805413983581042,53,35.784,36.44
0.05442569736585678,0.055999949613094756,0.3958360909578301,1.4534547094775552,0.42398612666288166,0.2586590752362274,0.30698635728240803,0.31592371803246305,0.4789551777594631,0.09480602405174514,6.092677255740263,0.13574679623151614,0.4160000000000039,0.4160000000000039,0.47824318208073374,0.1840000000000046,0.6640000000000015,0.9892575617653325,-0.08648623584144646,-0.11641488608764215,0.007693733630159175,-0.031347182725756824,1.5586880474043454,0.27175206762901705,54,36.44,37.104
0.040495365784317436,0.1701776174999903,0.36176040208348015,1.7530770745058069,0.7586147328969076,0.895365795984179,0.49599999240797904,0.24248213509019861,0.7495198608830715,0.18876887271804874,13.119999999999974,0.38600408683783044,0.24799999999999756,0.24799999999999756,0.44768289799208955,0.17600000000000193,0.6559999999999988,0.9962071347060498,-0.030239806544360197,-0.011514585659544482,0.062081989444083045,-0.1207304083162868,0.9379310372205613,0.23656422620319223,55,37.104,37.76
0.05425074722219532,0.05599999473685239,0.3782046089106957,1.3833568260114713,0.37985499222496977,0.26992994668595527,0.28692024010875766,0.30541446814345835,0.5498999939575195,0.09315333699891193,5.85027326909658,0.14379571530750845,0.3999999999999986,0.3999999999999986,0.4434616490416883,0.17600000000000193,0.6720000000000041,0.9877504186435118,-0.07390616900910195,-0.11539166536575252,0.0030357645384986817,-0.019127943946315524,2.0089830721234594,0.3108462782677695,56,37.76,38.432
0.05247850099647536,0.05599999953643478,0.36404262901584783,1.4070170905790278,0.37313285075308256,0.2811459231180842,0.28424996786931556,0.3058400881315191,0.5387962627274421,0.0950136982593896,5.8952073803052905,0.16226822802043925,0.4159999999999968,0.4159999999999968,0.43655194987965323,0.17599999999999483,0.671999999999997,0.9902613308478061,-0.07333235785525062,-0.11570134319086756,0.004016562803235875,-0.02186680624029228,1.8140208184002835,0.27858821375164045,57,38.432,39.104
0.04735290156816038,0.047999984951780275,0.3527865688020561,1.5642341216531848,0.3908101987426711,0.25602944465752625,0.2885058681321502,0.3113892193577715,0.5378686164720314,0.10847614111518174,6.26100390415065,0.16243648839845326,0.37599999999999767,0.37599999999999767,0.42003400869979746,0.1839999999999975,0.6559999999999988,0.9902441604819802,-0.07265211866620672,-0.10677057404094749,0.006901695968270781,-0.028827348788100688,1.5418293435324446,0.33039338358714565,58,39.104,39.76
0.05093473441070889,0.05599999314117533,0.37665250360370106,1.4697878628239753,0.3999079086196428,0.26310850607296177,0.27080360197825804,0.30880937230947514,1.0864484893689823,0.10100186994721383,6.623066136134724,0.1778541710416151,0.3359999999999985,0.3359999999999985,0.3978821687272473,0.17600000000000193,0.6559999999999988,0.989864696288366,-0.0649995380780925,-0.10652982301879671,-0.0005604771866082374,-0.008598982339240337,3.6179016549528673,0.23166600543229474,59,39.76,40.416
0.05195688873980004,0.05599998635827276,0.36831874627511313,1.7663605836812466,0.40097923730197405,0.32870849518674966,0.26419009255241555,0.26912157283918836,0.6607206291951528,0.10360885964698334,7.729446550035483,0.17092903059613568,0.3360000000000056,0.3360000000000056,0.4523642062874594,0.17600000000000193,0.6640000000000015,0.991253671434438,-0.08644235876044533,-0.12569856586220085,0.00032833318383418734,-0.011811251409406287,3.108192334946434,0.2082125308999908,60,40.416,41.08
0.04648385472275044,0.0479999926617601,0.3550721549201019,1.8600241192386175,0.4628700170781844,0.32643627679878007,0.27610584238589586,0.2931437025158121,0.9589591307023626,0.11375872840459976,9.495520491875174,0.17060426037166118,0.27199999999999847,0.27199999999999847,0.43219233240019067,0.17600000000000193,0.6640000000000015,0.989421138406255,-0.08764331652878192,-0.12150974075917216,8.924966326543979e-05,-0.011500916439220008,3.4897132422379995,0.2570879238258004,61,41.08,41.744
0.05327965516995512,0.05599996536651174,0.3942754697812739,1.2550546036583508,0.3962500874040334,0.24784776923811402,0.283103142081436,0.3346840927572993,0.38805798528610636,0.08891419389476544,5.403543871844726,0.08128578444431805,0.40800000000000125,0.40800000000000125,0.41153094861387063,0.17600000000000193,0.6400000000000006,0.9863521395751268,-0.06070565076184374,-0.09914678597797423,0.004164695191830485,-0.022908200887210337,1.5850129323220403,0.2942289498580889,62,41.744,42.384
0.045686283252884485,0.047999995871833914,0.37668944540955074,1.6253635537174445,0.3393453494957797,0.2350744443689397,0.2567213775399708,0.26134716232494987,0.5454433454182325,0.09919267397262298,4.206376803715194,0.13591282724936257,0.27199999999999847,0.27199999999999847,0.44777804902523716,0.17600000000000193,0.6559999999999988,0.9807217002395658,-0.07500207599738817,-0.12099790847995766,0.0003461302929264861,-0.009708761742089362,3.143162834721702,0.27761162144840845,63,42.384,43.04
0.053552498294332375,0.05599999270770643,0.3645670848793848,1.8031760067744131,0.3684122185487967,0.2343827931854436,0.2456438192911404,0.25856671944392917,0.7898856323258472,0.10079296857867823,5.207108099963073,0.1511474095659777,0.3119999999999976,0.3119999999999976,0.4566414343675082,0.17600000000000193,0.6559999999999988,0.9899441566897523,-0.0807153032514286,-0.12472108571417434,0.0005993905138552889,-0.011652635711727173,2.870329687635968,0.2991271706289865,64,43.04,43.696
0.06068264834911158,0.06399998867858933,0.37861788490528886,1.7533767910137426,0.4471314353540637,0.35693682258588266,0.2787824560508912,0.28714869295340006,0.5571960819312509,0.09623815165189344,6.348658381720555,0.15390382585637657,0.45600000000000307,0.45600000000000307,0.5184680736753482,0.19200000000000017,0.6799999999999997,0.9896262151031578,-0.10775551426712125,-0.1399694188020315,0.002952267947262931,-0.020068001365844634,2.2377781568075013,0.33724478896450705,65,43.696,44.376
0.053664143304361825,0.056000000197415994,0.3692691837846533,1.619045619721891,0.36888597608996115,0.3154938826439602,0.2519249900633426,0.2680985247062153,0.684322109212797,0.09277738550421155,5.705198278268676,0.1803822975844389,0.4160000000000039,0.4160000000000039,0.46462450159630814,0.17600000000000193,0.6720000000000041,0.9868561368288935,-0.0812858915227291,-0.1307458323870927,-0.0013439521217034388,-0.005438604783088851,5.599305937878756,0.34017456587420264,66,44.376,45.048
0.051249664656567634,0.055999918221683966,0.35449257110081817,1.6783961592158636,0.44821395476970627,0.3079829238365646,0.2613813870045596,0.29178703986124294,0.735378887342665,0.09710801395594201,10.641390896675222,0.15270673987331368,0.3119999999999976,0.3119999999999976,0.45455427448086166,0.17599999999999483,0.6319999999999979,0.9866793819239076,-0.08184907676767106,-0.11627847969624298,0.0034181325849013903,-0.020285185630431784,1.9675211002927924,0.28543961912900173,67,45.048,45.68
0.06943467904636794,0.0719999973285752,0.39730545708370163,2.040274361131567,0.4399035172185048,0.3288435843668898,0.25454972421481525,0.30553112444459885,0.6154896412165296,0.10566549489337947,5.789737066692022,0.16043128515472582,0.3440000000000012,0.3440000000000012,0.5143049523496224,0.20000000000000284,0.6880000000000024,0.987500468592733,-0.10335498672232983,-0.1391312119340721,0.002325208584780577,-0.019180917400059897,2.2358059286188277,0.26001770073549607,68,45.68,46.368
0.04558222337355444,0.04799998066194065,0.3651404209254489,1.700667519871703,0.41632338442239986,0.32079347493291205,0.26496672281112843,0.2710175138000915,0.65015435215409,0.0967118383768079,6.225938890553342,0.14698683009874444,0.28000000000000114,0.28000000000000114,0.47881855347710023,0.16799999999999926,0.6559999999999988,0.9871423073840936,-0.09119513671490027,-0.13203895550617675,-0.0009753283218882328,-0.0075823611350985375,4.509743931871276,0.21407208471938233,69,46.368,47.024
0.05332304148815756,0.05600000063403002,0.3716798927787604,1.6037902649547073,0.5073740755834701,0.6355211196201943,0.26990910406113594,0.2903820253219272,1.0049017730828051,0.0892493624684102,6.732181882381562,0.3147044438460603,0.4239999999999995,0.4239999999999995,0.47673395603443813,0.16799999999999926,0.6640000000000015,0.9891322926954955,-0.09501921069565583,-0.13514801105416144,-0.008389666899699407,0.008076196405623117,-3.623651089253368,0.21407208471938233,70,47.024,47.688
0.05446885435257976,0.05599993996392715,0.36382379787648467,1.5321873979603198,0.3000748713024502,0.263600532940658,0.22609161989134463,0.33688901498727586,0.6521415315572058,0.0932046982168861,7.746365179108082,0.17241548439976095,0.24799999999999756,0.24799999999999756,0.4150626781919456,0.17599999999999483,0.671999999999997,0.9889342039178649,-0.05739464444300027,-0.11553183241984752,2.3146705904841984e-05,-0.007130413655780889,3.2644346178779173,0.30303353984191406,71,47.688,48.36
0.0521383531668836,0.055999988286140785,0.3378916649528585,1.4922767220797226,0.3827319097453808,0.26809502585406325,0.2870437270885877,0.29603806920815173,0.6322511848696372,0.10368468376221901,7.136426780171297,0.16028083858778344,0.38400000000000034,0.38400000000000034,0.41795588099032516,0.17600000000000193,0.671999999999997,0.989294613160728,-0.07259045644998444,-0.1114395565290149,0.005338721890647873,-0.025261525325700675,1.6936689207327056,0.24828333384197515,72,48.36,49.032
0.05320029890853364,0.05600000123783348,0.3451677109757214,1.2670331091651377,0.3884131720067142,0.3302503138127903,0.2825636608912913,0.30843019936855204,0.5244332277135219,0.0962202566833863,10.07795888521687,0.12388465159156362,0.3760000000000048,0.3760000000000048,0.3676489954069218,0.17600000000000193,0.6560000000000059,0.9867909853254673,-0.0561491036650413,-0.09707932619487601,0.002618038939978613,-0.017799146946822646,1.9580075655713516,0.30693990905484175,73,49.032,49.688
0.05363185066846919,0.0559999423720092,0.3698208545003538,1.3999865584684021,0.3407644493892906,0.2586935908131758,0.23689162212657486,0.3345484437298611,0.7319541291637813,0.09142401184145144,5.948261747035282,0.15041025304976852,0.24799999999999756,0.24799999999999756,0.3932696810346813,0.17599999999999483,0.6479999999999961,0.9875096416106772,-0.053559425407774516,-0.10444198405320583,-0.0010134962883242896,-0.0036481893674216908,5.84678664746225,0.2346110415967284,74,49.688,50.336
0.06100334996302125,0.06399997610394735,0.38026103060259026,1.5616294429131379,0.40426757788879425,0.2927702878160445,0.2808036697941192,0.26593849329516306,0.6662386603715739,0.09870990863961293,6.206107265298147,0.14977731297554747,0.3999999999999986,0.3999999999999986,0.4445157061590973,0.1840000000000046,0.6720000000000041,0.988588352402511,-0.08184512914567997,-0.11795893691459927,0.0007749277998323676,-0.013800744013781677,2.7726167299929023,0.23558763389996024,75,50.336,51.008
0.05342073389636617,0.05599999611285972,0.36883381081706185,1.5654036583784312,0.43638081896483705,0.3693111680292628,0.25544778031203264,0.26857692689812296,0.9830667602900854,0.0947898000118149,6.180825994182205,0.17354748973085582,0.3359999999999985,0.3359999999999985,0.4131970646945254,0.16799999999999926,0.6639999999999944,0.9888014857762115,-0.07453235174519832,-0.1215502737501467,-0.007105846198372136,0.010261529397671491,-2.284106008593532,0.23558763389996024,76,51.008,51.672
0.053967674123126176,0.055999957141302355,0.3770710992120835,1.6958282491278813,0.39038813037069586,0.2948396976185051,0.24968117413344937,0.32445405868758626,0.6522614378955895,0.0967090119023946,4.272517305418046,0.14850193635333378,0.2560000000000002,0.2560000000000002,0.47595125465844795,0.1840000000000046,0.6880000000000024,0.988714223902481,-0.0830637941155486,-0.13582338957298704,-0.0008039337500670989,-0.006213430571539887,4.730976214689827,0.2883693960386975,77,51.672,52.36
0.046900356557433825,0.04799996623432207,0.36810782368619943,1.2080482437559557,0.3629802329556743,0.35817889720862306,0.25547797255808463,0.29774718611507145,0.5552280142848859,0.08260563049660063,5.273738264252367,0.1296715619767178,0.3999999999999986,0.3999999999999986,0.38982258738210074,0.1600000000000037,0.6640000000000015,0.9798250330331438,-0.05538787067671842,-0.11011494650588885,-0.0038916768195844304,0.007459192896607885,-2.406921373626667,0.2883693960386975,78,52.36,53.024
0.044451794318106023,0.0479999972491504,0.360633705390362,1.2621036892397346,0.37037242660713743,0.34639869735601864,0.254885642172784,0.30939757812055424,0.6031209786772689,0.08554718051357993,5.106165077819444,0.17158543925356592,0.40800000000000125,0.40800000000000125,0.391867550561775,0.1599999999999966,0.6479999999999961,0.9887130184877115,-0.05642995205238029,-0.10779789218893696,-0.0019791007407507265,-0.0008796645122575797,25.933417777232407,0.2561113315225684,79,53.024,53.672
0.04628878677719481,0.047999999126394056,0.36802555224276773,1.6130813251406775,0.3872048596697361,0.26063915246810865,0.25977418277725134,0.34182059056581354,0.730441254107527,0.0983907125799263,8.699823056596191,0.1421925337556061,0.2560000000000002,0.2560000000000002,0.45694798524714675,0.17600000000000193,0.6560000000000059,0.9888041753098044,-0.0766256520474512,-0.12150735860363732,0.0014737389649042078,-0.013740047289920164,2.37647579854056,0.260017700735496,80,53.672,54.328
0.055424522581598856,0.05599998791441325,0.3784285068875269,1.4424801406240497,0.41390192970344725,0.31506344002000153,0.2706586859578184,0.26847970647931674,0.7957081194006805,0.09071220449791272,5.6064432231896495,0.14087842000621284,0.4239999999999995,0.4239999999999995,0.43129294180988387,0.17599999999999483,0.671999999999997,0.9860709350013344,-0.07592910064562773,-0.12140863194738519,-0.004218690732005058,0.0019301357290021988,-14.665212535803343,0.260017700735496,81,54.328,55.0
0.05381452658409842,0.05599999424759401,0.3762298039969896,1.4816908852633883,0.36236329703715603,0.2899780278467103,0.2657989944532485,0.2969095328474032,0.5930180184153935,0.09558501196855736,5.836439294515031,0.1498209300710498,0.43200000000000216,0.43200000000000216,0.4342032201027437,0.1839999999999975,0.6799999999999997,0.9895815262284678,-0.07240364953333864,-0.12098656556481642,0.0003158634874917593,-0.010309486012522883,3.1229616570696224,0.2912991729483933,82,55.0,55.68
0.045634639962697204,0.04799999376262553,0.329424218312567,1.2348656285194932,0.4089627925714137,0.3565893280193851,0.3091021506844913,0.3178481379105818,0.4426675487297602,0.09055667363594434,10.425701084110862,0.12285036589791953,0.38400000000000034,0.38400000000000034,0.4067663465068589,0.16799999999999926,0.6559999999999988,0.988740630566539,-0.06766216535976197,-0.1055434930066372,0.006696521167296114,-0.028888492678554,1.505225354363997,0.32062746055482644,83,55.68,56.336
0.04759578240088101,0.04799994877467054,0.37626080660418204,1.2630429040156899,0.3585854270705105,0.27145989245120605,0.2722074516387396,0.30561429283144836,0.5767863037584814,0.08953167831244589,5.8632301380496346,0.1405530458353297,0.392000000000003,0.392000000000003,0.4011662394810981,0.16799999999999926,0.6559999999999988,0.9848423332295007,-0.059393062568925646,-0.10631824436442046,0.0002038109148062155,-0.009314808180406768,3.1545420716769472,0.2453535569322794,84,56.336,56.992
0.052855545797974184,0.05599993860241424,0.37702247933975674,1.4190036488869275,0.34996339445550384,0.3078857897533525,0.2561427026839729,0.2883550904691452,0.5448347594814272,0.08727152283934016,5.792940101832804,0.1691559277647188,0.44000000000000483,0.44000000000000483,0.4428641813354062,0.17600000000000193,0.6560000000000059,0.9891392787049562,-0.06965212080891076,-0.11784405342436508,0.0002809312973352871,-0.010110701317081751,2.93354946061231,0.29813531907101665,85,56.992,57.648
0.06082009132990552,0.0639999838380148,0.36036177816597803,1.7486909109233182,0.4652905045424698,0.41529508507760327,0.2546374187930544,0.2850682455002982,1.027352729107198,0.09937248520737717,8.70584983356968,0.19690502589023406,0.3439999999999941,0.3439999999999941,0.44260639312966543,0.1839999999999975,0.6799999999999997,0.9874030187521503,-0.08583118215273525,-0.1305597265895726,-0.005569853926058159,0.003784069190743093,-7.780216310353702,0.29813531907101665,86,57.648,58.328
0.05188300958259018,0.055999994034054236,0.3521495525502305,1.3697654035152922,0.3417817498606927,0.2686783447484519,0.26657987700672103,0.2458476369505442,0.6631618335647699,0.089744890935828,5.044913826560926,0.1744588031968353,0.4239999999999995,0.4239999999999995,0.4160206603851975,0.16799999999999926,0.6639999999999944,0.9881704632564543,-0.06747615176893598,-0.11508718791192608,0.00012397611763696138,-0.009413006225847507,3.331119061974076,0.3313852351451155,87,58.328,58.992
0.051487119262811104,0.05599995528528591,0.36137232946884507,1.3419886360713107,0.32359097647303786,0.2914329925297738,0.2516709196252909,0.28373265058226455,0.558084260489753,0.08836938364291712,5.556229260926117,0.15697770567123143,0.43200000000000216,0.43200000000000216,0.4070113074798582,0.16799999999999926,0.6640000000000015,0.9885041919180672,-0.059900507469507355,-0.11238461960140463,-0.00033839859755341436,-0.0066894381456243344,3.8533598020033635,0.2590411084322642,88,58.992,59.656
0.04527336828819248,0.047999996626794744,0.37653749653425844,1.2850867741759884,0.3687672856439629,0.27169612083295736,0.28203614806769256,0.3137363294198107,0.49471122763621794,0.08775747420281349,5.5913706927084705,0.12824286596326748,0.4160000000000039,0.4160000000000039,0.4288795456282267,0.16799999999999926,0.6559999999999988,0.9857573561747154,-0.06722091273847981,-0.11232106695031091,0.0018037267456045818,-0.014697546916709398,2.2474120678706844,0.2522049623096408,89,59.656,60.312
0.05222066667951375,0.0559999909088787,0.355385382780009,1.3557851742850382,0.3599314073818703,0.33832250756489574,0.25158980461159763,0.3096415152278,0.60903097669812,0.08794034636984002,5.365048487593161,0.16344973348157465,0.40800000000000125,0.40800000000000125,0.41358280547378073,0.17600000000000193,0.6720000000000041,0.9877709609882465,-0.062062757382725126,-0.11618134612910162,-0.0013041061836841189,-0.0030932159793999473,7.877386526393334,0.30986968596453757,90,60.312,60.984
0.05150660655610292,0.05599999703546632,0.35377887417328113,1.3729914569352988,0.3477444137198254,0.2882245944741763,0.2593671582869539,0.32441259753009805,0.5049439665668395,0.0905370275793473,5.531844326677938,0.1328792239394242,0.4239999999999995,0.4239999999999995,0.42242601572279176,0.17599999999999483,0.671999999999997,0.9896169955023183,-0.06441921068065154,-0.11603120959707565,0.0018544663144036105,-0.015038043771633586,2.056625131311229,0.2737052522354808,91,60.984,61.656
0.052676221219265754,0.0559999850787799,0.32646823794364893,1.4418120613187686,0.31747360069873864,0.28391464737596245,0.21781499861761427,0.23957241606334848,0.9424939249269155,0.08532609645100744,4.921414434075117,0.22305046087701227,0.3120000000000047,0.3120000000000047,0.38424402526582146,0.16799999999999926,0.6240000000000023,0.9858654429895526,-0.05241209699609047,-0.10421021029762473,-0.0020349295570310285,7.55916368083534e-05,-260.0833185746007,0.2737052522354808,92,61.656,62.28
0.07959547952944639,0.07999998652084225,0.4008825937030399,1.4431156746862939,0.40052705334912725,0.28128490820509605,0.27053541370195555,0.26205085651598087,0.6971247126187098,0.09830602777886731,7.054415098831841,0.148241891123996,0.4399999999999977,0.4399999999999977,0.38756054685926816,0.2079999999999984,0.6640000000000015,0.9854883289246814,-0.06252690620130794,-0.09588560797547671,0.0009582362532592209,-0.015973772777096565,2.348991004015105,0.27956480605487233,93,62.28,62.944
0.039132090809133956,0.03999993707706515,0.3474190333771983,1.516367059084269,0.35452650806417113,0.3160820460289541,0.26619265995046587,0.2708163581670688,0.8238618885700003,0.09775432203184746,5.885484360145136,0.1980118909113543,0.2639999999999958,0.2639999999999958,0.4301117175319693,0.16799999999999926,0.6799999999999997,0.986278235609565,-0.07490495171712908,-0.1278839719160595,-0.0029493548407787144,0.0023588847464057175,-10.991273209571201,0.27956480605487233,94,62.944,63.624
0.05292874916798478,0.055999996835649574,0.36171922278908386,1.586113216033162,0.41574356877940105,0.3791008434981769,0.25832243059955756,0.28240126581999353,0.6613292865164573,0.09099388316092118,5.770452153169737,0.15152484831186455,0.392000000000003,0.392000000000003,0.46929914014275664,0.16799999999999926,0.6799999999999997,0.9867445390356074,-0.08529996384806468,-0.1353127528290879,-0.003459282188524705,0.0010564914563516257,-26.329408067135503,0.22873622852259895,95,63.624,64.304
0.052380697421156426,0.05599999462673661,0.35432598155397294,1.3035447584599502,0.3185352813215687,0.26170602952882,0.2602289828490788,0.26216735530192886,0.6101292279173918,0.09030186195695884,5.520177221438374,0.16437829056673953,0.4159999999999968,0.4159999999999968,0.3908930186742139,0.17600000000000193,0.6640000000000015,0.9890244322667371,-0.057990937539765176,-0.10779235578625991,0.0003497572508496293,-0.00944591137455951,3.034239227084236,0.30498672444837793,96,64.304,64.968
0.05260271155507925,0.05599992058573076,0.37715598293382596,1.4542562993121806,0.37720413018387644,0.24743829296103423,0.2967514487921717,0.3337669642548757,0.45525120417343096,0.10172651894713883,6.231039994535638,0.16866123976020544,0.4399999999999977,0.4399999999999977,0.4418922217140398,0.1839999999999975,0.6640000000000015,0.9916680625708383,-0.07400717583234186,-0.1083464361604445,0.0086211358376615,-0.034731316268129475,1.3566367775334833,0.2756584368419447,97,64.968,65.632
0.05147357080462099,0.05599999407858474,0.3467105667644225,1.5227376678219757,0.3447267148207534,0.2722308308463727,0.24855910175591087,0.26533497098424474,0.8640817712255603,0.09632777443266857,5.874389072035584,0.17003778940701506,0.27199999999999136,0.27199999999999136,0.40733015657518395,0.16799999999999216,0.6559999999999917,0.9871350891236468,-0.06448918017474337,-0.11298004902855395,-0.0017673913087556698,-0.002047613411160579,11.87439568192936,0.22873622852259895,98,65.632,66.288
0.05415218433278399,0.055999954189102794,0.36156133737092344,1.3849769626553898,0.33189926409877496,0.2932618625339274,0.2468147353910406,0.2927449795654762,0.7106157376443575,0.08825171680473887,5.514733772466299,0.19612206548076544,0.40800000000000125,0.40800000000000125,0.4166454253358369,0.17600000000000193,0.6640000000000015,0.9896163471432502,-0.061411825046259215,-0.11403991969890136,-0.0008067938809484245,-0.005132841642760691,4.908191629956365,0.29912717062898647,99,66.288,66.952
0.054375262196148626,0.05599999164288539,0.3459102334493954,1.7551314228875037,0.4396663706758291,0.3576005833611522,0.2363741546023268,0.32084892581755303,0.8862707958060759,0.09722957759409645,6.1290204901141605,0.18968691380683167,0.24800000000000466,0.24800000000000466,0.4419352315324386,0.17600000000000193,0.6479999999999961,0.9892612227531091,-0.07463228891446161,-0.12116051998472699,-0.0017519044131509682,-0.004177698783192695,6.595194602636428,0.3382213812677388,100,66.952,67.6
0.06024393248350384,0.06399996341802329,0.3172010168985404,1.4549428186459608,0.2921705194753927,0.28404259535395665,0.2272732945561599,0.23232888746224858,0.7123180310686027,0.08280331434233676,4.346666612417444,0.2302182084855389,0.3680000000000092,0.3680000000000092,0.43256497181820874,0.16800000000000637,0.6480000000000103,0.9900093878256658,-0.06228451397457356,-0.11519416373394072,-0.0002887541347208734,-0.006296633254136071,3.709351414000846,0.3998077333903014,101,67.6,68.248
0.06108834459140943,0.0640000001386504,0.36418645853226095,1.218525796578411,0.33734651676317073,0.31119359409051356,0.24883852926895306,0.24698398430586738,0.8523513405080374,0.0876431613258856,5.886062979313086,0.17966156234625671,0.43200000000000216,0.43200000000000216,0.3448747090493692,0.17600000000000193,0.671999999999997,0.9864322606379445,-0.04878755603578601,-0.10096792071293681,-0.0042610518509908655,0.0069975770448289076,-2.797427511352272,0.3998077333903014,102,68.248,68.92
0.05152243620922935,0.055999993054314294,0.3607446302006474,1.284377255376104,0.254626663893838,0.2093857911447276,0.2233398824304847,0.3068186892266892,0.6049167935997335,0.08922570150191679,5.540788806977184,0.14133584185826711,0.23999999999999488,0.23999999999999488,0.35863183357424117,0.16799999999999216,0.6559999999999917,0.9866193593453617,-0.041998035484153845,-0.0979588326355283,-0.0003281831757284176,-0.004219154505924751,4.256350315691166,0.20235297708059943,103,68.92,69.576
0.08381556544328082,0.08000002117350405,0.029487252176984592,1.6096907686654829,0.38418382200789025,0.41802608013129827,0.12382448368156672,0.13050932630189704,1.840522347931567,0.0759677697303271,2.1890221791824023,0.10993560470759771,0.23200000000001353,0.23200000000001353,0.3900851209801011,0.17600000000000193,0.6560000000000059,0.9943875098526894,-0.014689755724878318,-0.06533020435476806,-0.002507188557048922,-0.027634126595979996,0.16189275289240113,0.20579639471154526,104,69.576,70.232
0.054615330978674353,0.055999991126698276,0.3535162896330307,1.2484779184735577,0.3025369750298481,0.2450550268500716,0.2590031186255333,0.27400484875743836,0.6663750599045555,0.09343980905600031,5.187546031997178,0.1635606654197951,0.4240000000000066,0.4240000000000066,0.36153529295027814,0.17600000000000193,0.671999999999997,0.9904953255738215,-0.05027592556110214,-0.10080639519159373,-0.00022053991215564757,-0.006563452662802018,3.8596430177918113,0.4105502487258522,105,70.232,70.904
0.04211010589888049,0.034832326432487036,0.6000000851967893,0.8670402892360459,0.3601050023484716,0.6789708732104976,0.37911951830671864,0.36738299887495424,2.624167257168888,0.09133523223047267,6.59376835397376,0.6164697722448366,0.5840000000000032,0.5840000000000032,0.5137389844265213,0.16800000000000637,1.9120000000000061,0.6550079891715852,-0.06608883124424263,-0.2352024692826143,-0.02137954436993716,0.24358805261734323,1.0823502632984534,0.36520776485824347,106,70.904,72.816
0.05278257336813393,0.055999995480372496,0.3539653294316328,0.9769773302789345,0.24378779766532618,0.22173222115704294,0.2617622838810881,0.2635382579973343,0.6548077699939151,0.10503230436080427,7.218952780123031,0.15679457591105336,0.30400000000000205,0.30400000000000205,0.23605888562206034,0.17600000000000193,0.6559999999999917,0.9895126274777376,-0.02491718039196008,-0.06601930910759737,-0.0009216359029040868,-0.0014889891080043316,11.706434692138357,0.3812372203741569,107,72.816,73.472
0.012349474482776911,0.20252205136441603,0.36516955734064194,2.3447998285519946,0.7666383040175152,0.11870847782940878,0.7679999999999594,0.2142612238001131,0.10800000000092924,0.3839999999999605,3.656387879629715,0.05048619143849357,0.38400000000000034,0.38400000000000034,0.38331915203514194,0.19200000000000728,0.6720000000000113,0.9880264788152215,0.06726268919666566,0.08559968882431655,0.1424796941491606,-0.20525451959558286,0.8378109834751366,0.4965819269386883,108,73.472,74.144
0.06916462919491682,0.07199999798637607,0.3579381249892733,1.2221975652132109,0.2934197827705089,0.26670471982132266,0.2465134957920219,0.2220890945143012,0.8548506331146323,0.0906820826380265,5.560569476228057,0.19148324475747086,0.40800000000000125,0.40800000000000125,0.3304053365529796,0.1839999999999975,0.6799999999999926,0.9878191909169737,-0.04555716295770609,-0.09656148253912099,-0.002820368532065909,0.002785083890787415,-7.384633795385755,0.4965819269386883,109,74.144,74.824
0.04574142418800712,0.04799999934705666,0.3600418907285596,1.1471525709246622,0.31404264328744985,0.2961211597364561,0.24218654320164118,0.31215949541034194,0.6558361616915079,0.08945708777491386,5.248949521943291,0.17060694200585597,0.4000000000000057,0.4000000000000057,0.3289038511031781,0.16800000000000637,0.6560000000000059,0.9850989101083222,-0.03982079124352452,-0.0932239486831502,-0.0020846103816116045,0.002645957062270661,-6.575541678550337,0.47311319315164646,110,74.824,75.48
0.06237516109412547,0.06399997419111568,0.3475434978781616,1.132282337707872,0.28515089684658756,0.28387457744549616,0.2348712718995798,0.29587113444703994,0.5978377014079523,0.0879476898311064,5.642366309766363,0.15926881067132473,0.43200000000000216,0.43200000000000216,0.31617990555847736,0.17600000000000193,0.6559999999999917,0.9856009663498135,-0.03671119823905478,-0.08678400360254167,-0.001072129940105174,-0.00124483781842696,13.695098190048503,0.2922757652516251,111,75.48,76.136
0.059860643082706895,0.06399998000747871,0.35688128900087235,1.4138021314094047,0.37063804518795485,0.3783626439222554,0.24144405824220785,0.2676164456422226,0.9063620571204135,0.09342186493262664,6.840403249713356,0.2055266892847336,0.28000000000000114,0.28000000000000114,0.3646011023081296,0.16800000000000637,0.6640000000000015,0.9871757059285892,-0.055238660454270595,-0.1061120899250098,-0.005108557955678009,0.00935734783965368,-1.9553213994298242,0.2922757652516251,112,76.136,76.8
0.06110595385705599,0.06399999495703777,0.3623636733348093,1.2707335488291855,0.32492119949476983,0.2411856556082976,0.2762758107985295,0.24731132240990478,0.7353900463022548,0.09382316680228295,5.535083210479114,0.15403648556676597,0.4159999999999968,0.4159999999999968,0.3758657149709161,0.1839999999999975,0.6880000000000024,0.9895654247510837,-0.058670815618666425,-0.10640266927972299,-0.00024566143807278117,-0.008220895071547047,3.7353759629451435,0.3890499588000122,113,76.8,77.488
0.04498324079576899,0.047999958430996664,0.33886781842209857,1.0381142479421237,0.2767522299277786,0.2361637470660361,0.25512572707662035,0.3083759878687119,0.5708453410642056,0.08830387940346562,5.209955387333644,0.14653782826522094,0.3760000000000048,0.3760000000000048,0.3211340854486408,0.16800000000000637,0.6640000000000015,0.9882378607498309,-0.03712829787093145,-0.08958969939481204,0.00031068713473208663,-0.007353881984973138,2.9738927672559923,0.32941679128391366,114,77.488,78.152
0.044716803860187476,0.04799997762189423,0.3402142140528484,1.2602056961428119,0.3312012737490749,0.31189537687213,0.24762863691106254,0.2524765779292923,0.8844183890706345,0.08900703333365145,6.524699538899245,0.18667969787896663,0.2560000000000002,0.2560000000000002,0.3516577109078838,0.1599999999999966,0.6479999999999961,0.9861248474970936,-0.05019093783929252,-0.10222638552513785,-0.004005002744174747,0.007962426273394838,-2.208670216348174,0.32941679128391366,115,78.152,78.8
0.052851637867375005,0.05599999418775309,0.3613894286642553,1.354945099996305,0.33705927914175865,0.26767862619730715,0.2618766962407645,0.2871892008340417,0.5791389085447919,0.09257344500104878,5.520444527158211,0.1355486848620378,0.40800000000000125,0.40800000000000125,0.4045720000484686,0.17600000000000193,0.6640000000000015,0.9873148406681401,-0.06086928777419138,-0.10920341864733221,0.00019184561806492948,-0.008984694857470278,3.099747548913462,0.23264259773552662,116,78.8,79.464
0.05466259876770895,0.055999991566143506,0.3783022442840017,1.3238813839913726,0.34100584035699916,0.25201633404552526,0.2728497255484854,0.2389869343341004,0.6629238111707343,0.091165764812561,4.944647274436708,0.17087718502932817,0.4399999999999977,0.4399999999999977,0.40521344912642177,0.17600000000000193,0.6560000000000059,0.9871757720990685,-0.06292643784657825,-0.10614733081536588,-0.00037318529428319937,-0.008572457258272053,3.633077366802409,0.34897915585802786,117,79.464,80.12
0.06093460431557158,0.06399998209613812,0.3574080330406175,1.6946015998606652,0.4412878432987376,0.4195036946466163,0.2566840199046889,0.2824296865523352,1.15816197477642,0.1042718768524919,10.382955444200984,0.23256858654798207,0.3439999999999941,0.3439999999999941,0.40250922732274863,0.1839999999999975,0.6799999999999926,0.98856771974116,-0.07475424437152577,-0.1194943624867053,-0.005399537598280879,0.004179386618235844,-6.750308104349201,0.34897915585802786,118,80.12,80.8
0.05419975326091812,0.05599995322995877,0.35419772314281384,1.2354874272357286,0.3060106717504333,0.2650969968685955,0.2540492701886799,0.28005734399588256,0.706795150274183,0.09085634403886443,5.528698439247861,0.18025322215542974,0.4000000000000057,0.4000000000000057,0.3667485540107845,0.17600000000000193,0.671999999999997,0.9881255780007833,-0.04973139775761134,-0.10213082454055336,-0.0008074558109032182,-0.0041760918432117945,5.693075782977559,0.39197973570970795,119,80.8,81.472
0.05232035161104846,0.05599995923916105,0.3287381672584511,1.2846155719354826,0.42138995779956173,0.3782030890182757,0.2584371703086632,0.24359210858453273,0.8451049622498937,0.0833895515122181,4.542373234845743,0.16623850763971487,0.4240000000000066,0.4240000000000066,0.386108364321724,0.17600000000000193,0.6640000000000015,0.9812175419173957,-0.06259856865053187,-0.11439700970153033,-0.005729326748487791,0.0092244492750454,-2.411453969084594,0.39197973570970795,120,81.472,82.136
0.04422038723362645,0.04799999651983941,0.3473088552037108,1.43747396100828,0.35176744349209726,0.30971865178777963,0.2515916666981244,0.25681712151785785,0.6903804569170896,0.08969243223031746,6.189684377040313,0.15686427839067554,0.26400000000001,0.26400000000001,0.4165211708324162,0.1600000000000108,0.6480000000000103,0.9863573971903693,-0.06650298509171111,-0.116685382641623,-0.0026378806795271013,0.000949277456794058,-24.639409893005542,0.18279061250648518,121,82.136,82.784
0.053480705287335076,0.05599999419899199,0.3634116497265255,1.5533321050523543,0.38936096842741963,0.3223498940430331,0.2615718150112935,0.2914776791949445,0.6019592939512105,0.09437362100004269,5.6331600740862084,0.14368881120326527,0.4159999999999968,0.4159999999999968,0.4509476378959581,0.17599999999998772,0.671999999999997,0.9889961428934406,-0.07811405564959928,-0.1251328828997457,-0.00046436356897161643,-0.007996344646008346,3.8989378541897746,0.18768883327738273,122,82.784,83.456
0.04460759076715063,0.040000000305278005,0.3449128318955198,1.0317394241193396,0.29645969507701103,0.1631367524506197,0.3326286709001533,0.23347576094094596,0.5806117845626172,0.08142974562347846,5.697680000417741,0.12858365575870834,0.2560000000000002,0.2560000000000002,0.3950310871927742,0.1599999999999966,0.6559999999999917,0.9779242133395074,-0.05908009162315028,-0.09730154986597811,0.003580333992843934,-0.018900916770365768,1.9284895116185774,0.3900265511032441,123,83.456,84.112
0.06013048513151802,0.06399995289740322,0.35577701904588194,1.5250751757703613,0.37821161506871054,0.35231321858636205,0.2454802111604566,0.2908190375892421,0.6752018780744341,0.09177629181970073,5.770803891780059,0.16312554611448757,0.416000000000011,0.416000000000011,0.4306447421583246,0.17600000000000193,0.6800000000000068,0.987575053969637,-0.06982115830247729,-0.12282590702038738,-0.002048974250373649,-0.0017465197236292453,14.602714577266362,0.3763389996032593,124,84.112,84.792
0.05337639968072802,0.05599999736057568,0.34599640078851995,1.2630218225344612,0.3445735773221299,0.29968554838237677,0.24697510691225308,0.2835886705757241,0.6552427204175677,0.0832778639880464,5.227669215270967,0.15555437885266674,0.3919999999999959,0.3919999999999959,0.39385503270904637,0.16799999999999216,0.6559999999999917,0.9876279028090443,-0.0554142544518459,-0.10803770331438564,-0.0012829618710520148,-0.002967077875771766,7.823707070363459,0.402737510299997,125,84.792,85.448
0.06123259674398842,0.06399992776450363,0.6744453841869561,2.8249453345600934,0.07629203258026424,0.06498921680589086,0.14885422533205564,0.15290310594494835,0.3697274510701599,0.09301502878844595,1.1583169822350634,0.5694953508086567,0.2400000000000091,0.2400000000000091,0.47082182794676497,0.1840000000000117,0.6720000000000113,0.9732654070407872,-0.05007093400491976,-0.12249417253590347,0.00020259995968792882,-0.0047294371615427344,2.0638329770768538,0.14564958647419662,126,85.448,86.12
0.039103000743720674,0.03999995868496537,0.3498571326700877,1.561718606144708,0.38798772574127544,0.3078440548179543,0.2679267177070382,0.27292712093757293,0.5970090322601398,0.09112869882312752,5.935461945470121,0.14931934199935903,0.28000000000000114,0.28000000000000114,0.4808142433981091,0.1599999999999966,0.6479999999999961,0.985712998854507,-0.08635904889143851,-0.1301366434072974,-2.7999489731696887e-05,-0.00865394809637369,3.7487291630900814,0.11925107577745903,127,86.12,86.768
0.05320740489861518,0.05599994929254598,0.3624023337944471,1.6463821204784028,0.4119133262865204,0.34523384079579333,0.2615473602316544,0.29483219543657363,0.547366104968166,0.0922453152920232,5.506966435044415,0.1403601140430215,0.4239999999999924,0.4239999999999924,0.49250944222482596,0.17600000000000193,0.6640000000000015,0.9894172691409382,-0.09012919481962328,-0.13293809145646712,0.0002897215626941708,-0.010890091838516813,3.0742476995247174,0.15933713797418134,128,86.768,87.432
0.059743110494042774,0.06399999941983511,0.36301586792285395,1.6224449718847405,0.4242589388515658,0.34184221505380363,0.2253499441709487,0.2366292870374052,0.8307007411206286,0.08310084224450226,5.6140743451565305,0.06950974677368475,0.367999999999995,0.367999999999995,0.4417264892901952,0.16799999999999216,0.671999999999997,0.9861868105659171,-0.0774833910145855,-0.13539131758955936,-0.006367138247917644,0.008691196333195263,-2.5254412153970143,0.15933713797418134,129,87.432,88.104
0.05274730569379024,0.055999987761801436,0.3494193703299047,1.490656963780391,0.3730759435430041,0.3011426097495397,0.24758310005605735,0.30131307938847207,0.7158822395549329,0.09058665121215986,5.4255215867248925,0.15127533348659325,0.4159999999999968,0.4159999999999968,0.4357462077443483,0.16800000000000637,0.671999999999997,0.9875352486337243,-0.06937848010579045,-0.12288505616623972,-0.0009416885397660562,-0.005045028472108525,5.325385744170492,0.3968779564806054,130,88.104,88.776
0.04732663789174806,0.04799996360185791,0.35427463912625745,1.3204252030630637,0.37288825658200236,0.31446537377729117,0.2585725692562848,0.3250159239499836,0.5797587013252409,0.08871469156518881,5.451209835352678,0.13630271130187407,0.4000000000000057,0.4000000000000057,0.40861009272796706,0.16800000000000637,0.6640000000000015,0.9869309425105279,-0.060914475997931865,-0.11301489115245561,-0.000553455224220229,-0.0058753613780479635,4.456248841259219,0.3714560380870998,131,88.776,89.44
0.04505987129142377,0.04799992552580094,0.2908911769696867,1.7309844590047145,0.28014644542169775,0.291248476258787,0.20585892891159374,0.32315821676104395,0.9551941641119307,0.09549076311930782,4.784561606373045,0.3402181613264887,0.24800000000000466,0.24800000000000466,0.41635286477373035,0.16800000000000637,0.6560000000000059,0.9812085548970572,-0.05490953151892087,-0.11652107942726084,0.0006941652387308453,-0.008763727219966521,2.509199125835411,0.1348918118839076,132,89.44,90.096
0.05332303695485399,0.05599998666189267,0.3529015311534626,1.6986959411481086,0.4812650124043484,0.4546000071703637,0.2536961565421536,0.2971929635773019,0.9063601431057217,0.09500406891101573,5.662377852383556,0.22430267011716346,0.3359999999999985,0.3359999999999985,0.45548431765164504,0.17600000000000193,0.6560000000000059,0.9903912739235454,-0.0853528993391724,-0.12817859237126586,-0.004920902935340766,0.0025997384867068657,-10.847986982549333,0.15053254799035615,134,90.752,91.408
0.06221113627510811,0.0639999989513408,0.44005651508021953,1.3633466788965354,0.3205051193099881,0.28572252591447694,0.23786564817703532,0.3853455964001974,0.3737229634864492,0.08127970592939975,6.352332581472334,0.09273153107597731,0.48799999999999955,0.48799999999999955,0.46445545127219856,0.1839999999999975,0.6880000000000024,0.979790751302788,-0.06371037401047668,-0.1230516742501016,-0.0009874308202058406,-0.004184064906583202,5.148352204199035,0.3558153019806513,135,91.408,92.096
0.04663793635445251,0.047999997248760626,0.35209565549872346,1.0872727140133003,0.287986486625398,0.21740824440182716,0.26109352196691304,0.2896512195650685,0.6593413461361594,0.08651930919698464,5.182911461213589,0.14356112354443615,0.38400000000000034,0.38400000000000034,0.3471736174678678,0.16799999999999216,0.6640000000000015,0.9863923291826068,-0.04365071169103924,-0.09590936763901502,-0.00010697323759261963,-0.006060720643793246,3.8169158872840567,0.3352916043580431,136,92.096,92.76
0.050473608062734085,0.055999997537721176,0.3318770656698573,1.2027168270477004,0.3239112540872397,0.23128099724534223,0.29425500599822263,0.2746034590864414,0.5551831923611753,0.09286998550031599,5.461763903710127,0.16852218077338824,0.4159999999999968,0.4159999999999968,0.38127934987028256,0.17600000000000193,0.6559999999999917,0.9916920391578199,-0.05720947697960809,-0.09756423940710399,0.0042480560311749,-0.022425009242091534,1.6130675173662377,0.30108035523545024,137,92.76,93.416
0.04474398797987291,0.047999974991304074,0.34834138206355475,1.519921220052949,0.4082514447540408,0.3442489357453446,0.2612287149831564,0.31906398711816364,0.5224302793991603,0.10482622206490444,8.668913661184314,0.12114767355176186,0.2560000000000002,0.2560000000000002,0.3753591600569667,0.16800000000000637,0.6400000000000006,0.9842307069861761,-0.05965082941998005,-0.1013137485230441,0.00097841422709699,-0.01221570617547122,2.538145539414013,0.20038453321939753,138,93.416,94.056
0.06059074352708664,0.06399991990020594,0.37073644942871864,1.5594434772127015,0.41033365301290686,0.30728453109266884,0.2780163778816081,0.26495894406186615,0.6170461857063803,0.09156030865563888,5.684983978671681,0.14042445806133438,0.4159999999999968,0.4159999999999968,0.4812638212375354,0.1839999999999975,0.671999999999997,0.9886151522169198,-0.0906271254145705,-0.12800351278644673,0.0008402632981978225,-0.013732122682048405,2.7638773069620073,0.22873622852259895,139,94.056,94.728
0.05291016465983909,0.055999979870177234,0.3540710645791528,1.9593950389535109,0.41413778522447514,0.3944602158029883,0.2097057936116262,0.32774732977617116,0.8058617037202452,0.09680658129947657,5.433784885897584,0.17569994764973856,0.24800000000000466,0.24800000000000466,0.4438754033746066,0.16800000000000637,0.6640000000000015,0.9893367340547281,-0.0716789375083239,-0.13105658567798334,-0.004780088490933375,0.010208176763930222,-1.6304457871039584,0.22873622852259895,140,94.728,95.392
0.05313260677443331,0.05599999927463516,0.35619299390555076,1.4996358208301992,0.3715496162627793,0.3062398791708008,0.26270432297626556,0.25560722816705483,0.6385869151497089,0.08844647397639112,5.413349198423584,0.17018900273882828,0.4240000000000066,0.4240000000000066,0.4605800303965169,0.16800000000000637,0.671999999999997,0.9872093397893545,-0.08127834486224048,-0.12947351252110292,-5.5430715557210276e-05,-0.009520054629445957,3.5522125340493447,0.33529160435804306,141,95.392,96.064
0.05250843557107006,0.0559999962517682,0.3475164358655824,1.196673461576,0.3428312576239557,0.39049320025811735,0.24341601803607335,0.2619092279259689,0.8174050369868089,0.08483455869061421,5.282303459870901,0.23479649367578365,0.44000000000001194,0.44000000000001194,0.3457099548468696,0.16800000000000637,0.6560000000000059,0.9888835209458915,-0.04717285530949295,-0.10031291280605359,-0.00441830451656246,0.009223385755858146,-1.814956905429241,0.33529160435804306,142,96.064,96.72
0.0518668225472509,0.05599999488227554,0.3444606315840976,1.4852847905180766,0.3692113046953965,0.33119289576970873,0.22742128763934583,0.3216349521180795,0.81968842149009,0.0970733671621676,4.849767098449859,0.1869675778640889,0.24800000000000466,0.24800000000000466,0.3577836148941052,0.16800000000000637,0.6560000000000059,0.9883723893135824,-0.04982585004013245,-0.10373431713095235,-0.0026345440568549166,0.0033871552357816566,-5.400301916749834,0.3743858149967956,143,96.72,97.376
0.05184878221813869,0.055999999954550975,0.34835437933724644,1.5569289181539123,0.36949527504535284,0.42998570332938735,0.2515414697465137,0.2503099700699125,0.6289637665437234,0.09925484684717649,6.407640501309227,0.2088609845976536,0.29599999999999227,0.29599999999999227,0.3910085772940633,0.16799999999999216,0.6640000000000015,0.9888600915676508,-0.06604244816327919,-0.11457356158108754,-0.003318334412729318,0.001598104876527403,-15.942825099555582,0.28348643452253797,144,97.376,98.04
0.052285113450893796,0.05599999899793524,0.3528845849405046,1.4330012481751333,0.3336530409995736,0.29181767560253946,0.23661878923026475,0.30974062374946454,0.5864494918188139,0.08666059034090584,5.42971389932263,0.14521210989405262,0.4239999999999924,0.4239999999999924,0.4270608801721438,0.16799999999999216,0.6559999999999917,0.992222665956526,-0.06196977102804384,-0.11618508676275403,-0.0006368768278334166,-0.004883245551646592,4.624635795431779,0.2756584368419446,145,98.04,98.696
0.05225788332126633,0.055999988081613335,0.35452843525790234,1.5725261242960935,0.3891795239055538,0.30391108597148114,0.26277807627726174,0.2915507374599031,0.5888670273325347,0.09306123699298693,5.533475033352687,0.13974999991191514,0.3760000000000048,0.3760000000000048,0.464601647544436,0.17600000000000193,0.6640000000000015,0.9889698458082293,-0.08187770876490674,-0.12648909549248097,0.0010562356257249655,-0.012754788859153415,2.615962737000648,0.3421277504806665,146,98.696,99.36
0.05359198813697837,0.055999956868344164,0.3548352617865508,1.404923948459609,0.3736244831002832,0.2719068100908639,0.25375468635919257,0.268094183333408,0.48107120748727006,0.08876608872815452,5.734099065591734,0.13292949589329014,0.4000000000000057,0.4000000000000057,0.41219598149879316,0.16800000000000637,0.6080000000000041,0.9881549463398047,-0.06064874868667421,-0.09750462129398436,0.0027355643264450305,-0.017807610964721613,1.7852457583151053,0.33039338358714554,147,99.36,99.968
0.04403150463569309,0.04799998899092439,0.32880509097595984,1.3424624241146539,0.37827669447735585,0.46869399716009535,0.3029325521701774,0.2508485001353197,0.4548387693227948,0.10154024100143537,5.384976969731903,0.13058290072873,0.3439999999999941,0.3439999999999941,0.37435673307341816,0.16799999999999216,0.5919999999999987,0.9633386443492673,-0.056155473834728964,-0.07776445121604639,-0.005299191498548117,0.012847850361053357,-0.9076019504610093,0.33039338358714554,148,99.968,100.56
0.04437494573532459,0.04799999887619862,0.34626213862826233,2.2635376217957295,0.45439509489339375,0.4057026029072228,0.23078100850335825,0.35428749988287556,0.7072127031269442,0.10791901045842493,6.083091292701766,0.17993079759759673,0.23199999999999932,0.23199999999999932,0.5042537924463304,0.16799999999999216,0.671999999999997,0.9911763176591611,-0.09811819366010041,-0.14871867773020736,-0.001411363138940025,-0.004402944171085816,6.694396622255723,0.23851741080965602,149,100.56,101.232
0.05326729269155177,0.055999996511835355,0.3619894885336713,1.6048655150590556,0.4463800942549595,0.38782808782161293,0.2610364223361709,0.2813183425474434,0.8673790492510584,0.09699861434506328,7.149912459496805,0.184826395118019,0.32800000000000296,0.32800000000000296,0.4338363978841696,0.17600000000000193,0.6560000000000059,0.987112502557897,-0.07752165892457345,-0.1194630082731914,-0.004428278539715676,0.0014338700210982844,-19.878655979262334,0.23851741080965602,150,101.232,101.888
0.0542934201584553,0.05599998372957195,0.3688829757050522,1.3631567014854167,0.3608003540944113,0.27520186998534246,0.27970638554702487,0.30520771344242775,0.5517453801647828,0.09245661602563844,5.662293964597881,0.14248774677309467,0.40800000000000125,0.40800000000000125,0.43383834199240606,0.17599999999998772,0.6799999999999926,0.9886338557746713,-0.07050228435503458,-0.11677150254607979,0.002067051880539416,-0.015923002199371924,2.211330282516345,0.34505752739036233,151,101.888,102.568
0.04597907411601468,0.0479999618908938,0.3303555788590992,1.2810167349672543,0.36568884959421416,0.2842415840795876,0.27936808925300904,0.24955252515402562,0.6734172257250783,0.09151440169441016,7.950550245319371,0.11136189994486512,0.35999999999999943,0.35999999999999943,0.3760905025626456,0.16800000000000637,0.6560000000000059,0.9883629692668068,-0.0618415864032924,-0.10690229115316797,9.6598122517374e-05,-0.008963849270783992,3.4732665421578908,0.35386211737418755,152,102.568,103.224
0.050864686858796894,0.05599997002364208,0.3445337676888778,1.282828509286002,0.3715629128680334,0.34800469962365715,0.23985797968494735,0.2542819791350755,0.826665204852627,0.07670243884825703,5.802998496855306,0.15729108259843125,0.27199999999999136,0.27199999999999136,0.40993658027625274,0.16799999999999216,0.6479999999999961,0.9764987141720691,-0.060576901093012225,-0.11523168380205548,-0.005427594943664337,0.011752147309421743,-1.3702437369086045,0.35386211737418755,153,103.224,103.872
0.051842750874560466,0.0559999789850206,0.363459960738071,1.5692616423470394,0.40067505401902764,0.33289088043153997,0.2643078013130488,0.3030411667948865,0.5471698086103319,0.09040117033669055,5.728438151253978,0.15174873604299857,0.4159999999999968,0.4159999999999968,0.48506313715645816,0.17600000000000193,0.6640000000000015,0.9896855453921709,-0.08630365852185093,-0.13056528020024802,0.0012860390295922103,-0.013768913081048467,2.514210480807272,0.18083742790002136,154,103.872,104.536
0.051303979514322556,0.05599998368876588,0.346539443570926,1.9136982447685307,0.47180671776640565,0.49885562487435064,0.24152824406055357,0.25972709112163833,0.7680806133976039,0.09769892806049842,6.327571440176852,0.19546923349657433,0.2560000000000002,0.2560000000000002,0.4635312289899814,0.16799999999999216,0.6559999999999917,0.9884095451625423,-0.09351726205986392,-0.1377500732394677,-0.007825124868946666,0.010857961896278835,-2.2443034618845505,0.18083742790002136,155,104.536,105.192
0.05404128936490625,0.0559999300236604,0.32251863673325304,1.4387972085767393,0.38689692033980144,0.3615937396342348,0.25993100499444344,0.3135239773015741,0.6799624147849451,0.08923486460145146,6.490452719974256,0.18200789651516053,0.2960000000000065,0.2960000000000065,0.4473827165307168,0.17600000000000193,0.6720000000000113,0.9858472497469148,-0.07235541651693,-0.12225672299184709,0.0004734032197622262,-0.009869226515215577,3.017487977160643,0.33724478896450705,156,105.192,105.864
0.05159233654721612,0.05599995342896093,0.3613547721854512,1.4119752259244163,0.3474294040747884,0.3257176155751764,0.24882591517082425,0.28485865968462365,0.5792001419043641,0.08829232574385838,5.611497784847604,0.1663881450277687,0.4239999999999924,0.4239999999999924,0.42107577900958254,0.16799999999999216,0.6559999999999917,0.9895624287541216,-0.06438890965636174,-0.11522838722137184,-0.0011163610447265265,-0.004439407060984336,5.659198961204703,0.2727286599322489,157,105.864,106.52
0.0511789646154053,0.05599999910979099,0.3529943188577801,1.4699575075066365,0.33887732721624525,0.27516050262559805,0.2446563234868951,0.2599243088470779,0.733745340709264,0.09047426355911635,5.7623601530751705,0.1488105962122684,0.26400000000001,0.26400000000001,0.41491121583404783,0.16800000000000637,0.6560000000000059,0.9873502999184449,-0.06498111512448179,-0.11628665097386866,-0.0019425349203645186,-0.0012717858759523448,18.544758273274663,0.25025177770317697,158,106.52,107.176
0.047259787349540824,0.047999994136668236,0.36057836352052086,1.7238621000005068,0.5048582345140445,0.43393464721426744,0.2628023032131381,0.3712312144841415,0.903052625802956,0.10688390124660102,7.373552121163542,0.21975065302718177,0.3119999999999976,0.3119999999999976,0.426290646572491,0.17600000000000193,0.6559999999999917,0.9896171792598865,-0.0763623388486905,-0.11694985853420314,-0.0020799889222768474,-0.004751010362529393,6.66443678799543,0.27370525223548087,159,107.176,107.832
0.05887407335655751,0.06399991650178631,0.3629282374790787,1.4148365976046016,0.3582564692233571,0.2977398797942786,0.26351312186528036,0.28371117628474957,0.6192563206088115,0.09004600040251907,5.6988334898977495,0.15729176565107847,0.4480000000000075,0.4480000000000075,0.4280745130590647,0.1840000000000117,0.6720000000000113,0.990981457956541,-0.07016975905515166,-0.11743429076103536,0.0001994037520762803,-0.010028505350512083,3.0245234183132457,0.3255104220709862,160,107.832,108.504
0.05266214579155785,0.05599996330102697,0.37017183443650087,1.2245351280161128,0.37343066542857856,0.2866347491242604,0.2861045183312071,0.31113421501025235,0.506288649777012,0.09006136359018768,5.593595305357085,0.12050680773658012,0.4399999999999977,0.4399999999999977,0.39321788168984134,0.16799999999999216,0.6640000000000015,0.9870150516213477,-0.060030616976480065,-0.10379539065552819,0.0015456361521580958,-0.014340582360696604,2.269846622297815,0.3127994628742332,161,108.504,109.168
0.046436394616436186,0.047999996620053345,0.34138036466018956,2.045262662403502,0.4041481314311042,0.3500615612949733,0.23264016223506434,0.27096463281746086,1.1193516662627996,0.11498909024339939,4.799828483676621,0.23173771300524737,0.2560000000000002,0.2560000000000002,0.3877907744102985,0.16799999999999216,0.6559999999999917,0.9908088960595005,-0.06831379834081155,-0.11619197567218073,-0.004665190504786868,0.005963214452938206,-3.9272654160999716,0.3127994628742332,162,109.168,109.824
0.06275732673575508,0.06399999483952948,0.3870030297642821,1.5250704310267964,0.4037525448467142,0.297857561603047,0.26843255067062666,0.2987590787181428,0.7914117730712182,0.09628748716956766,5.893500036921802,0.17071095263705932,0.4240000000000066,0.4240000000000066,0.43845225530870824,0.1840000000000117,0.6720000000000113,0.9889538658753839,-0.07509079656752968,-0.11638519665705067,-0.000692983352388937,-0.00898382391610234,3.653775866945983,0.271752067629017,164,110.472,111.144
0.05268687501108957,0.05599999695511043,0.3632000553690218,2.0660488294148127,0.47622186380087334,0.4377427023598835,0.2552215781249208,0.2743101284420355,1.0136515054613948,0.11158236006797696,10.642172670612203,0.21328064671327868,0.2639999999999958,0.2639999999999958,0.44835586891690576,0.17599999999998772,0.6640000000000015,0.9904804437543521,-0.09432930932110234,-0.13036582187796308,-0.005935250405066096,0.002565487175476621,-12.55510162816927,0.271752067629017,165,111.144,111.808
0.054103090457967684,0.0559999959271589,0.36923819764255966,1.5101806494976282,0.3162705686420529,0.2527243519876218,0.22575475397195835,0.3274697449366117,0.7516258080230878,0.09321252671330249,4.761829007855508,0.18334668739439572,0.24799999999999045,0.24799999999999045,0.4041092507302909,0.17599999999998772,0.6639999999999873,0.9890824509570454,-0.05514461916579374,-0.11165220157313692,-0.0008191173633964975,-0.003723615665836548,5.734924513608433,0.34800256355479586,166,111.808,112.472
0.05119981259453461,0.055999989962801804,0.3648609006445087,1.5619403801910343,0.3491667652979779,0.2668243569971969,0.24676924425913355,0.25933429019573445,0.8459119335211834,0.09837486168091739,6.132260623405381,0.15933182602189438,0.2880000000000109,0.2880000000000109,0.39981522351969007,0.16800000000000637,0.6560000000000059,0.9889924655079136,-0.06433818617121749,-0.11274776230284458,-0.002308824709692532,-0.0012156139050230742,20.605894728422,0.2727286599322489,167,112.472,113.128
0.05214039856193687,0.05599998116262372,0.3719708668675864,1.5460505447301298,0.38179669362147817,0.2861667704716198,0.2695920282457037,0.2856346305324664,0.5463875186319159,0.09896804169695862,5.919997113585468,0.13997006102470416,0.3359999999999985,0.3359999999999985,0.4277107958076421,0.17600000000000193,0.6640000000000015,0.9906328024308646,-0.07475058280677366,-0.11707101582929674,0.0019946545638198543,-0.01597268648052281,2.2818226813915503,0.25318155461287273,168,113.128,113.792
0.05137410594272239,0.055999997635066676,0.37699460939812324,1.6762493194861743,0.3206290341451549,0.227081140145247,0.24608723082331044,0.2325044720760759,0.6543463040782562,0.09806832045481723,5.212302415315711,0.1369678893318889,0.27199999999999136,0.27199999999999136,0.43720459787100246,0.17600000000000193,0.6559999999999917,0.9888884350598368,-0.0740894153388336,-0.12121267537752464,-0.0010728956396718762,-0.005431105216971615,5.096360650506638,0.260994293038728,169,113.792,114.448
0.05869578591614422,0.06399998522582295,0.3842638895379355,1.4431867221933448,0.377200259862059,0.3098597320193256,0.275003493491909,0.26090061395921715,0.7162491827215689,0.09329114817137334,5.870685311008235,0.17891549808027943,0.40800000000000125,0.40800000000000125,0.4276699175463108,0.17600000000000193,0.6720000000000113,0.9903316960061466,-0.07433872232924228,-0.1168673566746392,-0.0015383516005557439,-0.0063140984864769574,5.021565667119507,0.28348643452253786,170,114.448,115.12
0.04661464516269907,0.04799994736547845,0.3843173269881463,1.3628128163177073,0.37118993109007875,0.25608020099312157,0.2906530204723965,0.3113614789468552,0.5073712120966214,0.09327901076555847,5.832072580589486,0.14442412564557586,0.40800000000000125,0.40800000000000125,0.4384387410865007,0.17600000000000193,0.6640000000000015,0.9897565290879143,-0.07317859292893802,-0.11483315516731477,0.0035874750316014425,-0.020226750026441653,1.9094392595937777,0.29813531907101654,171,115.12,115.784
0.05277803711409499,0.05599995347850872,0.37311099179145074,1.4485375768586988,0.3404398346280396,0.2446927407292622,0.2675254122275969,0.286860884607666,0.5232230557189183,0.09238166559143789,4.785020932511537,0.14953130715690027,0.2799999999999869,0.2799999999999869,0.4460518591018698,0.17599999999998772,0.6639999999999873,0.9882971160766394,-0.0724858918522766,-0.11782388490796042,0.0023683407815214387,-0.016775979340503233,2.0284947214549947,0.3225806451612903,172,115.784,116.448
0.051610963849774164,0.055999938708967564,0.38530727664599973,1.3961430658460705,0.3623945904372208,0.2850581083482519,0.27263183807417124,0.3040604404358685,0.5187957588736783,0.09277789034421177,6.019159756537641,0.14916015585029924,0.43200000000000216,0.43200000000000216,0.4293782823188222,0.17600000000000193,0.6640000000000015,0.988443592924029,-0.06922229120908271,-0.11421046592871759,0.0016148364840341673,-0.014749254067432637,2.285106472407255,0.27858821375164045,173,116.448,117.112
0.045636863970765426,0.047999952718185704,0.3801328483335051,1.4841142806824572,0.3787231729511037,0.2937958042924341,0.2737901728247217,0.31766003056262393,0.5618632651585482,0.09679062422930783,5.270878498808913,0.1593678861795644,0.3440000000000083,0.3440000000000083,0.4388071112555827,0.17600000000000193,0.6640000000000015,0.9903014579223274,-0.07440118479085607,-0.11914829664282649,0.000939266534965109,-0.01209303220348703,2.7110928428453795,0.26001770073549607,174,117.112,117.776
0.044371072045715006,0.04799999797163829,0.37056052044272647,1.6235145607438146,0.39535675186042596,0.31656940832589475,0.2612336205693254,0.3132053116006796,0.7226415020120701,0.09990498300331918,6.922211615650327,0.1803336673962415,0.27200000000000557,0.27200000000000557,0.4435316624091196,0.16800000000000637,0.6560000000000059,0.9900105761425607,-0.07659162276455315,-0.1213771792122021,-0.00038483351532896863,-0.008298709151672173,3.748861524833013,0.2512283700064089,175,117.776,118.432
0.05062478248711557,0.055999998033942934,0.37648285959422656,1.7232814638481129,0.359107681840422,0.2796443917450457,0.2508084172641037,0.2722878592163614,0.5907277236567892,0.10095967744573964,5.256266451753946,0.15840319241757722,0.3199999999999932,0.3199999999999932,0.4474108617582568,0.17600000000000193,0.6559999999999917,0.9901648732745303,-0.07715145356656616,-0.1216559375259733,0.00019740167508065185,-0.010205647912385584,3.050829199644458,0.2600177007354961,176,118.432,119.088
0.05893141692687803,0.06399999197013163,0.38481752070000524,1.4780856132447697,0.3873916315579372,0.2778007292785366,0.2848207330443191,0.2793039482678392,0.6037851724032512,0.0938055417936994,5.920451332515506,0.15502966461690657,0.416000000000011,0.416000000000011,0.452883230800935,0.1840000000000117,0.6720000000000113,0.9897634837544111,-0.08178767460796559,-0.1196653040638467,0.0023489870726415897,-0.017926161803037986,2.184825272908267,0.28934598834192937,177,119.088,119.76
0.052374842250247085,0.05599998690114292,0.3781249164400853,1.4975363414289597,0.4017251124487041,0.2565178355997077,0.28971586555502093,0.3135442345497992,0.525258290682364,0.09602987107926729,5.889688622931664,0.139575071098353,0.38400000000000034,0.38400000000000034,0.4676845151133118,0.17600000000000193,0.6640000000000015,0.9899395698697748,-0.08312476799606125,-0.11906523476669535,0.005697216003749515,-0.026498145777301908,1.647301206590399,0.33236182744834747,178,119.76,120.424
0.052909615410040786,0.05599990619022891,0.363846446434211,1.752241300632628,0.4966460801469833,0.3349337402110268,0.28368119540408676,0.3063459244468153,1.3928159771815287,0.10649558746532878,10.302696504476778,0.19985514241286337,0.32799999999998875,0.32799999999998875,0.4491252993606391,0.17599999999998772,0.6639999999999873,0.9916785163999913,-0.09190647693476524,-0.12221044945051682,-0.0002983405369145606,-0.01223863231705236,3.388364696910413,0.33138523514511553,179,120.424,121.088
0.05152598396164309,0.05599999840080829,0.362901892992243,1.79799924152284,0.45655626343636724,0.3820523596589107,0.24921148227903306,0.32832832541971524,0.9640180231481457,0.10498854641934731,7.039235861509907,0.21065333028136407,0.2560000000000002,0.2560000000000002,0.42601473385104544,0.17600000000000193,0.6560000000000059,0.9895680060559117,-0.07648351257449687,-0.1197313486001682,-0.002425753293075949,-0.003595397762979189,8.230963400212406,0.27175206762901694,180,121.088,121.744
0.046616982003516605,0.047999998104927916,0.3868187358047295,1.5742570583716968,0.38307137680808895,0.28610163777234815,0.27464799821559516,0.29923574928058044,0.5786974920195227,0.10491726836688291,5.152058502512434,0.16583986784160654,0.2960000000000065,0.2960000000000065,0.42007743913483414,0.1839999999999975,0.6640000000000015,0.9920295721189889,-0.0729576482729803,-0.11448615759320105,0.0012138851508278704,-0.013349521733351745,2.649708622245137,0.24828333384197515,181,121.744,122.408
0.051380315632714675,0.055999993380531445,0.3689405690854866,1.7849314035066555,0.45199532174029927,0.34420380835323494,0.2732661251679127,0.28125094915074106,1.0791155049311603,0.10872825145888364,7.539611122966276,0.21496390430190976,0.3359999999999985,0.3359999999999985,0.42948804546313674,0.17600000000000193,0.6640000000000015,0.9923679014271582,-0.08585984178201801,-0.12086502461826855,-0.0014766420924634677,-0.00846484429790578,4.436621075657991,0.26001770073549607,182,122.408,123.072
0.05123155924804221,0.055999997782282776,0.3707239796482426,1.8137792742105114,0.3435571532368327,0.28050217542313666,0.2471767575016853,0.23087675072773847,0.6375120718707655,0.10528489299883649,5.156607737701929,0.17274476211299383,0.27199999999999136,0.27199999999999136,0.4262695474166769,0.17600000000000193,0.6559999999999917,0.9887203950881505,-0.07604197655079382,-0.1199717058252748,-0.0012771307856879292,-0.005709107335656169,5.216338376179349,0.260994293038728,183,123.072,123.728
0.05932395244932422,0.06399997693198137,0.38838580380527643,1.669836089766556,0.41156112558107955,0.28429366022620733,0.28622834092971444,0.2800990130831725,0.6500442641262466,0.10553889277416213,6.447045995182254,0.17749077265897475,0.3120000000000118,0.3120000000000118,0.462979961953863,0.20000000000000284,0.6720000000000113,0.9889723605142872,-0.08621710969630104,-0.11749214915911986,0.0043882426177445115,-0.0237112738053093,1.9149744919698404,0.31377605517746526,184,123.728,124.4
0.0529909273868049,0.05599992686307591,0.38786991431893064,1.4285052032423327,0.3798293334425044,0.2821906711499406,0.28379030254896304,0.3070617324118466,0.4831460613774945,0.09323278662618603,6.073414153929864,0.1500169855434467,0.4479999999999933,0.4479999999999933,0.45136494128501076,0.1839999999999975,0.6639999999999873,0.989415168303757,-0.07658164161963506,-0.11654011387685961,0.0039289896203273025,-0.02181994629638923,1.821029717644407,0.324533829767754,185,124.4,125.064
0.05372524855802881,0.05599995308694404,0.3887310884642298,1.6566945860068314,0.3269561618420441,0.24249552390156007,0.2382426250629878,0.2988735499531487,0.4927744522609731,0.10168323129897985,3.9560297939074793,0.13941775526908,0.27200000000000557,0.27200000000000557,0.41656787676820595,0.1840000000000117,0.6560000000000059,0.9876829791115453,-0.06256962105603261,-0.11135495741224799,0.0005098086890616047,-0.010167263550785711,2.6587128496832446,0.2805413983581042,186,125.064,125.72
0.05398283354456165,0.05599999178006822,0.38783493802297353,1.4959375494046983,0.39796552256367573,0.30557659146362126,0.2741434027993811,0.3034604876389568,0.5613010959365253,0.094853858549947,5.997015379326659,0.1507499633444928,0.4159999999999968,0.4159999999999968,0.45088237905454764,0.1839999999999975,0.6640000000000015,0.9861585207517878,-0.07711062327138603,-0.1184035177787939,0.001152797184264688,-0.01391956585930459,2.5563036516137227,0.2404705954161199,187,125.72,126.384
0.05285954146556526,0.05599999075361465,0.3849890404380064,1.5241497168998956,0.4283013335205076,0.304908035391483,0.28970896032149623,0.317333319025321,0.7031478500428306,0.09965981120913299,8.86693197412391,0.1675504551521017,0.35200000000000387,0.35200000000000387,0.4437962911003738,0.1839999999999975,0.6640000000000015,0.9903383537927545,-0.08099229284022717,-0.11589169615848141,0.0027201419519452125,-0.018858969895217476,2.1697454834057455,0.23949400311288793,188,126.384,127.048
0.05220030113620911,0.05599994717272685,0.3871494462693878,1.3905600568172127,0.38204688548996896,0.24807579998320547,0.2955484605688532,0.3059468994214489,0.5303485100021164,0.09636878853575404,6.0431284482470025,0.14072236419120254,0.3919999999999959,0.3919999999999959,0.4349380941807069,0.17600000000000193,0.6640000000000015,0.9886210725414791,-0.07350096240470169,-0.11048096856231876,0.0044665462147958435,-0.023294006354777352,1.7579624546985102,0.2629474776451919,189,127.048,127.712
0.05318747771506708,0.05599999075008528,0.3744729760458322,1.5552829533059163,0.375590330045076,0.23546030335049467,0.27615424913829845,0.35328321532206397,0.5631227967699131,0.10426724093499813,5.684518853175839,0.1694572680722367,0.30399999999998784,0.30399999999998784,0.44126529384054997,0.1839999999999975,0.6640000000000015,0.9909222528428372,-0.0717730276330544,-0.11065361156556928,0.005698224374353237,-0.027318024606426666,1.486313685248399,0.3010803552354503,190,127.712,128.376
0.054306377555268556,0.055999999221240895,0.39595486767936083,1.5920926018054264,0.39270684835337805,0.2487992157414618,0.2810152629432343,0.30888946121513156,0.7256388538255067,0.10176080735251376,9.630434014609673,0.16383419773032573,0.3359999999999843,0.3359999999999843,0.45172216159741463,0.1839999999999975,0.6639999999999873,0.9900463965294826,-0.08084109719910547,-0.11658196391915636,0.0040168021614320586,-0.022288007535108602,1.8832505743076675,0.29227576525162513,191,128.376,129.04
0.051227899950208995,0.05599999812108691,0.37921988289701425,1.5594952372112711,0.38952595006697605,0.3011541831661046,0.27302614639952993,0.3029085690105308,0.525281922849324,0.09911325598082653,5.914449524160238,0.15359448187326893,0.38400000000001455,0.38400000000001455,0.4470434405729475,0.17600000000001614,0.6400000000000148,0.9878783878561825,-0.07457999094035456,-0.10948121581678494,0.0019189356144887681,-0.01590954945230538,2.113567606830565,0.25122837000640885,192,129.04,129.68
0.05314916491355487,0.05599999409089674,0.37515087890967036,1.5379613389548694,0.354895403037092,0.24631136665469483,0.2601716849179985,0.2586635587140789,0.6913263708791378,0.09253235035361328,3.602986068383692,0.1711365908085161,0.2639999999999816,0.2639999999999816,0.4515935802547742,0.17599999999998772,0.6560000000000059,0.987465303750978,-0.0766672912932855,-0.12067724451964276,-0.0005951050349313177,-0.007373791539771894,3.952231974179597,0.27077547532578516,193,129.68,130.336
0.06037548762135084,0.06399995255529842,0.3791438064938475,1.6477843062700086,0.42227777952919493,0.28897734187731655,0.29249430936141557,0.26982048637478867,0.6433930085631507,0.10276681435034173,6.255717357961675,0.16032248417160114,0.40799999999998704,0.40799999999998704,0.4670354014123794,0.19199999999997885,0.6799999999999784,0.9893212230440641,-0.09238676824922622,-0.12310720836869725,0.004060441718030592,-0.02272796881248102,2.0596620571455877,0.31769768364513074,194,130.336,131.016
0.047480313381033264,0.04799999972822773,0.37717559606562784,1.3876003876647784,0.3543055875635366,0.20702292129389976,0.2957990262571831,0.33675547162743485,0.4324734187769625,0.09960431071762924,5.494896631239992,0.14707890825827227,0.38400000000001455,0.38400000000001455,0.4357898950692396,0.1839999999999975,0.6560000000000059,0.9907897723886713,-0.06922584095358236,-0.105733986637475,0.007381381925842523,-0.031439379214554454,1.3648029107849007,0.2981353190710166,195,131.016,131.672
0.052619057164681016,0.05599996638049837,0.3793826938091843,1.4990005928298362,0.3476263274684389,0.2862570753891592,0.24840069347499777,0.33741618298111864,0.6356317827723439,0.09594600526660581,4.881346877329615,0.19671243708854388,0.2560000000000002,0.2560000000000002,0.4220644608996802,0.1839999999999975,0.6560000000000059,0.988102968664153,-0.06274714778386334,-0.11118099905783298,0.000572570323610611,-0.010551599389927507,2.5787222583797345,0.2561113315225685,196,131.672,132.328
0.05264182933562788,0.05599999989991391,0.3853050224656343,1.5107522155418807,0.3653173991008724,0.2498293348418071,0.2803805167457741,0.28494176201985333,0.557090832661995,0.09935672692511881,5.639184804113343,0.1576649890925903,0.3119999999999834,0.3119999999999834,0.44225571627310384,0.1839999999999975,0.6639999999999873,0.9904080839242232,-0.07584662641355291,-0.11475085032597726,0.003382557155280918,-0.02013217321828006,1.9343399786746496,0.24242378002258372,197,132.328,132.992
0.05231337813603703,0.0559999959774654,0.3864986729903043,1.5330543608561358,0.38850961880347235,0.30728825607198856,0.2664505560704259,0.3096292418764618,0.5011026088121948,0.09511158580197356,6.156160035819013,0.1356389141569171,0.4399999999999977,0.4399999999999977,0.4494206057335406,0.17600000000001614,0.6640000000000157,0.9883228226310009,-0.07697151132051473,-0.12093966421009186,0.0013653663893292527,-0.014284474917534255,2.4212573836683946,0.25415814691610455,198,132.992,133.656
0.050494839801718185,0.05599999769642056,0.36840656045365094,1.8200094556384931,0.4340157551188048,0.3860266833379101,0.25714871033116676,0.29125151238676206,0.714947519772764,0.10234930844417185,6.899719320064709,0.18748972706685013,0.3359999999999843,0.3359999999999843,0.4639289337893474,0.16800000000000637,0.6639999999999873,0.9884135668161059,-0.08927452898594798,-0.13096253867967653,-0.0018680242293632654,-0.005788162847190148,5.704135809016053,0.2688222907193213,199,133.656,134.32
0.04723240602344678,0.04799999973740113,0.3708882662946486,1.4442027637677777,0.39056901251679477,0.2654488413090464,0.29453216256046105,0.3207349776340541,0.47090753851948147,0.09801469084794963,5.896523916073202,0.13271899575694676,0.4159999999999968,0.4159999999999968,0.4508863770276294,0.17600000000001614,0.6640000000000157,0.9892568183629281,-0.07761498068643256,-0.1152906974039272,0.0054775060292388275,-0.025427255360792125,1.6671723120980524,0.26001770073549607,200,134.32,134.984
0.05323088219350295,0.05599995126371424,0.36251430108171023,1.299645539698559,0.37881802362311623,0.24015793058789187,0.30260431304568564,0.34975142662551056,0.41478117632113304,0.09312708077851606,5.510489992775975,0.1277912709477984,0.39999999999997726,0.39999999999997726,0.4368453092132417,0.1839999999999975,0.6639999999999873,0.9904641027112147,-0.06979833281531538,-0.10673900170290414,0.007984258081498389,-0.033819143193635395,1.319178368521197,0.27077547532578516,201,134.984,135.648
0.04631649672940203,0.04799998238563023,0.3691103115369789,1.7783277690600021,0.43962126205509194,0.33451159583190576,0.272649058099182,0.27453020527669647,0.6724095405261491,0.10490243823859167,6.301841720318514,0.16119437173600681,0.32800000000000296,0.32800000000000296,0.4574603579446389,0.17599999999998772,0.6639999999999873,0.9902733220976958,-0.0919161995618632,-0.1292340050882163,-0.00017965385282704807,-0.010656020535260512,3.666694548466058,0.2522049623096408,203,136.304,136.968
0.04627091504159021,0.04799998956926476,0.3620250808624244,1.6064022060265777,0.35178641229048235,0.2571856948914052,0.24575455138984503,0.26089742884385253,0.7185754673384204,0.09293728813196996,4.200783714430237,0.16876048466875318,0.26400000000001,0.26400000000001,0.4487154724492353,0.16800000000000637,0.6480000000000246,0.9877572046674616,-0.07459313190074411,-0.12323958519114218,-0.0011969157377964186,-0.004566423643334134,5.918024404052259,0.30986968596453746,204,136.968,137.616
0.06073719306472548,0.06399998207041988,0.37723518981923415,1.6658769185030973,0.43437211685713223,0.314523024104509,0.28159963282613826,0.2584933804523218,0.7065317332595631,0.09764105882221895,5.930183476961483,0.1610858683277431,0.4159999999999968,0.4159999999999968,0.47693563082664947,0.1839999999999975,0.671999999999997,0.9897405939120791,-0.09534333247947972,-0.1276687430021142,0.0006090825198216462,-0.01417816124309754,2.910334028775493,0.3724326303903318,205,137.616,138.288
0.05476678878426857,0.05599999169895023,0.37102452533185376,1.5559138605074072,0.40192200387080734,0.290315566452121,0.2790190627107534,0.27530552945651865,0.6258650008473577,0.0947379747917733,5.845099555443981,0.15294126265729022,0.4399999999999977,0.4399999999999977,0.4681789396527088,0.1839999999999975,0.671999999999997,0.9898675929377829,-0.08701669971513423,-0.1265018123725704,0.0018696427069157463,-0.015941402393793134,2.487389120288005,0.39785454878383736,206,138.288,138.96
0.03484798568249293,0.18508229891463662,1.0530613669026083,2.2679693233012443,0.48078641895977375,0.05471306770603092,0.47644447991124944,0.10443957264720101,0.2139241090320248,0.21013726194614485,13.439984676213534,0.3538006753793194,0.2639999999999816,0.2639999999999816,0.5045615640979813,0.17599999999998772,0.671999999999997,0.9923411424696648,-0.04012335501436031,-0.016594685795865854,0.06849505607132236,-0.12837369251100283,0.9606214286223342,0.3137760551774652,207,138.96,139.632
0.051197038807561684,0.05599999611469033,0.36277707464018355,1.4136171634782086,0.35828113937322836,0.3245564583672123,0.2583370367791098,0.30441323010914817,0.5125047635970766,0.08723507425849718,5.661498464938527,0.15557919602714212,0.4399999999999977,0.4399999999999977,0.4435113804559812,0.17599999999998772,0.6560000000000059,0.9890866434145159,-0.07038881821687464,-0.11855530636263203,0.0004971253974262093,-0.010394387187225712,2.7641886016533905,0.26001770073549607,209,140.28,140.936
0.053866018651086194,0.05599995987459936,0.37934239911470863,1.5004679822432239,0.33445078354579727,0.23779651682809103,0.2564369165875906,0.28614720414367034,0.551397205178807,0.0919441669163825,4.79706751585027,0.13240969009421796,0.28000000000000114,0.28000000000000114,0.4557963362843222,0.17599999999998772,0.671999999999997,0.9878061260996005,-0.07326665729093453,-0.12314093150200497,0.001041573441376364,-0.0123146913910533,2.5376381329560482,0.2737052522354808,210,140.936,141.608
0.05221971452117929,0.055999950306459635,0.3628906889613993,1.6653063329827922,0.3988653485045397,0.32320126369181734,0.2614734783096211,0.29172081250907955,0.5604205045957116,0.09438262467508202,5.773064104267417,0.14379947309706714,0.4159999999999968,0.4159999999999968,0.48726566450083103,0.17599999999998772,0.671999999999997,0.9896071593356841,-0.08988478443377404,-0.13481069498284645,0.0012187003181231772,-0.013629371496590487,2.6321428328061485,0.2756584368419446,211,141.608,142.28
0.04685171202430282,0.04799999658060941,0.33549514774455913,1.687128699506016,0.4161607142985633,0.3077432625455579,0.26025368031379104,0.301342725535405,0.5960884145696079,0.09668321257441218,3.7345927616345103,0.15171324243081843,0.23199999999999932,0.23199999999999932,0.4785597586460028,0.17599999999998772,0.6639999999999873,0.9893471398824254,-0.08763208274657233,-0.13254162060272048,0.0015275846517172026,-0.013436629713509106,2.5667570500004024,0.2785882137516404,212,142.28,142.944
0.04455469603384719,0.04799997663651974,0.3555254647558056,1.7244554993576924,0.41447461201246427,0.36163416299008166,0.2529694228600555,0.25921266850861097,0.6797743333342308,0.09416304804922107,6.166201299329133,0.16189904732830254,0.28000000000000114,0.28000000000000114,0.4734871509831381,0.160000000000025,0.6480000000000246,0.9871858747579539,-0.08914812416842971,-0.13297600724043807,-0.003416317264368303,-0.0001136409076708542,252.36102920421416,0.20625934629352705,213,142.944,143.592
0.053229222632278056,0.05599993522449602,0.37805775690158794,1.6142139255458008,0.4107595956985531,0.3078510673619091,0.2755681656614719,0.27884345539677174,0.5854366460849593,0.09294007960710456,5.8180107199736995,0.14632833223258584,0.42399999999997817,0.42399999999997817,0.49258041475738157,0.17599999999998772,0.671999999999997,0.9902354096485488,-0.09478306225421701,-0.13445188419764675,0.0012866652267291255,-0.014544186806997383,2.688646239299394,0.24828333384197515,214,143.592,144.264
0.05142309795793502,0.05599994160550583,0.35546245178676655,1.6482386530917617,0.3920304114315338,0.2912441817942819,0.2589700648724354,0.2717449249089554,0.8062246055675639,0.09697578282312509,6.4196816615762025,0.15456178780981494,0.28000000000000114,0.28000000000000114,0.4521163317734821,0.16800000000000637,0.6640000000000157,0.9875508909276735,-0.08180383466206824,-0.12643287253459512,-0.0009674066718493955,-0.0069004620489944,4.566950043774728,0.2854396191290017,216,144.928,145.592
0.053397298536362124,0.05599999531531985,0.37157834997507855,1.4271118519834158,0.3950276792251002,0.32073102338203663,0.2632152703400022,0.340797299215039,0.5367247853818875,0.09014556615563926,5.525517762833395,0.15123673394102857,0.4399999999999977,0.4399999999999977,0.4471110411874307,0.1839999999999975,0.6639999999999873,0.9881815942248818,-0.07099530456228687,-0.11816848879058052,0.0013087764951100543,-0.013615248025254106,2.361075108088879,0.30596331675160976,217,145.592,146.256
0.05218342029833248,0.05599998782911332,0.3562420251904504,1.7112712886793193,0.41012816390709983,0.3798164646637328,0.23580877547601706,0.30291922879610655,0.8616329761408306,0.09583284341071133,7.6423779623966555,0.1883873797445318,0.2400000000000091,0.2400000000000091,0.43418614956771284,0.16800000000000637,0.6560000000000059,0.9886288423864382,-0.07357244158825144,-0.12401923451870593,-0.004016504493854197,0.003968942976262363,-5.716076290279874,0.30596331675160976,218,146.256,146.912
0.05351208058596142,0.05599994656465835,0.3687193232487726,1.964661636983209,0.45129420563151124,0.37320178789932623,0.2551309008682138,0.2624378689884392,0.8205209602013792,0.10634260147282316,6.899357584809138,0.1775318413425079,0.3359999999999843,0.3359999999999843,0.4625450493106722,0.17599999999998772,0.6639999999999873,0.98870286766858,-0.0943336759421677,-0.13220025025923765,-0.0039046596448239733,-0.0018616339273156454,18.158577466180496,0.24535355693227948,219,146.912,147.576
0.0535706633453842,0.055999992819134536,0.37676833795690373,1.5468160257957808,0.398262380005888,0.3157574023095501,0.26738618429488625,0.2912943458835302,0.584568728436196,0.09257029837935106,5.6982449680489085,0.15055710715764556,0.43200000000001637,0.43200000000001637,0.464079446220087,0.17600000000001614,0.6640000000000157,0.989691396182385,-0.08220252518219734,-0.12509740056349442,0.00019600746910655964,-0.010852090098507908,3.1109479046216375,0.2561113315225685,220,147.576,148.24
0.053333309887352534,0.0559999779302479,0.3693443791854243,1.9921969901598187,0.38739144487312865,0.3320031068253312,0.23535275838417496,0.29195036648565,0.7077200300524341,0.10477568841613176,9.40848988121401,0.15388117966487472,0.2560000000000002,0.2560000000000002,0.460899993353451,0.17599999999998772,0.671999999999997,0.9895218552297269,-0.08429199541839197,-0.13390777326191514,-0.001769760059824949,-0.004223415800972073,6.9968162801574225,0.3001037629322184,221,148.24,148.912
0.047346339515724194,0.04799994900300936,0.37231160967096016,1.3979259153509722,0.37769589840252565,0.2662760184975895,0.2867516711740371,0.2797575818483082,0.536344545211545,0.09212005628294792,5.09618218626264,0.14365207021355644,0.4480000000000075,0.4480000000000075,0.4472084911298236,0.16800000000000637,0.6639999999999873,0.9865970323096444,-0.07671733040061209,-0.11861417098941955,0.002416167970809794,-0.016589074084754792,2.2862694321974084,0.2961821344645527,222,148.912,149.576
0.053129721551407064,0.05599999111495679,0.377108552886497,1.5427399735101346,0.3976173988473864,0.2994584431700664,0.2749126869473388,0.2768392393025083,0.568651425366593,0.09334396445319199,5.9045590763695,0.14935459392317207,0.43200000000001637,0.43200000000001637,0.4653228718186438,0.17600000000001614,0.6640000000000157,0.9892664231144397,-0.08466432929920033,-0.12481566226506023,0.0016250000764904255,-0.015295889434001453,2.4833204218953076,0.26686910611285747,223,149.576,150.24
0.05109656668911722,0.055999951343153526,0.36142149400322443,1.622253178363052,0.3423185006764212,0.25313739711556116,0.2266897332359074,0.3193345506143196,0.6955069892223209,0.09202868685081068,4.375719180256624,0.14530484632581797,0.2560000000000002,0.2560000000000002,0.4380152980020438,0.16799999999997794,0.6479999999999961,0.987916177520803,-0.06492841944383763,-0.11834776187536673,-0.0009521733378684431,-0.003639834695866188,5.848501887762064,0.2424237800225837,224,150.24,150.888
0.06064269771813728,0.06399999959962438,0.38405256468880117,1.5516664091045653,0.411844141719493,0.29592581112207067,0.28039771007032294,0.26580142164645576,0.6756236198135853,0.09530014690345395,6.056583217869412,0.15419018378362437,0.40799999999998704,0.40799999999998704,0.45825027516437333,0.1839999999999975,0.671999999999997,0.9888575656362465,-0.08546519978494119,-0.12218242459337898,0.0007387804471441117,-0.014010707705542379,2.7927840063086906,0.251228370006409,225,150.888,151.56
0.05312315149651906,0.0559999249062829,0.34506293254112586,1.6749306125151873,0.40526999985644185,0.2943671935317908,0.253016728843061,0.2959314320852548,0.926853391701115,0.09652733926882356,6.386297245307226,0.16268637423755897,0.23199999999999932,0.23199999999999932,0.4553144101422293,0.17599999999998772,0.671999999999997,0.9902708192012734,-0.08204235356363435,-0.1300077937597596,-0.0006335562418207894,-0.007446614304585743,4.235376738041862,0.28348643452253786,226,151.56,152.232
0.05186624220952504,0.05599999266136469,0.35319489340321003,1.9128720645777373,0.44608322812713824,0.379880914966846,0.2588803836292628,0.2799794833360039,0.6458271765551149,0.10472530067460116,5.949089376199653,0.17413952318179554,0.33600000000001273,0.33600000000001273,0.47214277821454304,0.17599999999998772,0.6639999999999873,0.9893924920755898,-0.09536946051302458,-0.13323040035582598,0.0001934610160462657,-0.011612672929013046,3.2473259140876944,0.28836939603869755,227,152.232,152.896
0.05362472594731697,0.05599995081322766,0.38872279814723243,1.4583674797008708,0.42389536373203107,0.24821362305196584,0.31172282506808935,0.32215154621114134,0.4509812273603177,0.09699916300189096,6.155120819327013,0.13303039880988152,0.41600000000002524,0.41600000000002524,0.47440888926204877,0.18400000000002592,0.6640000000000157,0.9897990409914396,-0.08604118415529963,-0.11438686460691558,0.009832058837905997,-0.03641647011038857,1.4226688790290567,0.30303353984191417,228,152.896,153.56
0.05076061583657361,0.055999999006973555,0.3710353594040562,1.6214116728647534,0.3071762176362553,0.18991757838921422,0.22993482019502162,0.28122603487576203,1.1226292304637566,0.09195519285456177,5.3900094747272504,0.15082956411280637,0.23199999999999932,0.23199999999999932,0.4437741645032179,0.16800000000000637,0.6479999999999961,0.9888430243530646,-0.06704204120945413,-0.11955159185577428,-0.0010364168999083675,-0.0037383146708294306,5.912380449737411,0.23558763389996026,229,153.56,154.208
0.053129835938407435,0.05599997968068259,0.37760929187311004,1.629110782816265,0.37273199104815546,0.2724476652122009,0.25607064129371615,0.27597922288859633,0.5660814465773845,0.09451167340138704,4.528493940059324,0.1411080795625183,0.27199999999999136,0.27199999999999136,0.4682381147066739,0.17599999999998772,0.6560000000000059,0.9872601172686639,-0.08064698676187951,-0.12419605149771637,0.00024869431675948327,-0.0104533066163512,3.0162376499796713,0.23461104159672846,230,154.208,154.864
0.05965709007877247,0.06399999848928026,0.37764453513663776,1.600572913609946,0.4382290267606529,0.29550189979078456,0.29476277436388587,0.2755814185741523,0.5474986294477578,0.09783201199597116,6.28038153769006,0.14121018063005045,0.4159999999999968,0.4159999999999968,0.47794049561117463,0.1839999999999975,0.6560000000000059,0.9898210378656086,-0.09164396457559479,-0.11670498191108147,0.0054727229904720995,-0.02614752686614569,1.7705995436510222,0.2512283700064089,231,154.864,155.52
0.06282319712830994,0.06399994158967916,0.4108332622891435,1.4822759202892324,0.38001331048134995,0.45441363307611876,0.20187220737778674,0.2586568050464912,0.7916378697738149,0.0733150706786758,6.742203936856625,0.15505016627400542,0.43199999999998795,0.43199999999998795,0.4332909764784731,0.1599999999999966,0.6639999999999873,0.9884312245002441,-0.061666005877335034,-0.125518604185119,-0.01251845396496855,0.04189850426350029,0.0367374098988425,0.2640330616624147,232,155.52,156.184
0.028165073497009554,0.03199999643996884,0.08142319863976268,2.2544947508030266,0.8523490701215708,0.30550332938999414,0.3343776635173805,0.39084366013594457,0.37400103582993877,0.14946083773095023,8.919127672053227,0.0535199155533098,0.2560000000000002,0.2560000000000002,0.5504529743518051,0.1839999999999975,0.5120000000000005,0.997150411494734,-0.0416954562332824,-0.026524201833973887,0.07773142918688014,-0.13537381060683748,0.6213512561495936,0.09189123203222756,233,156.184,156.696
0.035831948997177294,0.03999998935323753,0.19591100028812153,3.6907455215351366,0.6417560918408024,1.3474750159356006,0.39800627951717943,0.4646295026807547,0.2150374103408044,0.24662956551944307,7.553416541673107,0.08906759542488923,0.4399999999999977,0.4399999999999977,0.8188260395358743,0.3199999999999932,0.8079999999999927,0.9973050468348379,-0.0988757829030545,-0.08914260607719247,0.08945802965908296,-0.23255137799680695,0.8514900357092904,0.4046906949064607,234,156.696,157.504
0.044433460981451324,0.04799988925754363,0.3603299747285436,1.0627024353280556,0.25383328054273524,0.1725459830113622,0.2989685813815176,0.3185250866896162,0.4476680217521335,0.12073090705989634,10.46119090364307,0.1390783261893048,0.28000000000000114,0.28000000000000114,0.25860815346015525,0.17600000000001614,0.632000000000005,0.9884288875130437,-0.027118249446438824,-0.0569641118189979,0.0033390917274662402,-0.020387843673925873,1.3829297319929517,0.3665730765709403,236,158.16,158.792
