t0,t1,t2,a0,a1,a2,b0,b1,b2,c0,c1,c2,dicnotch,winSys,maxAmpl,sysTime,duration,R2_of_fit,Es,As,Ed,Ad,td,fd,pulse_index,start_time,end_time
0.021454448344053266,0.09599998889655721,0.31179918305124504,4.75904358934138,0.9451901836489636,1.0524499854639846,0.22351709312100143,0.3511154129690684,0.728721262057507,0.079083957210682,4.179093315887984,0.15934075400617037,0.20800000000000007,0.20800000000000007,1.683185737407181,0.11199999999999999,0.7839999999999999,0.9938350191430083,-0.7586712481306614,-0.5295142872652554,0.0002099996948634194,-0.02732166063999582,2.3182840830314557,1.0283657761795186,0,0.88,1.664
0.03512737182767514,0.03796328494878108,0.16800001185482413,5.712599988629542,0.8181277401693204,0.9029260316148421,0.18108959896094665,0.27471132843004525,1.4018110603967193,0.06480477375663946,2.432015405348235,0.26575670610568886,0.20000000000000018,0.20000000000000018,1.886005386804529,0.1200000000000001,0.8160000000000001,0.9934373288035016,-0.8919979822409572,-0.588084298221123,-0.00958796024268228,0.038011151574519744,-0.24414948597993785,1.0283657761795186,1,1.664,2.48
0.03028541814617524,0.029917893248589622,0.17599999338275504,4.574885650415623,0.6494378739709576,0.6642994777149753,0.20845222900530153,0.33203411951291745,2.049604070346117,0.06033226768601141,4.305367470922469,0.3393199791095949,0.2160000000000002,0.2160000000000002,1.8465888408916458,0.1120000000000001,0.8239999999999998,0.9925941233052404,-0.8445902711331899,-0.5727858033455125,-0.005918471768490958,0.019893718341175922,-1.2668410473128804,1.0967606496546412,2,2.48,3.304
0.0296045655170835,0.03199999942774133,0.17740630019630496,5.101576086879512,0.6850738258801462,0.9910924200545839,0.17975241224125632,0.4118647061010168,1.0684343010936277,0.06231564445300228,3.585645034343181,0.3226969690624433,0.20800000000000018,0.20800000000000018,1.8135509868287636,0.1120000000000001,0.8320000000000003,0.9926307563348998,-0.7381933237291838,-0.5397527613325083,-0.0024336580900228494,0.0062842242079220925,-2.7410076989198005,1.093829440791421,3,3.304,4.136
0.029925893334337757,0.0319999804184183,0.3118194942040038,5.354313066015608,0.8224305518924049,0.7768266110373822,0.2046950429868848,0.21256305136783152,1.213244408334753,0.07072294372303031,3.2780239399883184,0.15847164505559186,0.20000000000000018,0.20000000000000018,1.7833487086112363,0.1200000000000001,0.8079999999999998,0.9918024021754641,-0.9211114528664852,-0.5962850796941325,-0.048357203049512,0.08177128131034064,-0.2721217968139918,1.079173396475324,4,4.136,4.944
0.03535141650785505,0.03200029353774706,0.36510123783999565,4.698291110901186,0.46760114429199107,0.274001931554329,0.2134749518585599,0.45226820031895093,1.165093032388995,0.06565440606225391,4.077823733731796,0.03874146155973282,0.20800000000000018,0.20800000000000018,1.8612331139932932,0.1280000000000001,0.8159999999999998,0.9947819835899258,-0.8504438335535585,-0.5697959013428392,0.0029241371474021975,-0.028040542634785063,1.8021444149394525,1.1495834760439099,5,4.944,5.76
0.02743952090089919,0.024000049045912485,0.34196123941903683,4.76438041402636,1.200937429320304,0.9693220409673998,0.3178478542395166,0.30085651505672606,1.4096432221529018,0.07294820938792727,3.5333752312503237,0.3504810382925924,0.39200000000000035,0.39200000000000035,1.9678355387780424,0.1200000000000001,0.8079999999999998,0.9946635455035979,-1.5803551192895198,-0.7067938509774733,-0.04469688491387659,0.02484477685676191,-4.6989790879679845,1.1495834760439099,6,5.76,6.568
0.02987870453143438,0.03199998432509406,0.3360000043731813,5.436752696365721,1.3025158609759977,1.008812493352341,0.29868269487176974,0.32542147379298697,0.9990044372174206,0.07661935440148314,2.27455976148423,0.35499111657809984,0.40000000000000036,0.40000000000000036,2.148932840896308,0.13600000000000012,0.8160000000000007,0.9948656770782502,-1.794320117113412,-0.7715593947459926,-0.01923148981959739,-0.002261532808663488,57.963395475807694,1.029342845800592,7,6.568,7.384
0.03509940447294035,0.039999992845657015,0.34257986637729887,6.168040730096607,1.4276109405720803,1.7118837157443458,0.25683886358778096,0.2818045841138147,1.2170733778222247,0.07581000521347792,3.79346672638426,0.33106601322344553,0.38399999999999945,0.38399999999999945,2.1681168331949996,0.13599999999999923,0.8079999999999998,0.9954780814017408,-1.7874697483346789,-0.792939307517215,-0.13206025514031355,0.12029178863441445,-0.4324174780797757,1.029342845800592,8,7.384,8.192
0.026956206832611997,0.10795019413277429,0.3482513507895961,18.875811315278355,0.9477687274245163,0.2764148285497312,0.1626252186223864,0.12631982752796983,3.5039999999999973,0.12041826166105692,0.7759999999999999,0.03308509465752022,0.19200000000000017,0.19200000000000017,1.8875811315914852,0.1280000000000001,0.7759999999999998,0.9978405354421761,-1.1015324855464295,-0.6533834464659227,-0.05541453137612862,0.08585415159871261,-0.11257224429791433,0.9501391396423474,9,8.192,8.968
0.03851061836876854,0.03999998492064936,0.3679999865311152,6.754975706000069,1.1656348330288309,1.0346173615892313,0.27370348280043255,0.24082057632202827,1.0533733589791852,0.09128376947698409,3.6242861415711007,0.29304777568437207,0.3119999999999994,0.3119999999999994,2.1040830342104444,0.14400000000000013,0.7759999999999998,0.9961103284299405,-1.8914616353637534,-0.7548549540423272,-0.06541845274887778,0.03655695042671341,-2.8928833417056583,0.9804282978956158,10,8.968,9.744
0.0344259256085712,0.03999160931541746,0.34400000457099644,5.676177931097959,1.2265188501751398,1.2461249415295594,0.28471133925198316,0.29330496076280516,1.6278615006312978,0.08233416358924418,3.2408370954948933,0.4475360915085387,0.39199999999999946,0.39199999999999946,2.032636322248692,0.136000000000001,0.8239999999999998,0.9962741171818265,-1.6763626102704507,-0.7560715104456076,-0.073127367768282,0.05764646938280604,-1.5621635502679367,0.9501391396423474,11,9.744,10.568
0.031136820530400403,0.03178966787470003,0.3200000140647745,5.433417026512889,1.0992673503521802,1.0774875070464163,0.2579065884303413,0.25803020536338167,1.1293476870351415,0.078303799232944,3.895157732817213,0.23377855753149962,0.3440000000000012,0.3440000000000012,1.9079861845429196,0.1280000000000001,0.8079999999999998,0.9938399694580305,-1.3494131199964425,-0.6911321631670788,-0.06644085471560317,0.0710140919783995,-0.8719193487184659,0.8494399018204934,12,10.568,11.376
0.02994645805230181,0.031999998542455284,0.33603165118125344,4.931767768376554,0.9474593859316797,0.985655639037253,0.2675254415666251,0.28170366874727043,1.174464808956872,0.0806074197050185,4.078749369531536,0.33520206221435156,0.3760000000000012,0.3760000000000012,1.7531659519938074,0.1280000000000001,0.7919999999999998,0.9949194285610066,-1.1450939182259954,-0.6195023721969379,-0.04014371569514778,0.038071750711347184,-1.9024938618488751,1.0567007951906404,13,11.376,12.168
0.038105525410767636,0.04000000964742519,0.3931408852699547,5.520059398705745,1.174019200590886,1.1862933509113447,0.30638448614596325,0.28742790897868,1.4074181685976657,0.0881193336751446,3.5465827866027864,0.4426033320797157,0.40000000000000036,0.40000000000000036,1.9282353626393332,0.14400000000000013,0.8240000000000016,0.9942704835131754,-1.6642052458952383,-0.7255952137591805,-0.062307405446606186,0.03496372058978423,-3.284401675384862,1.1319351560132758,14,12.168,12.992
0.03732730391633717,0.03999999945568938,0.35451914661856104,5.188781236418733,1.2773332848008427,0.9784641303780713,0.30284132774084394,0.3310895346987276,1.5155310661252612,0.08254254905483346,2.406180061499654,0.44141578776483903,0.4079999999999995,0.4079999999999995,1.9279391510247934,0.15199999999999925,0.847999999999999,0.9957526536065098,-1.5681263416947226,-0.7327238749436357,-0.03821908428618838,0.01716603683784148,-7.172271482263602,1.0576778648117142,15,12.992,13.84
0.031326888261964225,0.03199999511214183,0.31982394790286783,5.001125420635553,0.9895806704148767,0.9477117500190231,0.25478265044946247,0.2806299971163809,1.123318274480627,0.07988140070537784,3.96397952876607,0.24978648638942064,0.3520000000000003,0.3520000000000003,1.735522764561158,0.136000000000001,0.8079999999999998,0.9932497473162711,-1.0905615813351026,-0.6227156771335599,-0.041720704438204505,0.045464692500523554,-1.4695555976480021,0.9511162092634206,17,14.664,15.472
0.035386291310680794,0.0399999991682729,0.3520143560578221,5.568963531918262,0.9865029432454376,1.1943900252959447,0.26307528150896875,0.2760069156436206,1.4083200533303493,0.08663167649530762,3.605390720027565,0.4632804624893774,0.39200000000000124,0.39200000000000124,1.8005405818098843,0.136000000000001,0.8160000000000007,0.9955256639721629,-1.3030441032354487,-0.674178378367456,-0.055845846240022666,0.053115227068180726,-1.352146761609729,1.1368815709699585,18,15.472,16.288
0.035529772854476026,0.039999990527502347,0.3590023201584939,5.3897632104675575,1.4908188725893634,1.5233940513092787,0.3218876075808928,0.3336685061221831,2.5335521218849,0.0880849316708444,4.267693185182656,0.48971242937645826,0.41600000000000037,0.41600000000000037,1.8998597898013352,0.15200000000000102,0.8399999999999999,0.9963981140214451,-1.7409064448133456,-0.7463487545077045,-0.12023761826707503,0.08938931069803094,-1.0197881301392286,1.129003947150056,19,16.288,17.128
0.029543896728632637,0.031999986835221074,0.1811635426068114,4.736879401860407,0.5001589052609361,0.5901356683448644,0.20568054412244569,0.431924625502244,1.0398946619676714,0.07047165863108665,2.88610864099928,0.4025741683679602,0.2079999999999984,0.2079999999999984,1.7116095198319026,0.1280000000000001,0.815999999999999,0.9942217137587391,-0.7328632698101267,-0.5348616361035592,0.0016567227266556118,-0.011955522914154896,3.021637003321124,0.9501391396423473,20,17.128,17.944
0.031383271906069196,0.03199998771228067,0.308750372536519,4.684654178442599,0.8082064716931078,0.6689339278276002,0.2149709360577401,0.2609972402910402,1.6304190206375238,0.07742839760070815,3.600029620015871,0.17309932976973147,0.21600000000000108,0.21600000000000108,1.4861548666591298,0.120000000000001,0.8000000000000007,0.9927485890530023,-0.6943667696280725,-0.5112720816247077,-0.03430842415965111,0.06075061248384445,-0.4712410293743878,0.9501391396423473,21,17.944,18.744
0.029539182708585455,0.03199998242722834,0.36166128172135364,5.180004542570804,0.5281564475400837,0.3847887114105553,0.19632275338025987,0.2160387675580992,1.7256724405032162,0.08157267402347783,3.582096809779033,0.023173847082739955,0.3520000000000003,0.3520000000000003,1.4474006673693103,0.120000000000001,0.8079999999999998,0.9944189737651985,-0.6270127345150773,-0.4961322908418963,-0.0152812641766333,0.023289010563262134,-1.4291359350867474,1.0957835800335682,22,18.744,19.552
0.029539649052851436,0.03147842385613383,0.17600004988370663,4.716458849557822,0.5670189736696197,0.7963090425871497,0.18981156187794826,0.4359599469346898,0.9576945499922069,0.0682464731870738,2.3078089757752496,0.3586805511530814,0.1999999999999993,0.1999999999999993,1.6393355301395198,0.120000000000001,0.815999999999999,0.9916945390466666,-0.6318354500165029,-0.49818304786715994,-0.0014141011611424658,0.007900419775928643,-1.4325532292143868,1.2922967075719107,23,19.552,20.368
0.03638918223318484,0.1324679830832271,0.1628878104459334,17.137782880482806,2.5752425868346456,3.4275565783651967,0.11221515014967949,0.8000000000000113,1.4583506660673677,0.08547201100513688,16.320000000000046,0.40902300709627853,0.20000000000000284,0.20000000000000284,1.7137782891825986,0.120000000000001,0.8160000000000025,0.9908054360548234,-0.5310929926837572,-0.44484284203485586,-0.027687097328999447,-0.04636615332717286,-0.1083230408484882,1.217978349519032,24,20.368,21.184
0.02970003493266095,0.02399999863620136,0.30995234646536707,4.406956779864591,0.9775841846450084,1.0835657309341917,0.23577833972645393,0.3113567548054843,1.048828218376721,0.06382420104258554,4.0148210474460795,0.23690453445403814,0.2079999999999984,0.2079999999999984,1.770429349897639,0.11199999999999832,0.791999999999998,0.9928102812379604,-0.9308660581833685,-0.5792678910927999,-0.041949082147611234,0.06524041905707008,-0.5255739478040372,1.0889440926860556,25,21.184,21.976
0.03117039520165862,0.027993366036578586,0.1759999999547354,5.711486673686189,0.646509274307135,0.6302052635075139,0.19135141414530737,0.28122524504532836,1.4813916614827798,0.0717795556411645,1.8369562516259677,0.35367009484862316,0.19200000000000017,0.19200000000000017,1.8450831606546816,0.120000000000001,0.8079999999999998,0.9929100477905178,-0.8774721173808129,-0.5844332802133249,-0.010143435367387117,0.03983082843611699,-0.27667745267060373,1.1671707292232272,26,21.976,22.784
0.03167348608643804,0.03199999066914353,0.19120910713307102,5.888788190772904,0.5157578717439325,0.6321037261271558,0.20153240792360128,0.3894393843066616,1.263508547119329,0.07671982594573555,3.112377309390917,0.4346777418163548,0.2079999999999984,0.2079999999999984,1.9264137616884398,0.1280000000000001,0.8320000000000007,0.9937866693043347,-0.9592644109892308,-0.620226927343365,-0.0013277244509350289,0.0023296487812048765,-13.286345701388221,1.1260727382868365,28,23.608,24.44
0.027111987670738483,0.10810047214238365,0.31835643153340043,19.147516848113337,3.8295033754390255,3.8295033754389727,0.30175721489798035,0.21662938661258122,3.5999999999999868,0.198740357256491,1.8559023822279863,0.7118351595693196,0.1999999999999993,0.1999999999999993,1.914751687719513,0.11999999999999744,0.7999999999999972,0.997854032055345,-2.7365889647218755,-0.7352669165233583,-0.7414675480809927,0.16821272355000874,-1.2500725112007764,0.9941072725906405,29,24.44,25.24
0.028255950427652676,0.1093436425283974,0.3439999926161832,13.472691880383117,3.867617666650522,3.828372566983689,0.32659507611527916,0.2563344760694339,3.592106345178739,0.1822266037535766,1.6426691328302072,0.7932998401733018,0.20800000000000196,0.20800000000000196,1.9340778782262025,0.1280000000000001,0.8079999999999998,0.9976761823418803,-2.625926865111935,-0.7257978475866064,-0.5409382635139444,0.11037984845047275,-2.0493683460077285,1.0674485610224458,30,25.24,26.048
0.030285204547777823,0.031999996157637,0.3512466438432817,6.173000653595668,1.1756992203894636,1.323231003149558,0.27316583975481346,0.2997699507851616,1.6341904051445384,0.08602532684555021,4.099080777130854,0.44537259933135315,0.392000000000003,0.392000000000003,2.0895852844411227,0.13600000000000279,0.8240000000000016,0.9950585705818213,-1.7484448277838474,-0.7851956291059894,-0.0805599943562618,0.07128689018916623,-1.103787515235471,1.0479071686009822,31,26.048,26.872
0.029469483537657434,0.10428496183685518,0.3406560167558857,21.580726459809835,4.316145291962,4.316145291962,0.252642327203679,0.27681179656837324,2.6400000000000072,0.17326144526218168,1.025797897949925,0.8574423629127454,0.39199999999999946,0.39199999999999946,2.1580726459810005,0.13599999999999923,0.8320000000000007,0.9981113427125513,-2.9812428864738525,-0.9475909712343928,-0.6599689959039868,0.26915191200846655,-0.26756926866027386,1.043021820495616,32,26.872,27.704
0.03603752051059515,0.03999999789290235,0.3452463733675988,5.435167852551249,1.0225023383911278,1.3673096533080458,0.25578140093012686,0.2965859676956079,1.2749739546034717,0.07813230517650596,4.506044759924768,0.4004549614193519,0.38400000000000034,0.38400000000000034,1.9397186245363822,0.13599999999999923,0.8399999999999999,0.9960077573115232,-1.3428561030027004,-0.7088783134360145,-0.06612912989974491,0.07832119998575902,-0.6621935542906712,0.9765200194113233,33,27.704,28.544
0.03865773405466569,0.039999999439944686,0.33540641744829136,7.6436300445629275,0.922416649202831,0.50565861752474,0.1858469712942536,0.26005854294273684,1.5591266940588475,0.08419806909567189,1.47779004048715,0.07698199540893505,0.1999999999999993,0.1999999999999993,1.95476159594172,0.13599999999999923,0.8000000000000007,0.9955129125474713,-1.1034836993133061,-0.6524161839698637,-0.029959710807001733,0.05457081152938423,-0.4519168734458564,0.8445545537151273,34,28.544,29.344
0.04610691419493846,0.04799999598591767,0.36619744066895704,5.422618442103189,1.368845216608329,1.256024349252653,0.312019326678935,0.31059289825584674,1.4425491228171983,0.08027305297143701,3.9498256103919247,0.37832845143832683,0.4079999999999977,0.4079999999999977,2.10138761041663,0.15199999999999747,0.8319999999999972,0.9938552752638418,-1.8244708491176351,-0.7571958948375104,-0.0619078534871938,0.027691908706111035,-4.716653497830822,0.9755429497902501,35,29.344,30.176
0.037096258329654824,0.0400000091045774,0.37281216578191195,5.765506984353529,1.4624395936548362,1.5844405137974515,0.3049223851929027,0.3211776979106169,1.6162333259641815,0.08159389676973823,3.900716623401769,0.47637060093437056,0.40800000000000125,0.40800000000000125,2.1471899774486243,0.15200000000000102,0.8320000000000007,0.9963959518020566,-1.9668818632134148,-0.8045049127285571,-0.09193228610031554,0.05160672820472133,-2.404665563183917,1.1211873901814702,36,30.176,31.008
0.031555110470046825,0.03199999409666553,0.45623284121801955,5.830542128525647,1.0800803657979405,1.3105844634410277,0.28324564788071216,0.29365966612637345,1.5723369413526038,0.08369565273090822,3.5214810528312928,0.4946686855029494,0.3680000000000021,0.3680000000000021,2.130252270193952,0.1440000000000019,0.8399999999999999,0.9955778782861674,-1.7340607992789228,-0.786408976194691,-0.09361613403654177,0.07882196984332308,-0.9945712235602762,1.0860128838228362,37,31.008,31.848
0.030560910524605304,0.03199980624327546,0.3492331267519877,6.928608338448665,0.44093528965929635,0.28508940980313136,0.17417784582306683,0.19622416866321576,2.3169860540060125,0.08460382525635364,2.1166433882110796,0.039632227472638226,0.19200000000000017,0.19200000000000017,1.6670788243449906,0.120000000000001,0.8079999999999998,0.9955242000500788,-0.7385827589906343,-0.5428196914507543,-0.013732720080503559,0.04308349586740771,-0.2141322330922559,0.8123112562197125,38,31.848,32.656
0.03713442153038597,0.03200003062773952,0.3493645751878215,4.760897222722353,0.6702126291919703,0.2676798177327729,0.19402457090182515,0.19445573896010368,1.0419710128413497,0.07104710495568681,0.8853270605310428,0.035477741285120865,0.21600000000000108,0.21600000000000108,1.5191224829046035,0.1280000000000001,0.7839999999999989,0.9952820903100694,-0.6375569757023943,-0.4865289861852227,-0.019908089648748996,0.050893471945835246,-0.2775418090427046,0.9159417029047859,39,32.656,33.44
0.03905728889868521,0.039999672954547705,0.3599999813354174,6.910296972860488,1.0790222229015933,0.8586231548078757,0.2226818667591461,0.3714121030043934,0.9049025112269559,0.08981203297789486,2.242343462308055,0.23183155938183517,0.21600000000000108,0.21600000000000108,2.0278262454973275,0.14400000000000546,0.8160000000000025,0.9909074649949627,-1.3080382587938204,-0.7000342084700238,-0.027177034470383252,0.031648658529324115,-1.8682397950083252,1.1055542762443,40,33.44,34.256
0.035922202878599346,0.0399999141140856,0.18007229990976542,5.534255565601086,0.7688137521277084,0.8225573096887819,0.1876436487476642,0.2869699153836997,1.3124336465705462,0.06714705228567774,2.90836693456026,0.25862430176318696,0.20000000000000284,0.20000000000000284,1.830861210305273,0.11999999999999744,0.7999999999999972,0.9934755921339801,-0.8647386605896976,-0.5738919387289301,-0.00630244470969071,0.016476771068466615,-1.6913150011314924,1.352875024078448,41,34.256,35.056
0.03681984582037138,0.03999998729810845,0.19989539548343765,6.226325814676354,1.0768056213055128,0.7665473314911458,0.1982756844345884,0.227721370680692,2.395606557584982,0.07486263309905024,2.1469297022188223,0.23586921757416873,0.21600000000000108,0.21600000000000108,1.8302373350046202,0.1280000000000001,0.784000000000006,0.9897567540744316,-1.0626757878913904,-0.6275632939009204,-0.038945059307949004,0.06509887805952204,-0.49780265629670406,1.3147693088565937,42,35.056,35.84
0.03624157126990344,0.0320000005724232,0.305588525179205,5.190113146230204,1.1646871725895307,1.394707777488257,0.23796616945100044,0.29353627383317565,1.346220522539136,0.07416395222904942,4.791022722032724,0.31506646912582315,0.22399999999999665,0.22399999999999665,1.7952490025857,0.1280000000000001,0.7839999999999989,0.9927480103516283,-1.1125013616763988,-0.62140846590197,-0.07468258077531627,0.09352662292860253,-0.3716273957979798,1.0781963268542507,43,35.84,36.624
0.033077409309098325,0.10441816671087027,0.34514615875585813,18.41489990333502,3.6829799806671257,3.6829799806671257,0.29497474869428747,0.21466379117841755,3.600000000000008,0.19118982538950327,1.6438675902687423,0.7433504754225582,0.19999999999999574,0.19999999999999574,1.841489990333563,0.1280000000000001,0.7999999999999972,0.9969454260204283,-2.7199977800728043,-0.7439649316709814,-0.7684114128093862,0.19269057073999138,-0.9596144951563289,1.0058931748948354,44,36.624,37.424
0.03159890593579743,0.03199997983408774,0.18728267726385234,5.857168954134775,0.6300377187704929,0.6638416104860028,0.19301134276592335,0.4147203096339179,1.0923504268374353,0.07512331176847534,1.9369760687028532,0.3838970863574764,0.20000000000000284,0.20000000000000284,1.8832680694564405,0.1280000000000001,0.7999999999999972,0.9925387845780139,-0.8783765768768534,-0.5819340015429815,-0.00190546954609384,0.0065292684572891245,-3.5006988763352678,1.0635402825381532,45,37.424,38.224
0.029766660730093916,0.03199997879418378,0.3218979339932762,5.897819615996377,0.6396565598659755,0.42567837499443895,0.20083251860705276,0.20065667423883646,2.5820135508582513,0.07329270409003162,3.4223333310108197,0.09287007119380007,0.2080000000000055,0.2080000000000055,1.8920590586863613,0.12000000000000455,0.784000000000006,0.9946898203867205,-1.0152358178894847,-0.6165891348949759,-0.028061197297986073,0.05164564515024105,-0.5461110148158104,1.0176180103477135,46,38.224,39.008
0.031015629860677726,0.03199985419014249,0.1876432461515329,6.42770046992306,0.6198202827383497,0.6441191289969147,0.2003510936731041,0.3094635521054803,1.3017686039150091,0.07807637492768399,2.0036315777649873,0.4294770168237538,0.2079999999999984,0.2079999999999984,2.0196075280729726,0.1280000000000001,0.7919999999999945,0.9937272532109318,-1.0908441958441117,-0.6432351359698302,-0.006161017590612166,0.016101074704371183,-1.8756467738015248,1.0381364723902502,47,39.008,39.8
0.03264135547260565,0.1156504157020764,0.12847852388876427,5.595946393787101,1.7846751632329731,3.797026876942517,0.23289099310158265,0.14239606607805172,1.3009438960884692,0.07988967695799504,9.979296150579355,0.4319865771961972,0.19200000000000017,0.19200000000000017,1.8987799762679012,0.12000000000000455,0.8240000000000052,0.9943189643829875,-1.1390054623261747,-0.6585173603401278,-0.05841432782257978,0.08292668519960252,-0.29405820093049206,0.969680532063811,49,40.608,41.432
0.030377560359511082,0.031999975429013935,0.3437270652536628,7.376617856587902,0.2836776991478496,0.2775845288779079,0.14970033122322113,0.14518030469145443,0.6835492586153905,0.07785240583895885,1.3110041143962154,0.03553304840695464,0.2079999999999984,0.2079999999999984,1.6762416020031181,0.11999999999999744,0.7999999999999972,0.9948732625617861,-0.6155874551179876,-0.48932726537846793,-0.007035614695799887,0.030116347988150268,-0.014439714404499657,1.0107785230002018,50,41.432,42.232
0.030501158162803438,0.024000003770465562,0.3037016921727323,4.428746747958192,0.8650346313272412,1.0524192378183903,0.23249560791409335,0.30190126545080437,1.3260512419664563,0.0700836906106485,4.663306674143287,0.3172125360748077,0.21600000000000108,0.21600000000000108,1.6406919215448623,0.11999999999999744,0.7999999999999972,0.9923258817253602,-0.8309530730307865,-0.552305847271168,-0.042289188841573566,0.07547702855160565,-0.31058676979375077,1.077219257233178,51,42.232,43.032
0.03484281940023195,0.1146765745317532,0.15491008090068384,5.954492596484147,1.6853953822587309,3.8470283093125084,0.2431424026697832,0.15263450546262405,0.6430185616388774,0.08589172259301989,0.8240000000000053,0.45430346511678926,0.2080000000000055,0.2080000000000055,1.9347069398231163,0.1280000000000001,0.8240000000000052,0.9953128015697003,-1.2817208081175047,-0.6895299742724842,-0.09351432767619369,0.11307752298323523,-0.1667955072274404,1.1574000330124947,52,43.032,43.856
0.02643409818104971,0.10421275702481587,0.33720537967143466,19.781837461545972,3.9563674923092096,3.9563674923092096,0.29549226290555813,0.2316553895605014,3.7440000000000135,0.1949347780975364,1.700630274233715,0.7307102036728628,0.2079999999999984,0.2079999999999984,1.978183746154605,0.1280000000000001,0.8320000000000007,0.9981240789597239,-3.0777423290300305,-0.8549458255306193,-0.9232272140440021,0.2622918185379374,-0.6041620075747357,1.1798726342971786,53,43.856,44.688
0.037393533489650424,0.039999987009734665,0.3084348484860713,5.240114110476688,1.2050950456650744,1.3130256390899286,0.2239179619582887,0.2506145665575389,1.3218270535917838,0.06615973833873473,4.414724241986148,0.21962490188027495,0.35999999999999943,0.35999999999999943,1.894790752637425,0.11999999999999744,0.8159999999999954,0.9930658194072333,-1.1536057614625836,-0.6584511805430073,-0.09223545668546834,0.11871477861378991,-0.19703313239853193,1.0957835800335676,54,44.688,45.504
0.03102346960762604,0.031999988414464116,0.31770395334084595,4.267104037067976,0.8139881791103267,0.6424015356785213,0.22762895037877556,0.24401364196535683,1.4598988485787212,0.06290916306434335,2.77762746952443,0.1753815250354915,0.21600000000000108,0.21600000000000108,1.7101083983350198,0.11200000000000188,0.8079999999999998,0.9915385714032362,-0.8319914648363661,-0.5572735790958636,-0.03953059894726387,0.06820263597011762,-0.41642938427036197,1.0860128838228365,55,45.504,46.312
0.03548655188887249,0.11791188741788294,0.1631030542668256,16.42342661282209,2.7116768371161992,3.472516340111622,0.11668009352658958,0.831999729915626,1.6262475357174346,0.087052215911706,16.46361059632881,0.492642698437304,0.2080000000000055,0.2080000000000055,1.7362603374627814,0.12000000000000455,0.8240000000000052,0.9936108040641278,-0.5808305955436127,-0.4705065414585504,-0.005025147819885542,-0.06536007367487903,0.6709032312648561,1.0670459931993947,56,46.312,47.136
0.029743841893501127,0.03199999045035312,0.18108510423256005,4.416729421657341,0.8270252033348438,1.0895487000488278,0.20668013590425138,0.3560351379467125,1.342788153266754,0.05491216208453177,3.1363440953620154,0.39016711188961894,0.21599999999999397,0.21599999999999397,1.9071778910899255,0.11199999999999477,0.8159999999999954,0.9919501721226628,-0.8499041484256382,-0.5697693284675533,-0.009049498332559814,0.030627292573043037,-0.6380063825868812,1.0596320040538607,57,47.136,47.952
0.03484843087353982,0.03200001751974566,0.34313068688964643,4.9624485820031055,0.5354038882248212,0.32663158689602256,0.1887038465015458,0.18663976592434278,1.7717624202034825,0.06028652593130162,1.6143737585298654,0.032402025123267314,0.22400000000000375,0.22400000000000375,1.8700114121170404,0.12000000000000455,0.8079999999999998,0.9941140268695629,-0.8093877651219221,-0.5551799922403443,-0.018739954150857992,0.05080901472573137,-0.1995841985850109,1.0352052635270312,58,47.952,48.76
0.029481475861337394,0.03199989662176535,0.1895292925997917,5.685936597448575,0.9741672125808849,1.2215053542462857,0.18104548468580522,0.33917764994235966,1.3939189143157176,0.0653663234818213,2.9079542152541524,0.3367758380905029,0.2080000000000055,0.2080000000000055,1.9054917135909526,0.11200000000000188,0.8079999999999998,0.9915557773014158,-0.8724928235305052,-0.5815714504897725,-0.01540521168421665,0.05537270341494781,-0.06848870212549683,1.0908982319282021,59,48.76,49.568
0.028530620668983233,0.031999838716987694,0.17800923609530309,6.2742103480909135,0.7287037491247761,0.7310031057944295,0.18259372417633465,0.3212448419306244,1.366775600919951,0.07156210682742097,2.079408284270349,0.31180665883079506,0.20000000000000284,0.20000000000000284,1.9627439397860342,0.12000000000000455,0.8160000000000025,0.9930301830325078,-0.9483294410262012,-0.6129213130918577,-0.0072035504182010315,0.028939244322307812,-0.5255981539463271,1.113370833212885,60,49.568,50.384
0.03093376889696822,0.03199994610902547,0.1825196345728164,6.1640151667476415,0.8045730733435192,0.9482042270665443,0.18759837274313704,0.42029723032200084,1.2278928241716707,0.06891843777215373,3.4982739162745897,0.2864603668573861,0.19200000000000017,0.19200000000000017,2.0722312684100146,0.11999999999999744,0.8239999999999981,0.9928515487169673,-1.035687113626286,-0.6405376822947556,-0.0029427617755698765,0.004581829607214163,-4.986983880315984,1.1006689281389341,61,50.384,51.208
0.034900661432407006,0.11035050037450962,0.3557888157088478,19.62348187896327,1.0048503117886094,0.31895069356618466,0.16532399848113208,0.07850991556351208,3.600000000000008,0.12039815846556916,0.8079999999999999,0.03370385675827353,0.2079999999999984,0.2079999999999984,1.9623481878963334,0.1280000000000001,0.8079999999999998,0.9976696893315168,-1.3397139861650458,-0.7334309237931012,-0.11165924412780288,0.15082675095835724,0.06930426046161697,0.924272207147339,62,51.208,52.016
0.03389141754704969,0.03200000486049155,0.32139157366118876,6.224663684186736,0.8752491243726943,0.8787798772523381,0.20975852239241116,0.2704197070397401,0.809205906556807,0.07631697926198486,2.6632497827992583,0.17775025117706747,0.2079999999999984,0.2079999999999984,1.9850483378162471,0.1280000000000001,0.8000000000000043,0.9947651950203739,-1.1823985538789625,-0.6678985208815982,-0.031216989436239285,0.04687591759598759,-0.88381055836008,0.9315748168419574,63,52.016,52.816
0.02981320758125262,0.10295257324836518,0.35389288035105226,21.908833469748533,4.381766693949706,4.381766693949706,0.26780993175787315,0.30104850764180635,3.600000000000008,0.1814625014305938,1.7080533554865465,0.6886817719205471,0.21599999999999397,0.21599999999999397,2.1908833469748537,0.13599999999999568,0.8159999999999954,0.997914678341563,-3.2410012468694767,-0.9180180703040661,-0.7479147906814412,0.22983292657459906,-0.5908766599121185,0.9423225826737621,64,52.816,53.632
0.027327199629883607,0.031999997216918756,0.34445543028744824,5.6028616685485355,1.1650659280351392,1.1565358979290294,0.28609613823557645,0.3067648808259093,1.172015942738977,0.08142873431269818,3.3391894954145735,0.3593366875390651,0.3760000000000048,0.3760000000000048,2.058581756102388,0.1280000000000001,0.8160000000000025,0.9964301390189437,-1.6677740302900441,-0.7550247011830248,-0.05046990715190155,0.038275115812953446,-2.4866926269237677,1.0352052635270312,65,53.632,54.448
0.02759294965615152,0.03199999643152583,0.34012953043373323,5.59217160746495,1.3986149049952887,1.0174112803294146,0.29287081971671597,0.27220267536308784,0.7583252425024105,0.07945904996717527,3.788756172084664,0.21747652688510896,0.38400000000000034,0.38400000000000034,2.037803142460083,0.1280000000000001,0.7040000000000006,0.9959997670385952,-1.6513608685476908,-0.6408526648461567,0.005804386151635866,-0.03389697222359145,4.261323592303302,0.8983544497254694,66,54.448,55.152
0.11199999999999831,0.07200011735373556,0.985219465143046,7.926216497279265,0.3068234859523519,0.5416904569939271,0.18424156884982934,0.07799999999999971,1.220819882494758,0.09880598810279201,0.8880043832481117,0.4981257401695177,0.3119999999999976,0.3119999999999976,1.7177181508299755,0.22399999999999665,0.8879999999999981,0.9773252969075148,-0.797221591770911,-0.554074416627663,-0.01201360072994891,0.031120135458788663,-1.0152123215738702,0.8983544497254694,67,55.152,56.04
0.03059511827588307,0.03198144806362862,0.35200001904025546,5.046685598484643,1.0133584910007167,1.050334341719705,0.2738428341187248,0.30369384503090696,1.1735025947132625,0.08187279360734549,4.409916062799781,0.3328942802352903,0.392000000000003,0.392000000000003,1.7997247776331062,0.1280000000000001,0.8000000000000043,0.9947685967999266,-1.232957343999801,-0.6427649462660696,-0.04287386486806797,0.036934215683046875,-2.1581923508768353,0.9960614118327871,68,56.04,56.84
0.030914448536541437,0.031999996341367035,0.3519030492008206,5.430375333816361,1.0503750934783267,1.0521575012677051,0.27493358689222724,0.26298770862103765,1.2900539580772885,0.08465996376915633,4.102054779473107,0.3440110185010719,0.367999999999995,0.367999999999995,1.846092555474594,0.13599999999999568,0.8159999999999954,0.9940780792702512,-1.391703838516884,-0.69285794054137,-0.06601750708709478,0.0571241431794144,-1.4682122097582462,1.037159402769177,69,56.84,57.656
0.03460180395835559,0.040000000085290484,0.34428985030172715,5.576001758253424,1.0623833558230307,1.3819178098250002,0.26432662029497406,0.26516635754156087,1.4648284368541529,0.08092316590643177,4.018753695546108,0.4283669608345968,0.3999999999999986,0.3999999999999986,1.9248160239361294,0.1280000000000001,0.8320000000000007,0.9947960409106487,-1.4428896708208714,-0.7236890515026023,-0.08898405858168357,0.09998148419681797,-0.4578893507384321,1.136881570969959,70,57.656,58.488
0.030918378150021877,0.0319999756418899,0.31718137838191546,5.6763453082047715,0.8507840681117906,0.7020911796603987,0.20789002180167623,0.29981169476100217,0.941782529195002,0.07769081059925338,2.3284346539617333,0.18908291384548453,0.1839999999999975,0.1839999999999975,1.778793389193868,0.1280000000000001,0.7999999999999972,0.9945033093313778,-0.9385315980155091,-0.5977099924242527,-0.021961951070967226,0.03418939098227191,-1.2938900109717035,0.9784741586534699,71,58.488,59.288
0.03750864646417146,0.11605981458368367,0.37257410745189534,17.240308114883394,0.7470202637682383,0.21073160992687046,0.16618178276992318,0.10995398203484494,3.6959999999999975,0.1225777526896176,0.8160000000000026,0.030799999999999987,0.20000000000000284,0.20000000000000284,1.7240308114883722,0.13600000000000279,0.8160000000000025,0.9976589076305559,-0.9634272948795629,-0.6236326984152218,-0.04608134872126284,0.08252277322627823,-0.08677256768695696,1.0703797698856656,72,59.288,60.104
0.031089337675916085,0.032000004060942965,0.3664356635927808,5.511603743510777,0.9461129779747365,1.147424134771694,0.262972077014152,0.2889736140971741,1.3439392942689137,0.08565839084482346,4.386279605804599,0.42152804826370066,0.392000000000003,0.392000000000003,1.8248499350457865,0.13600000000000279,0.8239999999999981,0.9955609805286721,-1.3002042328069239,-0.6838910136151805,-0.05622591652552281,0.05794748215453992,-1.173119631200095,1.1260727382868363,73,60.104,60.928
0.03079930221167893,0.03200000424161127,0.3706642494698573,5.1233039877488284,1.1560888315608797,1.252092999710695,0.2891189665678794,0.29700723035759974,1.6025277868264918,0.07996301865955865,3.6599619312907263,0.4311445872393205,0.3680000000000021,0.3680000000000021,1.9003484826156898,0.13600000000000279,0.8320000000000007,0.9956171747384587,-1.4552626689392982,-0.7122207888055327,-0.08638323743461501,0.07923367149952056,-0.9296374757227226,1.1349274317278124,74,60.928,61.76
0.031283261073031955,0.0319999938664926,0.315462911684686,5.344851273712087,0.9560487621713439,0.785697169180944,0.22751821561234148,0.2907837278556349,1.494197790716094,0.07709443116491786,3.5379352290736663,0.1944947199711076,0.21600000000000108,0.21600000000000108,1.7819445231422024,0.1280000000000001,0.8079999999999998,0.9938423719571506,-1.0325548062994103,-0.6218982502940278,-0.03998823361027676,0.05776110434132449,-0.7443603001835198,0.9305977472208838,75,61.76,62.568
0.03456564437476194,0.03200000022429392,0.3577012726002885,6.299942350016684,0.4906212432638221,0.21310895056764284,0.1755552956498571,0.39198072864032457,1.910795123112569,0.07891219781291828,2.0862009520392832,0.03331117632007909,0.20000000000000284,0.20000000000000284,1.7228605693643715,0.1280000000000001,0.7760000000000034,0.9960919402444389,-0.7211065593092572,-0.5215414510644479,-0.0009599147423357957,-0.006045515805639814,5.302192007090077,1.0752651179910313,76,62.568,63.344
0.06347118104899314,0.0639999903198553,0.3919681676331447,5.177402055593793,1.1003131382112434,1.3233100973024692,0.29882603760587384,0.23647551021343685,1.3581076342120106,0.07755608197045025,3.7606057161542745,0.44823150863653943,0.43200000000000216,0.43200000000000216,1.967386308918614,0.1599999999999966,0.8560000000000016,0.9947114934935775,-1.6096086488120938,-0.7240892194473992,-0.09406495696384844,0.06977329971534295,-1.3170267503657973,1.0752651179910313,77,63.344,64.2
0.030793299268848065,0.03199999205479464,0.3466432757029448,6.237888157456888,1.0292985824775256,0.8041039491954268,0.22781175255566932,0.2949118216642001,1.3590005246787797,0.08396553434322264,2.011967248468828,0.2646516876289947,0.2079999999999984,0.2079999999999984,1.9200913850719246,0.1280000000000001,0.8319999999999936,0.9958975085332511,-1.2588979456500775,-0.7013717547543643,-0.05775635417254004,0.08922584675048506,-0.31172932698267913,1.169124868465373,78,64.2,65.032
0.031387340751346034,0.031999960324240094,0.3151511697402466,6.340126934640103,1.0275877623511227,0.9192342768123649,0.21640929171354467,0.26885693901347557,1.6624830498844232,0.08278131707527549,2.0665674423295846,0.31721228811151825,0.2079999999999984,0.2079999999999984,1.9054579694547142,0.1280000000000001,0.8080000000000069,0.9944340487715935,-1.1715543265071533,-0.6680529265454372,-0.06724585562537279,0.11285698900080482,-0.07071986359906517,1.110439624349666,79,65.032,65.84
0.029735333165720558,0.03199999484167637,0.32708778101641284,7.03140108388332,0.9328184958629835,0.8424573720165115,0.20123278798005398,0.32521199946220164,1.0015799587187082,0.08727477589392497,3.3750059847661618,0.17762058520309607,0.20000000000000284,0.20000000000000284,1.8862767752702452,0.1280000000000001,0.7680000000000007,0.9941516869778836,-1.0851999097379053,-0.6287623465095203,-0.028807251774908466,0.04273634356744147,-0.8907729096249952,1.0918753015492753,80,65.84,66.608
0.0314286241147598,0.03199997112083848,0.34029419946052875,5.596713038258572,1.394114121864255,1.5217578233576634,0.2854930060957346,0.3026817661348594,1.32279909460777,0.08213566883952833,1.8996020698890848,0.5445519408196196,0.37599999999999056,0.37599999999999056,2.0030456470266604,0.1280000000000001,0.7999999999999972,0.9948071870647436,-1.626554952293931,-0.7268669119804826,-0.07177804331486899,0.053983673196024456,-1.6904660945407244,1.0010078267894698,81,66.608,67.408
0.030469901401793162,0.03199992938082084,0.3080856842441943,5.989643372630443,0.8892320802839923,0.6209955573726227,0.1906034176788953,0.27305784173042963,1.6825852007010278,0.07874351877003902,2.3023047352160844,0.14150733299764245,0.20000000000000284,0.20000000000000284,1.6796563564076705,0.12000000000000455,0.7759999999999962,0.9943765516151258,-0.8208703832295273,-0.5545174897582289,-0.033264527432907996,0.062395329587677566,-0.34492271455451523,0.8640959461365908,82,67.408,68.184
0.03603536943058142,0.03999989138511963,0.34861490258607264,3.726529882654675,0.4623602224480817,0.3078480436729822,0.1889763773865231,0.35146872328561124,1.2627299915039965,0.06013796105043336,2.3384425897507803,0.0695598713148034,0.4480000000000075,0.4480000000000075,1.4486442935868138,0.12000000000000455,0.7759999999999962,0.9934361385146584,-0.45787200015599966,-0.4085847127104099,-0.00466729632062423,0.011267151549924458,-1.5316642573128516,0.9178958421469327,83,68.184,68.96
0.031150425898572937,0.031999999030011175,0.1919560929346682,3.881218243659241,0.4856515131347371,0.5615857963445227,0.18214654033899336,0.3589916069412733,1.3728952667247203,0.07177911796699538,2.971093516715095,0.31403732569492676,0.20800000000001262,0.20800000000001262,1.2171496981679477,0.12000000000000455,0.7920000000000016,0.9921886949107112,-0.3581819904582703,-0.3703606472395883,-0.0030276483535017244,0.019551405901348903,-0.3516739700640527,1.104577206623226,84,68.96,69.752
0.022987031068163646,0.02376926242570439,0.16800004035141503,3.5957163837553856,0.44450347514834293,0.5004324020081506,0.18486996103415312,0.2783035498514961,1.3975235251651044,0.07001670244456473,2.226939461500898,0.3133148819180035,0.19200000000000728,0.19200000000000728,1.1478205423099646,0.11200000000000898,0.784000000000006,0.9927436073061138,-0.33155246129999905,-0.3561894586682068,-0.00415316847618196,0.028714862373923126,-0.08907496157436262,1.1319351560132755,85,69.752,70.536
0.030215233057504873,0.03199998076225857,0.3679999924282721,4.299658952399283,1.0859031970092319,1.2761295614431072,0.2960994071751251,0.29701123534459345,1.3768966915778653,0.09728462590460565,3.9743262530627628,0.419552589154846,0.3760000000000048,0.3760000000000048,1.4162443435277765,0.17600000000000193,0.7999999999999972,0.9778395065022982,-0.832922388821037,-0.5061227157386499,-0.06808586164836619,0.06188395631320189,-1.1518075050274839,1.1994140267186415,86,70.536,71.336
0.030165455764499208,0.024000011006991128,0.34234614425258936,4.6895556581695,0.7523565546095177,0.295528022042294,0.1860777823846549,0.18072145819906385,0.9753308001040419,0.06082072922995356,0.7841945635783927,0.03183736383554885,0.21600000000000819,0.21600000000000819,1.688351571314697,0.11199999999999477,0.784000000000006,0.9940872917754926,-0.692885385257709,-0.5082703330715715,-0.027162470622045704,0.06895403344059141,-0.10144728161319631,1.2590152736041054,87,71.336,72.12
0.029827699820560192,0.031999994893324724,0.34949206695243806,3.348308328460026,0.46944751358291725,1.0176294796368732,0.2311190602181659,0.5364205062063114,0.21548189504459248,0.051320142151590135,3.4385921004576265,0.09973020843916314,0.22399999999998954,0.22399999999998954,1.7052466524985612,0.11199999999999477,0.7839999999999918,0.9921397397231517,-0.6268193069016812,-0.4720042780797816,0.009448568667498247,-0.07183872726383118,1.0040998811999708,1.14665226718069,88,72.12,72.904
0.03005415193236159,0.03199996409485967,0.17620048358372958,5.543475407744906,0.9127800073396047,1.006888315466409,0.1873413896595757,0.34372619861427733,1.5240787078417521,0.06146968687349822,3.6668012832424,0.2662563811040768,0.2079999999999984,0.2079999999999984,2.0128944150153436,0.11200000000000898,0.7920000000000016,0.9922590977964159,-0.9704006649123829,-0.6048457583220971,-0.007756913302766011,0.023742822595075094,-0.7687384155753675,1.14665226718069,89,72.904,73.696
0.030563916603447316,0.0316509128324385,0.1760000037696041,7.439899772430168,0.4973244026111018,0.7429758769795122,0.1686507274296487,0.30212738474721795,1.6499753298191813,0.0745714291721801,3.000676553680794,0.5120694065934956,0.19200000000000728,0.19200000000000728,2.0767841769684274,0.12000000000000455,0.8080000000000069,0.9927027686953132,-1.0022463322186526,-0.6277723849534717,-0.007039729160839072,0.03616048491824469,-0.13846205732285874,1.2375197419404957,90,73.696,74.504
0.03201159036481943,0.09369824389635431,0.3421163579187827,21.561596876433452,4.312319375286715,3.5406485276943425,0.21678006615845843,0.2392037685433909,1.0560000000000114,0.14850450117132388,0.9341794841858606,0.3520000000000038,0.6479999999999961,0.6479999999999961,2.156159687643358,0.11999999999999034,0.8239999999999981,0.9949189289346824,-2.771916447764224,-0.9918657368415563,-0.7841066232024388,0.4097827867001774,0.0896117290813563,1.1893466588475567,91,74.504,75.328
0.02885234560999826,0.02400007073064634,0.341518954634097,5.749340700337613,0.496935101463398,0.3776643010370336,0.18530210841874098,0.20763688191201232,1.5726341557133774,0.06873139121245775,3.703211175363176,0.03219259516983479,0.2079999999999984,0.2079999999999984,1.8891156997317164,0.11999999999999034,0.7920000000000016,0.9957258536589046,-0.8763462443001481,-0.5789782391213381,-0.013611305014359629,0.02273190252987782,-1.3518469042517038,1.018595079968787,92,75.328,76.12
0.027742774056021578,0.10586054683623981,0.36563361127936117,19.85583151050139,1.2049201706795196,0.3453701374407523,0.18195774792473818,0.1026650069261144,3.648000000000024,0.13192160596564734,0.8079999999999928,0.035543017533937155,0.19999999999998863,0.19999999999998863,1.9855831510501394,0.11999999999999034,0.8079999999999927,0.9975372771970864,-1.5288789126193303,-0.7741033796557231,-0.13305019766031778,0.15002859582708056,-0.026448318048242003,1.0938294407914217,93,76.12,76.928
0.03128455369920979,0.031999972870128804,0.184075320338682,6.471608714596919,0.6437199281686158,0.6252815029191634,0.19563518858824946,0.3146819901605738,1.3136480675686708,0.07863214730662675,1.3900781569655596,0.4945025057516498,0.20000000000000284,0.20000000000000284,1.9923600835429267,0.1280000000000001,0.8160000000000025,0.9940719259717419,-1.0327257674374963,-0.6387460772262622,-0.008118803903086457,0.027193870701522606,-0.7676837817398847,1.0860128838228365,94,76.928,77.744
0.03502646556969842,0.03952406775146981,0.33599997941455556,5.572346127887892,1.5202468261550561,1.25640634704888,0.2951489592096398,0.30168772350180983,1.5096784776091279,0.07686084767981208,2.8465003161865345,0.3054749587600922,0.3919999999999959,0.3919999999999959,2.133097267555489,0.1280000000000001,0.8319999999999936,0.9945209110712397,-1.8514340481372233,-0.7946378405873527,-0.10530927824583115,0.08357284262318428,-1.0609299388769646,1.058654934432787,95,77.744,78.576
0.029755089885783383,0.03199998367188966,0.3137796476188026,6.097464719615181,1.0635850847093704,0.9295271573613444,0.21855062318873647,0.2879750462690517,1.5208063712924935,0.07267010757365654,3.507125639182819,0.19653919619137566,0.20800000000001262,0.20800000000001262,2.0945987625992846,0.12000000000000455,0.8000000000000114,0.9947668454066793,-1.3291004011302434,-0.7066615944553984,-0.05579203488582263,0.0820800237633498,-0.3659793392534578,0.9442767219159086,96,78.576,79.376
0.035245648155782267,0.03200005436267424,0.34984253024521156,5.949841919976439,0.4668346751074737,0.2436956932308928,0.176304815671539,0.38722337290709335,1.4118065507627862,0.07202301020749716,1.69668211817378,0.03098983174458166,0.19999999999998863,0.19999999999998863,1.8348457029279688,0.1280000000000001,0.7999999999999972,0.995514290233653,-0.7697874615850179,-0.54479629878986,-0.0027926898559876394,0.0016910671006366736,-11.904567805480818,1.0195721495898604,97,79.376,80.176
0.03339318351921144,0.03207157539279642,0.3439999978701353,4.6696864363439765,1.397108015491192,1.4924878371172579,0.31351568432624743,0.3163453321292001,1.5317373299492425,0.07087116221124495,2.3899869674546697,0.5275517908232226,0.3999999999999915,0.3999999999999915,1.9343150494560246,0.1280000000000001,0.8160000000000025,0.9953021492361814,-1.5260639062128292,-0.6985008402955107,-0.07918056628556783,0.05966565123984742,-1.5838451073922293,1.0088243837580553,98,80.176,80.992
0.0347517791876422,0.032000012549577156,0.34181532012448246,4.957176149353733,1.001762652418447,1.085119273466851,0.283887923861566,0.32590735570997365,1.1777209451914272,0.07293412848697141,4.329415473075121,0.34598292667978536,0.3919999999999959,0.3919999999999959,2.001776316100488,0.1280000000000001,0.847999999999999,0.9960692470932425,-1.4533722678801804,-0.7260554409875689,-0.03900882400338636,0.038812192871969915,-2.087709711218885,1.0322740546638114,99,80.992,81.84
0.030030764300696386,0.03199998715328498,0.32769601510585755,6.5248348930767,1.1520831666246905,0.9878518552094258,0.23300583668020872,0.2798050991941221,1.2243473669062055,0.08378359295255243,2.7790631723123824,0.2012356368985209,0.20000000000000284,0.20000000000000284,2.0226325460310024,0.11999999999999034,0.8239999999999981,0.994233222070086,-1.452492382309546,-0.7456861576079801,-0.06729506925802299,0.08513271347312247,-0.517072315529813,0.9393913738105425,100,81.84,82.664
0.03587483939446473,0.11484644608735879,0.34960584221012786,18.562485019363706,0.7923013842065122,0.26741844735157094,0.1611305289018006,0.06958719865045308,3.551999999999992,0.11818985330006883,0.8079999999999928,0.0309174173341921,0.21599999999999397,0.21599999999999397,1.8562485112233196,0.1280000000000001,0.8079999999999927,0.9974025707306936,-1.122888066199809,-0.6729540444827606,-0.07225357467084335,0.12530428988580064,0.10515308075542198,1.0374434054720394,101,82.664,83.472
0.03077929443928738,0.031999987215908236,0.336062437540969,4.7479294213052015,1.3093296558464687,1.0137163834276577,0.31678260389868157,0.33367214671967477,1.2941048015574026,0.07679540357173656,2.308730194943852,0.3954484835531384,0.4000000000000057,0.4000000000000057,1.926567931919877,0.1360000000000099,0.8240000000000123,0.9954786416725159,-1.5014445287328222,-0.696691667749148,-0.03606030385101127,0.018330719160233492,-6.2692811816285055,1.1466522671806902,102,83.472,84.296
0.029016846492512623,0.031999991998802074,0.351362058822135,5.54336157446552,1.4893750605890013,1.2309855715923246,0.32096558880167536,0.3238229223922373,1.4566151819473376,0.08760024956768052,3.6269946719820023,0.3168511536847732,0.38400000000000034,0.38400000000000034,1.989290820945865,0.13599999999999568,0.8319999999999936,0.9968213593773119,-1.8436778076553813,-0.7705534042292221,-0.08162633683834838,0.05075194206756631,-2.394890520904114,1.0899211623071292,103,84.296,85.128
0.03127973770441451,0.031999997746079915,0.33923727447432317,4.803509966968228,1.1286187578266533,1.2093077575578204,0.29471930069424856,0.2847802567684498,1.1874744069209036,0.07712689687759886,4.43862433605089,0.32138337669631456,0.4000000000000057,0.4000000000000057,1.846660633093852,0.1280000000000001,0.8239999999999981,0.9943097308648821,-1.365716813566066,-0.6803581034964109,-0.06653970226062776,0.06009218964329486,-1.367042745671755,0.9481850004002013,104,85.128,85.952
0.034870589319955826,0.03200000051982177,0.34213501749703573,5.709768219419717,0.4664356444369146,0.279334822803337,0.18438636877835304,0.19387371010325588,3.1093327046232027,0.07416935372015027,2.0868106033439697,0.04023578252351068,0.21600000000000819,0.21600000000000819,1.696345800874019,0.1280000000000001,0.7999999999999972,0.9956627286244988,-0.7586679170701113,-0.540925798937955,-0.015094232168359088,0.04500308572659421,-0.23691974884852587,0.9120334244204937,105,85.952,86.752
0.035452279670414796,0.11118472125631851,0.3653847361593831,16.95070104803922,0.8116296492343861,0.19937141456407503,0.17964559185259937,0.06954246971770309,3.5999999999999654,0.12939334022544094,0.8160000000000026,0.036155867537473615,0.21600000000000819,0.21600000000000819,1.6950701178425351,0.1280000000000001,0.8160000000000025,0.9980730354479401,-1.1446230402945383,-0.6714209502219315,-0.08163717185229676,0.11373106250364814,-0.07982193316207681,0.9667493232005915,106,86.752,87.568
0.031049939399647123,0.03199999439788136,0.35260480879395745,4.8127938288904595,0.9546610607730253,1.1543309757163212,0.27297605769324146,0.30688336500781205,1.2878692103593719,0.07691119481331651,3.97036693814921,0.41262908251464625,0.3919999999999959,0.3919999999999959,1.8090543248166282,0.1280000000000001,0.8320000000000078,0.9952790730271713,-1.2090501634496682,-0.6608661149788364,-0.04989123123010946,0.056169772566047146,-1.1361089569320981,1.0850358142017633,107,87.568,88.4
0.030686430475322123,0.031999954516634024,0.34400001896581733,4.4177030201503955,0.9750698249024748,1.1585311809076733,0.2832979578394916,0.3301428286932334,1.0914186044681715,0.07382830965579132,4.513326068266527,0.3391764230275678,0.3919999999999959,0.3919999999999959,1.7756388693074543,0.1280000000000001,0.8319999999999936,0.9953111021631338,-1.13255211509885,-0.6342178695178964,-0.04013357611958554,0.04545722662318227,-1.4623660127671332,1.0371594027691773,108,88.4,89.232
0.029813609093427604,0.02400000322239556,0.30753525504736035,5.030308269464124,1.034518673751802,1.1361419056481155,0.23406610647607334,0.29347902334525167,1.0700002184081987,0.07082401239712266,4.430640011404531,0.23274236613466873,0.21599999999999397,0.21599999999999397,1.82879307767405,0.12000000000000455,0.7999999999999972,0.9933319963881182,-1.0736449588165318,-0.6275986987459439,-0.049637436398805246,0.06675145264759673,-0.6749277546479083,0.9892219244852747,109,89.232,90.032
0.03262808822387969,0.10567880205942401,0.3396680949292904,18.762553551764604,3.7525107104232465,3.7525107102542448,0.30883491987280426,0.2056989765121298,3.6479999999982082,0.1982133557687068,1.688804206991746,0.7855549427550297,0.2079999999999984,0.2079999999999984,1.8762553552116266,0.1280000000000001,0.8160000000000025,0.9974841083754188,-2.9922600664481336,-0.7708059458164122,-0.8488507425379238,0.1966395284527901,-1.0949415686986965,1.0733109787488848,110,90.032,90.848
0.03445041256311164,0.03200001695610223,0.35374886376197107,4.743728247661601,1.0907937095826212,1.2913012850382217,0.299430896312234,0.30968737306430116,1.3824459829075264,0.07159920661631837,3.972620495226226,0.44703171598782443,0.4159999999999968,0.4159999999999968,1.9566946558068565,0.1280000000000001,0.8320000000000078,0.9953595402524873,-1.4668186978221252,-0.7068036346310438,-0.05958158756324518,0.05335138252717449,-1.56224108492713,1.0772192572331776,111,90.848,91.68
0.02941739613015043,0.031243136051595476,0.17600018282483407,5.9207683848796435,0.6215269565277163,0.6691907342968152,0.19383441518822192,0.385499618443436,1.3028481936807856,0.07473801124587298,2.458388362805849,0.3673153099979543,0.19999999999998863,0.19999999999998863,1.8933384610883006,0.1280000000000001,0.8239999999999981,0.9949006444583562,-0.9168122007272823,-0.605407523422971,-0.0025403595272061276,0.009644835512878827,-2.404195879182635,1.063540282538153,112,91.68,92.504
0.03151579829304058,0.03199990822725999,0.31326958045583564,5.850103832171089,0.9796048667919259,0.8854415836164888,0.21741127413828504,0.2740626332246649,1.4791204531310913,0.08165834539848808,3.3001325702474,0.21243254939067954,0.2079999999999984,0.2079999999999984,1.7748986976184558,0.1280000000000001,0.8079999999999927,0.992587634064211,-1.0297595840447504,-0.6257480627819031,-0.053532029690516195,0.08553366842151215,-0.28851045437313544,1.0146868014844943,113,92.504,93.312
0.029937063992178214,0.03199996315044597,0.35121833352314136,6.843183077596792,0.43088128823057026,0.2466861430262339,0.17858241778304368,0.1814921813393195,2.1263827600213765,0.08215174509516467,1.9415213209883762,0.03496094847475999,0.20000000000000284,0.20000000000000284,1.7822884527288148,0.12000000000000455,0.7920000000000016,0.9944878764146153,-0.8270379173586905,-0.5673714079327912,-0.013239250000654436,0.037653261836270574,-0.41176188965635324,1.040090611632397,114,93.312,94.104
0.03490584076327497,0.12633468244690071,0.13687514224856176,18.490570917112986,1.8998967209430104,3.7139620662546737,0.154922358448566,0.13632039687535544,1.2503025878019438,0.11499526678108853,15.840000000000028,0.308592208857853,0.21599999999999397,0.21599999999999397,1.856981033127337,0.1280000000000001,0.7920000000000016,0.9934671267683146,-0.9983124937347023,-0.6294455872710315,-0.018173747000736516,0.05498926068657937,0.010739550159060978,1.0915927351990709,115,94.104,94.896
0.034733011247352716,0.0319999995428647,0.3426227595719885,5.245813226645504,0.5284989158509723,0.2854335065734376,0.20328489925622462,0.18978723452371743,3.040222357233736,0.06739959076591369,2.137606360246114,0.03411680997615495,0.21599999999999397,0.21599999999999397,1.8582570287777487,0.12000000000000455,0.7999999999999972,0.9955708943554841,-0.925291530628498,-0.5909803210884307,-0.017704889172695047,0.0396045392463344,-0.6172378407357711,1.01957214958986,116,94.896,95.696
0.03050997762219675,0.03199999303769972,0.19158162740327198,5.295786876001247,0.7457217223120404,0.7742785064464003,0.1843460109138506,0.42776639011846745,1.19818420424622,0.06751325080755682,3.1013957126624443,0.3011893768920446,0.20000000000000284,0.20000000000000284,1.7790796619147087,0.12000000000000455,0.784000000000006,0.9931498644081945,-0.7530488950651613,-0.5326954692036815,-0.001368641584026546,1.6577035357398474e-05,-1784.2485738225184,1.063540282538153,117,95.696,96.48
0.0360589740337001,0.039999957737225006,0.17463243766894826,5.9042633885325095,0.7893702795163957,0.8252878420172853,0.1918322036685052,0.29582490144461154,1.0758106601738486,0.07030607021273519,2.257515394124265,0.24826778206849456,0.20000000000000284,0.20000000000000284,1.9082655524541055,0.1280000000000001,0.7999999999999972,0.9946294702026242,-0.9711648768116284,-0.6085911528941105,-0.0030413671752777325,0.004131101565677886,-8.37457099303732,1.0684256306435185,118,96.48,97.28
0.03071320275718631,0.03195496956779788,0.3520000162707283,4.970524896370426,1.0619194234418141,1.0519987439961818,0.294172305594124,0.35619220652343675,1.1036175170627367,0.075951853690748,4.502890866974112,0.3427726567185241,0.40800000000000125,0.40800000000000125,1.9920156930846824,0.1280000000000001,0.8160000000000025,0.9947156601869059,-1.4751855231965771,-0.7024187123480548,-0.02041285010202269,0.006610071805344305,-15.556415170222909,1.0596320040538607,119,97.28,98.096
0.03073454809415975,0.031961594063032506,0.17599996453493305,6.03866862164777,0.7935094846671474,0.8045661248504439,0.19145677601431613,0.3273481117327933,1.424840426082568,0.07087249745431774,2.6004514252785387,0.265098076898065,0.19199999999999307,0.19199999999999307,1.9584822607128867,0.11999999999999034,0.8079999999999927,0.994214480119605,-1.0008028035059984,-0.6240725348726208,-0.006136760116460867,0.021293312327244875,-0.9051135440460542,0.9745658801691769,120,98.096,98.904
0.027186360574771074,0.10229762100753231,0.3406294568274823,17.154924718728655,0.9812905471463582,0.32408012055244395,0.16408561474391686,0.09299118942460667,3.551999999999992,0.11974784210689145,0.7840000000000061,0.03675823615825023,0.19200000000000728,0.19200000000000728,1.715492472189631,0.12000000000000455,0.784000000000006,0.9975707127987177,-1.0021850919186561,-0.6271140053244179,-0.08847418941883314,0.13477752554452693,0.08170624325629547,1.00761812673103,121,98.904,99.688
0.03605903200361441,0.11308483528750046,0.37182113366864983,17.270960687911433,0.49240867027512414,0.234239137420358,0.15131394215462646,0.05199999999999961,3.551999999999992,0.11165713234160378,1.2426494470119236,0.029599999999999942,0.2079999999999984,0.2079999999999984,1.727096068791191,0.1280000000000001,0.7999999999999972,0.9973619578677733,-0.8844148099256277,-0.5963927423900842,-0.03808039458551907,0.08611326307143695,0.0651883417336664,1.0520542057663906,122,99.688,100.488
0.031002688678776435,0.030897212385656993,0.1760000674984021,6.769383699602049,0.8280067955332294,0.7546575969282739,0.19327128129137064,0.3205078567200749,2.209938290488374,0.07706142554749844,2.9968173031892427,0.3314834854464102,0.20000000000000284,0.20000000000000284,2.0098183036373847,0.12000000000000455,0.7999999999999972,0.9930358339234786,-1.1302723180800516,-0.6610632375844726,-0.011511456860059128,0.0331512289201915,-0.7152817909376151,1.0928523711703484,123,100.488,101.288
0.035732843641718755,0.04000000665147552,0.17265422044433704,6.1145080233048725,0.9869241469009468,0.9323615480178118,0.19433890644031573,0.4418071506825079,1.333835254276147,0.06941871621319066,2.986051939565729,0.24784209258326434,0.21600000000000819,0.21600000000000819,2.054066151959905,0.1280000000000001,0.8239999999999981,0.9949568299887858,-1.0956882037372044,-0.6562165656818171,0.0006294158946248394,-0.01926014985885625,2.109113601482736,1.0264116369373726,124,101.288,102.112
0.02595606088656894,0.0960000210930916,0.3192059969816082,5.427182402454285,0.9109092475424898,0.6584201493308883,0.2147611476985863,0.37206647355207517,1.3249467590765032,0.07402193625230595,2.6036143644103227,0.21137375168887967,0.20000000000000284,0.20000000000000284,1.9761992974494,0.12000000000000455,0.8000000000000114,0.9948436808487376,-0.9904007651864415,-0.6141265117712612,-0.006018042224320618,-0.0005173423516115382,93.62595937433176,1.04106768125347,125,102.112,102.912
0.030143195444083812,0.03199989641041169,0.3419954145244062,6.617887340804857,0.3639940085824862,0.30743064150927435,0.16989924026721226,0.17538978637567287,1.7682458250887372,0.07738951117444536,4.012623900055539,0.0364328981108373,0.2079999999999984,0.2079999999999984,1.7763580910506662,0.11999999999999034,0.7919999999999874,0.9955115843319007,-0.752976812422437,-0.5406971519047519,-0.011037787280389247,0.03207126220369656,-0.37079210858822176,1.04106768125347,126,102.912,103.704
0.029299671423190385,0.03199989124898586,0.18289456480974167,4.922212781486413,0.7926581868291549,0.7444786099103237,0.18775715227954362,0.4232357759422489,1.5729158513948274,0.06363478640591254,2.7338529076126923,0.3180181932457599,0.20800000000001262,0.20800000000001262,1.7750150557044662,0.12000000000000455,0.7920000000000016,0.9935059442121357,-0.7360330669351836,-0.5280721519185643,-0.00383878810575017,0.014306761907383392,-1.352258657846573,1.0273887065584455,127,103.704,104.496
0.028982642111402165,0.03199987646703304,0.344269660154912,4.5256652939604205,1.516013458616042,1.1499282171740475,0.31814866871140995,0.31984320155477247,1.4998290337092601,0.07051523422775416,1.983919735215674,0.40574037921886236,0.38400000000000034,0.38400000000000034,1.909059643884772,0.12000000000000455,0.8000000000000114,0.9952975238925874,-1.4615540925211394,-0.6724544959394217,-0.07554073235644851,0.053415484645802765,-1.8193225273286522,1.0381364723902506,128,104.496,105.296
0.0355240110900703,0.039999992662676113,0.17503983096937176,5.926310091603839,0.9648981399614496,0.8131801477577221,0.20341489838008,0.2809627931482146,1.5412543588629974,0.06930735349807354,2.244370795593896,0.23674920504340158,0.21599999999999397,0.21599999999999397,2.003066773520824,0.1280000000000001,0.8159999999999883,0.9938757867047799,-1.1430849843887043,-0.6647113605814877,-0.00908268448899986,0.018358852389718208,-2.205474163702559,1.0684256306435187,129,105.296,106.112
0.02601915478745682,0.10357991902271466,0.35606647427456206,19.603452541772345,1.0261573239308537,0.2944553447676853,0.16857775183286255,0.08988315865925942,3.5520000000000773,0.12319666317795422,0.8000000000000115,0.03701993904007839,0.2079999999999984,0.2079999999999984,1.9603452541772348,0.12000000000000455,0.8000000000000114,0.9980099241658613,-1.3328459950720195,-0.7309312975904896,-0.10669276035028853,0.13743735738030644,-0.004552663746235423,1.0527925167063479,130,106.112,106.912
0.028690051835715626,0.024000000754805878,0.312174503476527,4.343146863591439,1.0265739521727362,0.9087710645199076,0.24632698508066192,0.311866903990118,1.3619470395498552,0.06339551615154998,4.088866755555919,0.2191589408055518,0.21599999999999397,0.21599999999999397,1.8084190245022478,0.11199999999999477,0.7839999999999918,0.992739512424351,-0.98187198939276,-0.5861434239931075,-0.042872636716315436,0.056617830178146845,-0.8355354280888767,1.0361823331481044,131,106.912,107.696
0.029257919675067624,0.10780254297690206,0.33600001134761803,14.92138233417926,2.121827436534959,3.35645432150066,0.2747214918867252,0.135216940819394,3.591468953217314,0.17035052567069509,4.5483852891086745,0.7899733551774764,0.2079999999999984,0.2079999999999984,1.8100779182793545,0.12000000000000455,0.8080000000000069,0.9976306771781202,-2.2242272912903287,-0.759444905848132,-0.5935148493288914,0.22560052902483957,-0.4485141932165697,1.0547466559484946,132,107.696,108.504
0.028104885871081613,0.10845804965386979,0.15200006243688807,4.878020167856221,2.668896231073216,2.225404135025048,0.39994995689193164,0.18132202739404263,1.4732444919343801,0.09696955339223577,0.8465677293588002,0.8026095056673422,0.19999999999998863,0.19999999999998863,1.8627800586575658,0.11999999999999034,0.8239999999999981,0.9952472108274126,-1.7441485652368536,-0.6631172949016798,-0.24117125784447568,0.0929431084446936,-1.526301893957362,1.0371594027691773,133,108.504,109.328
0.029938522376880744,0.03199999038279851,0.1777014535195096,6.294986746792402,0.8561140783282167,0.73049286693457,0.1884801673658023,0.3240719278282771,1.873846581450295,0.07248084108174839,2.1779006789758593,0.2897634538328674,0.19199999999999307,0.19199999999999307,1.9827718256639906,0.11999999999999034,0.8319999999999936,0.9916084402284636,-1.0142382148031144,-0.6392096460607015,-0.01058085026573342,0.03744953308538062,-0.4373480051409395,1.0381364723902502,134,109.328,110.16
0.031748878429571525,0.03199971751880402,0.34360307379055555,7.0328929818514085,0.4038330590295799,0.3392639047349283,0.17691872814422474,0.17461865534402568,1.4984963479381734,0.07776527122346845,3.7126316815307105,0.03533560244010264,0.21600000000000819,0.21600000000000819,1.9408994243072457,0.12000000000000455,0.8160000000000025,0.9947320498594825,-0.9483871006631915,-0.6144108980509434,-0.012616832959635884,0.02911860645912628,-0.6875268342961912,1.0137097318634216,135,110.16,110.976
0.031091448923072043,0.03199975474773741,0.3511226089398368,7.423281940226357,0.406306049949594,0.27706781929581353,0.17762312512347314,0.17654842756694109,1.8788541873405555,0.08294053165651911,2.5422412733551294,0.03194395865228449,0.2079999999999984,0.2079999999999984,1.9008533048540148,0.1280000000000001,0.8160000000000025,0.9955581425174032,-0.9407936225433988,-0.6144164260196089,-0.012680227428105302,0.03484990138566543,-0.4883655327681755,1.0557237255695677,136,110.976,111.792
0.027137545917757737,0.03199987309633333,0.3480937846246639,5.0378836989383435,1.3701996596831918,0.9319573261776926,0.31861186759160787,0.32449259159794047,1.2538824758818705,0.07515254770098616,1.9106103742337144,0.3952620778503724,0.3919999999999959,0.3919999999999959,2.100884873321115,0.1280000000000001,0.8160000000000025,0.9961950322585725,-1.7353149062045576,-0.7461229590685106,-0.037589401408894996,0.016710204879199442,-7.122487461620763,1.0703797698856656,137,111.792,112.608
0.036054441500333226,0.039999997588479,0.33691959335615884,7.178840001852771,1.1559507471254051,1.1765452497058435,0.23738859149292701,0.28528215582270655,1.345871903777147,0.08533155300655414,3.7275322341966977,0.2878595750135696,0.2639999999999958,0.2639999999999958,2.2104332481165736,0.13599999999999568,0.8399999999999892,0.9962148617521452,-1.7898758074868226,-0.8306708449164841,-0.07987699122665508,0.09154119238615785,-0.5503896003720207,1.0342281939059583,138,112.608,113.448
0.0294747833963464,0.031999983397695685,0.3420209283231541,5.094971296776886,1.1944554279330173,1.066616388855588,0.3016638692274922,0.31966627900565614,1.4570035079865038,0.07877160033727025,3.9566904029716587,0.3474621734974782,0.3760000000000048,0.3760000000000048,1.9550605003905213,0.1360000000000099,0.8320000000000078,0.9958655963403845,-1.5703275443409004,-0.7319891709206929,-0.051362130040093476,0.03775646087526775,-2.7101653663841554,0.9647951839584452,139,113.448,114.28
0.029549718321269937,0.03192289211816001,0.6079999204029979,4.722529544962333,0.9226912086548621,0.79028808619933,0.22185107114831087,1.0703788414041406,0.13734311824129036,0.06634902639582865,1.8848807302012422,0.11394128303039049,0.5999999999999943,0.5999999999999943,1.9843017792947513,0.1280000000000001,0.8160000000000025,0.9945388879036128,-0.9183755501186229,-0.5929651309433476,0.004182510686886547,-0.02701399458111912,1.6245810108822447,1.036182333148104,140,114.28,115.096
0.02987370725016678,0.032000000035086636,0.34399999844505985,5.524685046083103,1.1958786524690523,1.0954324494554943,0.28727760019350157,0.32269587527599203,1.1277666666671684,0.08140001439038469,3.216302598304075,0.34274237080022146,0.37599999999999056,0.37599999999999056,2.0624532072301642,0.13599999999999568,0.8160000000000025,0.9961056642615312,-1.6317255876955772,-0.7428012719754954,-0.03776498788792658,0.022226770232655138,-4.796891614029547,1.036182333148104,141,115.096,115.912
0.036066673304247406,0.03999996374093527,0.3592642312608874,6.596099835427543,1.1876194752341243,1.3089376085142612,0.2731824852115223,0.3281952534859629,1.3050433185218098,0.08730786731851907,3.456294936982768,0.44839028352582244,0.3999999999999915,0.3999999999999915,2.2398635648495775,0.14399999999999125,0.8239999999999981,0.9956740551436448,-1.9548671144107053,-0.82237971512967,-0.04570682098454793,0.028582569485903327,-3.6002093243614155,1.0303199154216653,142,115.912,116.736
0.03741601701161637,0.039999963059011774,0.34318121949567315,9.570402039449986,0.8615328786556207,0.5005436796808891,0.1990469901084872,0.21375647712899443,3.301104448536964,0.09148131890374417,2.2321016633942685,0.13644279485796088,0.23999999999999488,0.23999999999999488,2.3566220672545737,0.1599999999999966,0.847999999999999,0.9969554982964931,-1.799037966904376,-0.8600856274461186,-0.06005978707868231,0.09812733238494534,-0.2174819248240292,0.9833595067588355,143,116.736,117.584
0.02760833941585516,0.03199999618637063,0.32801800720865915,4.856289187260054,1.1640222653368124,0.9701498352230606,0.29790906278982393,0.2828204701092271,1.2409464940036776,0.07734576258915682,3.261691358632218,0.29704994390289124,0.367999999999995,0.367999999999995,1.8759867076455885,0.1280000000000001,0.8079999999999927,0.9965127608943558,-1.4090917835873715,-0.6802440155039504,-0.049358320278203645,0.03634233491524909,-2.686266338633922,0.8445545537151274,144,117.584,118.392
0.03728144454144764,0.03889757949048759,0.5760000299203721,4.517549098123205,0.5875677301361558,0.6052105517642213,0.209902663877767,0.9161431420148818,0.22099588858268832,0.07099339755063523,3.055694446090946,0.13037076226095282,0.5760000000000076,0.5760000000000076,1.7094520903591772,0.1360000000000099,0.8160000000000025,0.9940313418534469,-0.689699788003848,-0.5142221100415175,-0.0007415587603966981,-0.005013157655563367,5.750314742091902,1.1094625547285923,145,118.392,119.208
0.03676284255688341,0.039999955640684315,0.35902809411825726,4.442448466896971,1.1532411609302116,1.26239312060583,0.3070089341672154,0.31779255546423857,1.5876558646508845,0.08034971650311748,4.015139303906095,0.44353202747104514,0.40800000000000125,0.40800000000000125,1.6781483074145203,0.13599999999999568,0.8320000000000078,0.9955026147083325,-1.1994476680337045,-0.6277215765953548,-0.06349787667615636,0.053342384348694406,-1.5940030239315943,1.1094625547285923,146,119.208,120.04
0.02904314967610081,0.03183336331882039,0.33600001465029,4.280077166688189,0.9809212146690673,0.8814054284317017,0.2856832300552434,0.3268320863362974,1.6974748046682686,0.07559612135533096,2.4880165731030948,0.4595224379275208,0.3999999999999915,0.3999999999999915,1.6743846212341442,0.1280000000000001,0.8399999999999892,0.9958877362315172,-1.0574030306682525,-0.617486807110799,-0.03903722721533007,0.045734128091779624,-1.4265677070696403,1.1466522671806905,147,120.04,120.88
0.02793678093435579,0.03199999531558757,0.3261296643242401,6.3215166262835245,0.9471168797117101,0.8976720324142554,0.23375115743987557,0.25547920044023903,1.1363148997198764,0.09385903431909515,3.829410916892364,0.22901131608089728,0.2880000000000109,0.2880000000000109,1.6868438500535188,0.16800000000000637,0.8000000000000114,0.9966934187689975,-1.1446788802287586,-0.6456226731096959,-0.05061967315631104,0.06091456893824308,-0.884542646702438,1.1143479028339585,148,120.88,121.68
0.031060174735517938,0.0319999902253948,0.32277168405831386,6.47062953204084,1.0886939643837015,0.9301794163982846,0.2270096790541303,0.29779087562259765,1.3148025630911735,0.08737807195108994,2.8351100672883924,0.24671654896221507,0.2079999999999984,0.2079999999999984,1.9059208426669199,0.1280000000000001,0.7999999999999972,0.9938394921924524,-1.2549211725447535,-0.6796521481991585,-0.05370517419097738,0.06872965086601615,-0.6702240292062944,1.0674485610224456,149,121.68,122.48
0.031288631356845995,0.03199998843641946,0.3618439266824355,5.789460316681316,1.3339486468817556,1.1067488921465953,0.31098241469335175,0.3105618369512944,0.8989117694754852,0.08816310460096154,4.021248229943105,0.24560162211430966,0.3919999999999959,0.3919999999999959,2.065780596199404,0.13599999999999568,0.7839999999999918,0.9942765824032119,-1.8367849491007675,-0.7273939881075893,-0.02849483438003635,3.703335022753486e-05,-3658.82088711828,1.1231415294236167,150,122.48,123.264
0.03498709859858338,0.034297721757396864,0.32000005862821435,4.677421769250978,1.0617609271491093,1.0512628960955983,0.2749296677727254,0.27941680619721054,1.1457832273610884,0.07129043257222294,4.283079354825764,0.2862547975269813,0.3920000000000101,0.3920000000000101,1.8379590801772197,0.1280000000000001,0.784000000000006,0.9944613128852522,-1.2236025361640905,-0.6278568939802276,-0.044642290872083705,0.039106835829940276,-1.9707920397936571,0.9120334244204934,151,123.264,124.048
0.034460254425279016,0.03200000812432129,0.3273804835757968,5.29611252777989,0.9031868475699916,0.688866700692822,0.229143902480407,0.29308601417142993,1.2711384913371635,0.081159642353522,2.554549927768762,0.20656615051406307,0.21599999999999397,0.21599999999999397,1.6993030671016531,0.1280000000000001,0.7999999999999972,0.9939114745506452,-0.9577469768194179,-0.5911905742146074,-0.03412188201900867,0.051291076881684626,-0.8144286977155833,0.9276665383576645,152,124.048,124.848
0.030684134800554028,0.03199981422159762,0.1824853479273334,5.166733205407696,0.4924926013207339,0.5523096050606402,0.19397860623806795,0.3552326290919256,1.3020055701493056,0.07738943203974283,1.910156479613552,0.408734852568482,0.20000000000000284,0.20000000000000284,1.6031467413198108,0.1280000000000001,0.8080000000000069,0.9930551642807371,-0.6606246389622035,-0.5084099426325588,-0.0033604330225672973,0.020490597141669138,-0.44846766656426296,1.0606090736749338,153,124.848,125.656
0.03065112897946291,0.031999999117604865,0.1893981716152307,4.699969335871386,0.5933603839177547,0.8009070686095795,0.18580940616736172,0.4205617597058632,1.0297730580308015,0.07024785112554509,3.288610264436686,0.32169630947327893,0.2079999999999984,0.2079999999999984,1.54612857178973,0.11999999999999034,0.7999999999999972,0.9915996059024565,-0.5710366283651851,-0.4694372363781997,-0.0018121574520574197,0.00588101254401869,-2.8862025858299556,1.049861307843129,154,125.656,126.456
0.028858305172034898,0.03199861708158899,0.33518595173518245,5.80793513830163,0.6166384325884795,0.30326470281392665,0.17977297104377404,0.20257262630179473,0.9370619339785768,0.07409796537066356,0.9225146653261458,0.03516622770823491,0.20000000000000284,0.20000000000000284,1.704903669832343,0.11999999999999034,0.7759999999999962,0.9941348329454766,-0.7347555994889925,-0.5270815956196188,-0.014784337769460747,0.04275820737990173,-0.23979006519274168,1.0684256306435187,155,126.456,127.232
0.029803992319522254,0.031999924724213126,0.18173141731571138,5.246913437115167,0.6890728035466989,0.7487933181641248,0.2036010038196146,0.3134902600761833,1.2721849858978989,0.07338374613355264,2.4791550113227463,0.33760275891535135,0.21599999999999397,0.21599999999999397,1.7444437656257097,0.12000000000000455,0.8000000000000114,0.9941956827671709,-0.8298284403057601,-0.56357754054626,-0.006317344346986646,0.018995851488567625,-1.4032371534777457,1.1036001370021533,156,127.232,128.032
0.026526268478546278,0.02758085527036097,0.3359999971861838,4.501842718805204,0.9974844410857256,0.8497937263578305,0.28873423761978917,0.32058683043968267,1.208385436923085,0.07612972583628079,3.064962330572752,0.3131379265292008,0.37599999999997635,0.37599999999997635,1.7683373127995161,0.11999999999997613,0.8079999999999927,0.994511112511794,-1.1694001919565804,-0.6276624351581522,-0.031064118046489588,0.029010023422484047,-2.6665836087621946,1.1045772066232262,157,128.032,128.84
0.02970869498834969,0.0319999615514121,0.18884385213949917,5.595147640294324,0.7031464404529099,0.8342049476034268,0.20681162914751086,0.38036206030225045,1.0916969737980253,0.07279216869547492,2.9190310438550187,0.3380555685587469,0.21600000000000819,0.21600000000000819,1.9376850219560862,0.12000000000000455,0.799999999999983,0.9935875136221619,-0.9890650752153638,-0.6141533783268892,-0.0019030268668119368,0.0023355887773119275,-14.358806855049153,1.024457497695226,158,128.84,129.64
0.03127260215476856,0.032000000496092286,0.3151157411937543,7.848889049207749,1.1078454891263918,0.7009886450065714,0.1983328800581524,0.21196094200087257,1.103721465208,0.08900447104639213,1.4376101244399204,0.12967851900748872,0.20000000000001705,0.20000000000001705,1.9100795977648228,0.12800000000001432,0.7840000000000202,0.9941612872170281,-1.2543198009265615,-0.6861278350247267,-0.0675652930317883,0.0960882805536919,-0.2645563025431922,1.025434567316299,159,129.64,130.424
0.03115318099125326,0.031999997034621294,0.353146676922748,5.80106412657407,1.2496885643424516,1.119163632281702,0.2913743316362816,0.3221911841915718,1.0720959386685043,0.08288510833211868,3.227297928333032,0.34938364169405883,0.3919999999999959,0.3919999999999959,2.1441893614023737,0.13599999999999568,0.799999999999983,0.9959405166991132,-1.792125090624083,-0.7574290373914481,-0.02962520388847743,0.00692583238401895,-17.6710820712075,1.1319351560132758,160,130.424,131.224
0.030508455245231034,0.03199999874748285,0.35828646394855307,6.496137520839942,1.324444968885372,1.2401242442051617,0.28890698266924897,0.31361175441818484,1.0910245767427535,0.08503425467284055,3.316568727813686,0.3650348011242114,0.39200000000002433,0.39200000000002433,2.3297620649054354,0.1360000000000241,0.8080000000000211,0.9957521222394708,-2.1610076134786387,-0.8418337823867896,-0.04181830326461884,0.014016236873049346,-9.400934899595358,1.095783580033568,161,131.224,132.032
0.030252473151863184,0.03200000422019993,0.34335312627800907,6.3689755618584325,1.2819271896400892,1.2662658840658525,0.2689826402097971,0.3157029855639848,1.3163003197652412,0.08010320702507742,2.997506441390878,0.42561216190425344,0.38399999999998613,0.38399999999998613,2.312758121891629,0.13599999999999568,0.799999999999983,0.9941908930872937,-1.949083241249577,-0.8141061890460322,-0.05136341649691088,0.031246379722718928,-3.380771711992663,1.042044750874543,162,132.032,132.832
0.035981912891485224,0.03999997750567105,0.34150352458979066,7.156801295022327,0.5980692098721678,0.28674423622875883,0.1750206604824636,0.17038824314406933,2.2209161853358497,0.08308668480074045,1.2767394855117606,0.03343184033151792,0.2079999999999984,0.2079999999999984,1.7214599263537682,0.12800000000001432,0.7920000000000016,0.9952292106965822,-0.8307637278848402,-0.5666879049681444,-0.02388638709758809,0.06016361375148366,-0.16446129305582438,0.8856525446515178,163,132.832,133.624
0.029061387331936542,0.03199999426385067,0.191679958198773,5.174604994785803,0.5649743144399011,0.6577725451119251,0.1989875339698743,0.3936694025441497,0.9915738004410736,0.074224140526164,2.304739682198625,0.3659888200701814,0.19200000000000728,0.19200000000000728,1.7231983771749144,0.12800000000001432,0.7920000000000016,0.9943499468268385,-0.7516453738154334,-0.534975847921628,-0.0007897255746134954,-6.950195201166435e-05,405.1677886458295,1.018595079968787,164,133.624,134.416
0.02850958572716551,-0.07200000000000271,0.18796234835277711,4.055954515844658,3.7848733798912435,0.6149119499065323,0.2606411853454273,0.8640000000000326,0.21900000000000122,0.07123483219013277,0.8000000000000115,0.9884177589966129,0.21600000000000819,0.21600000000000819,1.892436689945622,0.14400000000000546,0.8000000000000114,0.9956585848621269,-0.8480637953032993,-0.5454682464880573,0.00950750607864398,-0.06249072995343438,1.0735098310235869,1.174987286191812,165,134.416,135.216
0.028631374396603643,0.031999955396095736,0.35981289824927853,7.117306243487811,0.5704532138976083,0.22636717634858006,0.18783247340976617,0.1882705682313394,3.1421025968596483,0.086522225448392,1.355236187802611,0.04098719649224933,0.19999999999998863,0.19999999999998863,1.7903211259842937,0.12000000000000455,0.799999999999983,0.9959588964066401,-0.9354495026410159,-0.6062695804782303,-0.021708368658342338,0.05136810689618283,-0.3806573132254332,1.174987286191812,166,135.216,136.016
0.030877391461038316,0.03199999008939062,0.312982011389995,5.428420777085757,0.9919435880893585,0.8610481191836992,0.22803018202802722,0.2877944183210485,0.960069145677833,0.07777210369224154,3.5135005866187785,0.15663655751807964,0.2079999999999984,0.2079999999999984,1.8082362881184335,0.12800000000001432,0.7840000000000202,0.992747174502632,-1.0521001185318,-0.6138128867088962,-0.025291073880957863,0.023743833067455946,-2.785174059339119,1.123141529423617,167,136.016,136.8
0.02925131261658711,0.0270087290456095,0.18400002784479563,6.033489265917348,0.6848244682342071,0.801612629318874,0.20568922632316816,0.32103917291791717,1.0410829120367309,0.07444975584620506,2.3384999329229577,0.35543487684555697,0.19999999999998863,0.19999999999998863,2.02308598478033,0.1279999999999859,0.7920000000000016,0.9943699596262601,-1.0995354372086417,-0.6445135385785237,-0.004368275807317453,0.009820916252410583,-3.614941083271329,1.0918753015492753,168,136.8,137.592
0.029115711597126517,0.03199999802211936,0.3449339472832666,5.754480378293856,1.1155928873356586,1.1933512032710427,0.2730604969823539,0.32594836092863366,1.1739862511825416,0.07935066564468413,4.345276960361727,0.3709163802040805,0.3919999999999959,0.3919999999999959,2.1178482293611616,0.1279999999999859,0.799999999999983,0.995690858314019,-1.653623969807978,-0.7481935412579908,-0.036764514223760654,0.023514452912318438,-4.082643159171158,1.0840587445806895,169,137.592,138.392
0.035546286754920706,0.04000000024384627,0.33600161750922,6.878196194731973,1.2855781609735124,1.2676582730202457,0.23903189491337865,0.24497933976096037,1.2942428786310538,0.07981664039305338,2.8417783584520127,0.2761963910883279,0.27199999999999136,0.27199999999999136,2.1993183282513424,0.13599999999999568,0.8240000000000123,0.9964146944152531,-1.8198957018499298,-0.8254957126048983,-0.12385508463474672,0.13083787352258758,-0.28628532282942365,1.045953029358836,170,138.392,139.216
0.028116794468179083,0.031999981294599786,0.3148687067183599,6.434872544795831,0.9159919478647293,0.6938178256370897,0.20682433028185013,0.2946122944967979,1.002607393014068,0.08065749802937822,2.381045904901388,0.14559384510601017,0.1839999999999975,0.1839999999999975,1.9353035439912056,0.12000000000000455,0.7839999999999918,0.9950270209633841,-1.1219447824164934,-0.6475303654340966,-0.02241784190942565,0.030100038178536834,-1.597116470443598,0.9061710066940545,171,139.216,140.0
0.0358104482603385,0.03999997493769516,0.32645128209428254,6.902589168315108,0.9559736527989046,0.7879177796377399,0.21407944573650142,0.29081886465542095,1.0379739062200446,0.08613425321191709,1.4488376160927454,0.3752570394496994,0.2079999999999984,0.2079999999999984,2.009426161940205,0.13599999999999568,0.8000000000000114,0.9945644565190928,-1.265048292341484,-0.6869797875178395,-0.031607336643052084,0.0444846906200697,-1.0279537205029723,0.9716346713059574,172,140.0,140.8
0.03105689921350062,0.031999971142925486,0.36764359714637546,5.75951783554717,1.2731458268961429,1.151686423889291,0.3022575383474236,0.2874070529409018,1.2700857235401832,0.08592379147719076,3.540792767475465,0.376704249211342,0.3919999999999959,0.3919999999999959,2.0529344760620534,0.14399999999997704,0.8160000000000025,0.9958133981717046,-1.822038485602755,-0.7665999241527787,-0.060534160471112236,0.029952882660190153,-4.287453334069397,1.0830816749596164,173,140.8,141.616
0.03092849596243522,0.03199999599253388,0.349638774240124,5.983498941033507,1.2595539131552527,1.2471782254893857,0.2868377345880423,0.2974802250230063,1.429034509624049,0.08434161585860538,3.3479778156969457,0.4003400469133771,0.38399999999998613,0.38399999999998613,2.1292931721132664,0.13599999999999568,0.8319999999999936,0.9953713351800234,-1.8468140523739256,-0.8019100843219886,-0.07860210902481901,0.06144527835718561,-1.571918505646591,1.0127326622423476,174,141.616,142.448
0.03569564147697338,0.039999969621860504,0.3349829352708688,6.329006365256783,1.2619426353821215,1.5358622528943557,0.2536840158410489,0.31545469591439035,1.4310289397879115,0.0798002085546158,4.335394289676991,0.38157061404549414,0.38399999999998613,0.38399999999998613,2.171730932562369,0.13599999999999568,0.8400000000000034,0.9961134966511299,-1.7477370483314245,-0.810290354475738,-0.09036661295573016,0.09738595976622615,-0.5400402146308638,0.9550244877477134,175,142.448,143.288
0.0375490597420709,0.0399999841849923,0.32093550373597046,5.662680552633611,1.0718848076152991,1.1493644888338979,0.24829168591551465,0.30015454875196157,1.1287520332993652,0.07906574546462919,4.43095160543495,0.2815791799552797,0.37599999999997635,0.37599999999997635,1.9718591567393169,0.14399999999997704,0.8160000000000025,0.9953120781706739,-1.3456661753974826,-0.6965079141757591,-0.045559347152624,0.047756344855931505,-1.4197727168486394,0.9491620700212744,176,143.288,144.104
0.03417153616936541,0.03999998120369836,0.34345563605331053,6.548747705790417,1.099620792799333,1.5764935992114526,0.2536377874015046,0.2757300075507899,1.6033999693763366,0.08653308016358874,4.00749561238145,0.5395022436715379,0.38399999999998613,0.38399999999998613,2.1021541020508314,0.14399999999997704,0.8159999999999741,0.9951043118933995,-1.6756597407875824,-0.7739275306622014,-0.08179181550822422,0.07852886824280376,-0.8170051448464781,1.025434567316299,177,144.104,144.92
0.03874486491373123,0.03999997373984581,0.3671746510483852,5.4943676094163045,1.0933310718207234,1.1742825938184462,0.2825545096545707,0.2735749883368123,1.3510059180671266,0.08166372406299258,4.340940526731819,0.3934895982880468,0.4000000000000057,0.4000000000000057,1.963731090805084,0.14400000000000546,0.832000000000022,0.9956533992988673,-1.5656223720309232,-0.7343890633022503,-0.06856197293103203,0.05247804838610866,-1.8098688667769913,1.0498613078431287,178,144.92,145.752
0.035074913647183716,0.039999994361880835,0.3385380671081292,5.731744108146799,1.0533209799510146,1.331985034355248,0.2621074280589674,0.26662814206161056,1.3196422038530577,0.08152255144781628,4.055518111811182,0.40020446311616015,0.39999999999997726,0.39999999999997726,1.9711508809762766,0.14399999999997704,0.8319999999999936,0.9966613244027526,-1.486727267229687,-0.7356210089875717,-0.07779470405918947,0.08428065320970501,-0.6703489477232624,0.9892219244852747,179,145.752,146.584
0.03593072583044085,0.03999999120881878,0.3181102191261511,5.455151152564348,1.1840718440248943,1.1944570888341774,0.2666469363619864,0.24155348537075086,1.290065720085747,0.07828327945571385,4.341107106158081,0.28439372097395027,0.38399999999998613,0.38399999999998613,1.9249843543171261,0.13599999999999568,0.799999999999983,0.9955900572836516,-1.4406123117154332,-0.6965409025054928,-0.08588394239460313,0.07654865720527876,-0.9438354844015961,0.9071480763151278,180,146.584,147.384
0.03781906566907779,0.03999998651918886,0.3444068643202171,5.7961350568858645,1.8317037522867592,1.7053446666379064,0.2895027224570735,0.30503267507919685,2.42969767951714,0.08956899330799077,1.8126786422772443,0.5838455727636768,0.40800000000001546,0.40800000000001546,1.862136710731109,0.14400000000000546,0.8160000000000025,0.9963273064307192,-1.6226592528266304,-0.7239371037697401,-0.17123569671538189,0.13103561966506647,-0.5079810431401058,1.1319351560132753,181,147.384,148.2
0.03090363420633441,0.03199997718886235,0.3677399799453482,5.7203967413455805,1.1709456370696243,1.1487464011023616,0.2863904014149993,0.2949303092194745,1.1496069483216131,0.08582609277795347,4.853573025440647,0.31692180468180475,0.4000000000000057,0.4000000000000057,1.9984001090068642,0.14400000000000546,0.8160000000000025,0.9956080397505949,-1.6380723324877902,-0.7411418794121066,-0.05780319913232462,0.03655356866165071,-2.9945788761995633,1.0987147888967872,182,148.2,149.016
0.03589981030774092,0.03999997596446139,0.3485874195412767,5.522684362358858,1.162679144547512,1.2770818498113998,0.2725636973009082,0.2840354944571648,1.6787462430165436,0.07942591125755363,2.9752747585824073,0.485367178732342,0.3919999999999959,0.3919999999999959,1.9741563270707476,0.14400000000000546,0.8240000000000123,0.9959152035369392,-1.5260663698935781,-0.7309231391242351,-0.07914529658082417,0.07245658847716911,-0.9981840978573627,0.9647951839584453,183,149.016,149.84
0.03654065515221446,0.03999999239983231,0.3259287970248359,5.275893707148264,1.196125024454438,1.2916204293027405,0.27043415023171974,0.2857254949418122,1.1925289230918303,0.07609736153441869,4.386387766352472,0.30764081881046407,0.38399999999998613,0.38399999999998613,1.9436580969428638,0.14400000000000546,0.799999999999983,0.9961584574101485,-1.4250006708615006,-0.6900373359206928,-0.06617482585392757,0.05909616062926695,-1.2647768038437692,0.8749047788197126,184,149.84,150.64
0.037115535545641266,0.03999996528481229,0.30768381493887365,5.805574986797756,1.137689335804434,0.7966503707518792,0.24304940724016288,0.25916662974606025,1.46977616916144,0.08095840165001447,2.2784905837312124,0.24077406155121783,0.2880000000000109,0.2880000000000109,1.8936913466920395,0.14400000000000546,0.7840000000000202,0.9961160766905683,-1.3014067525030595,-0.6656506667440664,-0.055105735192518455,0.057506798972111695,-1.0617173492425358,0.936460164947323,185,150.64,151.424
0.03723969901681526,0.03999999708633482,0.3730933541324404,5.6999337343370335,1.2929955298031262,1.2187392771252155,0.28878129667989905,0.3322288795896841,1.124844950082297,0.0849570898272066,4.720465464516261,0.28595155656776283,0.4159999999999968,0.4159999999999968,2.0034694847090675,0.1519999999999868,0.775999999999982,0.9959415189092031,-1.6270762589014907,-0.6926675312551493,-0.053266488098327555,0.029920037421874466,-3.2570434469073932,1.128026877528983,186,151.424,152.2
0.03678758437361673,0.03999998886012224,0.3221885325311409,5.778552307778901,0.8283474837611382,0.566625601175331,0.20570170631626333,0.3131553831737739,1.6593567552471813,0.0823715052158266,3.0495053832263608,0.15782674318332798,0.2079999999999984,0.2079999999999984,1.673076425387329,0.1360000000000241,0.7840000000000202,0.9957624459126064,-0.8609900000918107,-0.5620741197402698,-0.020491882867365505,0.03180594619343637,-1.2637869815928309,0.9442767219159085,187,152.2,152.984
0.030456927381735912,0.031999999936299546,0.3564804776613804,4.444568762966713,0.8754669985925576,0.93625977776786,0.27590660843551706,0.3078634718638578,1.066023640880653,0.08145244491816275,4.758816055057566,0.33944762368979947,0.39999999999997726,0.39999999999997726,1.599683680577524,0.13599999999999568,0.7920000000000016,0.99522919797296,-0.971705682856393,-0.5642236371889491,-0.024758166585855758,0.01818621421262322,-4.353997528094511,1.0254345673162992,188,152.984,153.776
0.03136215250430295,0.032000002193725424,0.3592259998538221,4.049507113128621,0.9890802930932123,0.907857200158548,0.29283746250406095,0.3259724472608637,0.8840096808861146,0.07887113567265377,5.139023771608361,0.20499528484539808,0.40799999999998704,0.40799999999998704,1.5313386924318104,0.13599999999999568,0.8079999999999927,0.9915687711498625,-0.9321644235377791,-0.5522447637342682,-0.022008700635696453,0.01167497972870644,-7.795550823136178,1.0928523711703484,189,153.776,154.584
0.03564663892056042,0.032671811594321726,0.3279999765906704,4.5494637034709555,1.4573983494938216,1.0205310388880866,0.28452149490750916,0.31586554301017894,1.5377928982891769,0.07681372526445433,1.9591216771490043,0.3060971029247775,0.3919999999999959,0.3919999999999959,1.6552363547458755,0.1279999999999859,0.799999999999983,0.9950085959147061,-1.14523415780042,-0.6091409450935069,-0.07984109389157817,0.07688292355197816,-0.8502001920538608,1.2140700710347394,190,154.584,155.384
0.03719059396658546,0.039999869175135365,0.33968526172263386,6.100327546835196,0.38117557655910356,0.25384384515264347,0.17304788965303275,0.17144075111491128,2.04282238061951,0.07953388321427757,2.770077471482585,0.035257146059917435,0.21600000000000819,0.21600000000000819,1.5752172366909083,0.12800000000001432,0.7920000000000016,0.9953310475739702,-0.6389424669362588,-0.49586030987163365,-0.01000173555451003,0.027172529091357946,-0.6851547462001681,1.2072305836872277,191,155.384,156.176
0.03000451469665824,0.031999991084074766,0.3404033821560774,4.8462715393220535,1.1421504635685984,0.9813477619302381,0.27342191607618876,0.2859388432900881,1.4342048463496033,0.0794250020803065,2.5939263702790787,0.34353986606000997,0.38400000000001455,0.38400000000001455,1.7379498738993733,0.12800000000001432,0.7920000000000016,0.9939570397545835,-1.1698802763024723,-0.6223479935310632,-0.0639220095950187,0.062190799308507454,-1.0680230351176692,1.2932737771929839,192,156.176,156.968
0.035280599241394754,0.03774177733705409,0.344000010774188,5.1404762467270535,0.9986063554220571,1.1223604357209047,0.2750330779229908,0.2904641538994551,1.2283180002908338,0.07876243287691859,4.508245673276651,0.3601106884347614,0.4000000000000057,0.4000000000000057,1.8900938347280043,0.1360000000000241,0.8240000000000123,0.9949125830255279,-1.3566563100911722,-0.6881844218501867,-0.04920401156028359,0.047023177887007876,-1.6197895882343374,1.1153249724550314,193,156.968,157.792
0.027652116845335136,0.10111319578899759,0.3631665614764816,17.94142590371509,0.8641680759058464,0.2393695492393394,0.17234164453005207,0.10626486551711589,2.639999999999986,0.1256304422302742,0.8079999999999928,0.026514165600035226,0.367999999999995,0.367999999999995,1.7941425903729133,0.1279999999999859,0.8079999999999927,0.9971485719559005,-1.1561265384156145,-0.6817539621819452,-0.06380205176235994,0.09697617395799611,-0.11695426243165923,1.0733109787488846,194,157.792,158.6
0.03117609968075692,0.03199999586975762,0.2891130621879417,4.912283937175422,0.8804247574255517,0.9100182463347328,0.21719175562963922,0.2837559125473157,0.9380388700205039,0.07157209495664694,3.3527914354164507,0.19896226806544204,0.20000000000001705,0.20000000000001705,1.7117248001161705,0.12000000000000455,0.7760000000000105,0.9930495799944664,-0.863605057560726,-0.5572250660307483,-0.02454451580915408,0.03702783172337999,-1.1231672156317338,0.938414304189469,195,158.6,159.376
0.035693759454140155,0.03200001987572144,0.31345000692387975,4.1994088048779465,1.2531907849732469,0.830198662041777,0.28823137687933664,0.30198287477807734,1.5820658758210542,0.06759157435300997,2.0134358448325913,0.2944847839532333,0.367999999999995,0.367999999999995,1.7326571562214166,0.1279999999999859,0.7920000000000016,0.9945984729101599,-1.1195906035940943,-0.5977704532955728,-0.054507174968155256,0.05497838529837043,-1.2236810458387093,1.052792516706348,196,159.376,160.168
0.029881867211258132,0.032000001056443614,0.35626325471865156,5.036239955814657,0.9093285162577355,1.0070721290373594,0.2815893639931103,0.3246850656348564,1.1228658043895678,0.08278324415231848,4.724255786562822,0.39786802557917883,0.4000000000000057,0.4000000000000057,1.8251515685095543,0.16800000000000637,0.8079999999999927,0.9962871743872094,-1.280061950401797,-0.6554793680929587,-0.018469189771289113,0.006545639286849092,-14.45321963141737,1.0684256306435194,197,160.168,160.976
0.03749993780116857,0.03999989112186778,0.34364460437872096,6.635413640473517,1.0663105345211539,0.5454982860549575,0.21646091205548193,0.2949838801431175,1.6275082056895087,0.08769208164878556,1.4500424367232467,0.1877344616012879,0.2079999999999984,0.2079999999999984,1.861952125306262,0.13599999999999568,0.8319999999999936,0.9960553661790567,-1.1735205213959983,-0.6780447486535872,-0.044276209176871945,0.07155433465082765,-0.44761399268837593,1.1534917545282026,198,160.976,161.808
0.029749046665593765,0.03199995829563331,0.31300242655190574,6.359057240308351,0.8450134844297971,0.803790525781535,0.20971577251696763,0.27885088782887035,0.8243470408895256,0.08244929450115723,3.3754382028868535,0.15803057114027574,0.2079999999999984,0.2079999999999984,1.8911736363320388,0.12800000000001432,0.8000000000000114,0.9941028761245102,-1.0973921649951355,-0.6467211844473908,-0.017370737154923918,0.016674187351071307,-3.7320358341093067,1.089921162307129,199,161.808,162.608
0.028499356386923462,0.03200000178003968,0.32766605288308653,5.594449118679383,1.2010432004240355,1.12591662819361,0.2703263033915751,0.3006609550175999,1.1758554837839876,0.07941803106124058,3.039801390183761,0.33889440332756915,0.3599999999999852,0.3599999999999852,2.0452868527723376,0.1279999999999859,0.7920000000000016,0.9953623375863172,-1.5287358560937379,-0.7157709191324613,-0.049023018792085024,0.037424451532564386,-2.3872234697199253,1.1437210583174706,200,162.608,163.4
0.03568615163344219,0.03999999734784029,0.3590611958772488,6.8388700953058486,1.2132514889940635,1.4829213332115956,0.26939298197577644,0.24950600293971503,1.5568611233209229,0.08697269686733479,4.024210623643152,0.4654039469653137,0.3919999999999959,0.3919999999999959,2.2470871906900225,0.14400000000000546,0.8239999999999839,0.996115949960037,-2.0553920307918725,-0.8476248870994766,-0.1156395579581524,0.09148297786278416,-0.8945695154230104,1.139812779833178,201,163.4,164.224
0.030628992156657524,0.031999981544210916,0.2809137448726558,7.466117029759397,1.2548795034666809,1.4236087911072408,0.209329029036611,0.28288235525619454,1.6620682280321095,0.07772406767944855,3.7317150815816023,0.32562539982589545,0.22400000000001796,0.22400000000001796,2.3272702429909913,0.12800000000001432,0.8240000000000123,0.9923303256759004,-1.655298354687606,-0.8084663353720506,-0.0900178169431631,0.13002785793428331,-0.10465066106948642,1.0518154470852752,202,164.224,165.048
0.03574539986085086,0.039999971204724365,0.326246462395415,6.785762750879873,0.9584298361569658,0.730322769660697,0.2011566431359487,0.31524543427222623,0.9063252443211949,0.0810078938684901,2.1122196137921234,0.16164823471321266,0.19999999999998863,0.19999999999998863,1.9775856664316525,0.13599999999999568,0.7920000000000016,0.996045737838035,-1.155747664564296,-0.6589602456684921,-0.021726981384768758,0.029246123564376402,-1.6191151477002483,0.8895608231358108,203,165.048,165.84
0.045455417860523734,0.044859204326577494,0.6000000112094892,5.615864529934844,0.6585554444388431,0.7865338867037287,0.18734015581233388,1.1250667362458975,0.2753410717862916,0.06973675822550876,2.467744459220912,0.21029905965645362,0.5999999999999943,0.5999999999999943,1.973717194422084,0.14400000000000546,0.8079999999999927,0.9948227077131004,-0.8400719668881182,-0.5651928297759485,-0.0007498287170025122,-0.0018858508858635061,10.193247759830822,1.1045772066232264,204,165.84,166.648
0.034383609772967505,0.04000000297320198,0.3555245693934654,6.505074054051522,1.1180131212416122,1.1897689371237008,0.2520177139400977,0.24981901772031126,1.3083955995780603,0.08536204659412475,3.261069628298073,0.36397991002381747,0.30400000000000205,0.30400000000000205,2.0562592464041742,0.14400000000000546,0.8079999999999927,0.9965866685077451,-1.6569779876938324,-0.7646444884390768,-0.08926117842804479,0.08250834539192162,-0.7944783844087459,1.1045772066232264,205,166.648,167.456
0.0355274570966151,0.03999999449275135,0.344154263237491,6.763537770126708,1.0662736703494207,1.1505731957240328,0.23667310281145357,0.2605911884669446,1.1015008879952113,0.08387587216014389,2.872075085428146,0.3306439933346439,0.2880000000000109,0.2880000000000109,2.1261168420978285,0.14400000000000546,0.8160000000000025,0.9969694963047963,-1.607781393582903,-0.7709197013423766,-0.07054470470482102,0.07549287905707242,-0.7654033996583643,1.0479071686009822,206,167.456,168.272
0.031036638076209343,0.031999998931053014,0.33630772809620824,5.9511173586665445,1.0205047498004896,1.0585365054441418,0.2296061328692108,0.25343880976430544,1.0441300638680648,0.07641832982061782,2.3863185361463697,0.29089594581279915,0.26400000000001,0.26400000000001,2.0068106052186607,0.13599999999999568,0.8080000000000211,0.9959176945697986,-1.3203401106518367,-0.7023156452252979,-0.07026323450178718,0.09316079987282304,-0.3703468670443513,0.9833595067588354,207,168.272,169.08
0.03746415325691031,0.03999994032535139,0.3256842399160988,6.105900095359487,0.8795109364048528,0.5512258777380707,0.19356452316647196,0.30377871227130726,1.6771797145608665,0.08489628461276989,1.9919341402763477,0.1304045277358645,0.19999999999998863,0.19999999999998863,1.6167376568657188,0.13599999999999568,0.799999999999983,0.9955135462953323,-0.778000618792356,-0.5462090661617539,-0.025477570729853783,0.05060783848297805,-0.4729328369850843,0.8739277091986399,208,169.08,169.88
0.030409680941790602,0.03199998688046222,0.3362811907157564,5.01690985175726,1.1173671259693436,0.718547459181783,0.246717950364597,0.28760411080633813,0.8168144498857229,0.08588633171147594,3.4297308547490752,0.1589223778709463,0.21600000000000819,0.21600000000000819,1.5377601729064934,0.13599999999999568,0.6560000000000059,0.996110686173855,-0.8575853976828586,-0.4506862409471533,-0.009378956823614738,-0.010051900868807242,8.08502196441699,1.2277490457297637,209,169.88,170.536
0.14000000000000054,0.09600004786770773,1.0429645297843828,11.21162340527519,0.8447778027734655,0.5683405979425088,0.22220993731674232,0.13400000000000967,0.4340115890078391,0.13064723144053586,0.9520106518666416,0.3384941227784627,0.5360000000000014,0.5360000000000014,1.8600979400383229,0.28000000000000114,0.9519999999999982,0.9530787892255344,-1.4167131026117221,-0.7101834321094523,-0.05215526456049231,0.038039318660378754,-3.0584265291748873,1.2277490457297637,210,170.536,171.488
0.03124186778501846,0.03199999889131704,0.33807168014069955,5.923170112092095,1.0034130120594955,0.8590046397724872,0.226195439820639,0.37174567068124287,0.8874913749114575,0.08622370541956824,2.5365585821573915,0.229918810707532,0.2079999999999984,0.2079999999999984,1.8115297835477862,0.13599999999999568,0.8160000000000025,0.9947337495013121,-1.068672248566779,-0.6373524870415137,-0.020425487178228376,0.023998129946855774,-2.531351293949421,1.3343107012780577,211,171.488,172.304
0.03677135494840586,0.03999999019080766,0.3401564735415339,5.795078225805132,1.1709340752382402,1.2674200041031571,0.23168672632543288,0.27181068592008406,1.8706849873849176,0.08094069802797776,5.148063691913503,0.2937723282234686,0.22399999999998954,0.22399999999998954,1.7731898421809669,0.1279999999999859,0.8079999999999927,0.9935289289176441,-1.1808388004928363,-0.6581427647903204,-0.1104120949463387,0.1382135946852304,-0.0958887874061178,1.234588533077276,212,172.304,173.112
0.03652206166766263,0.03200001042173891,0.34241919600583615,4.689937361681245,0.37209877619036313,0.28318261713256354,0.18694980267049466,0.25776386611472607,1.898034394521963,0.06671872255213951,4.645727827120419,0.03465323463446412,0.22400000000001796,0.22400000000001796,1.6287592890797054,0.12800000000001432,0.8000000000000114,0.9954542568080387,-0.6211436645219708,-0.48607497638876335,-0.0050997951391579,0.007847657810788168,-3.0839711194384924,1.0430218204956163,213,173.112,173.912
0.030870903952733304,0.03199998422207805,0.19145536906656635,4.931933831590424,0.573748378607641,0.6176830537204692,0.1896342216066298,0.4006674784431655,1.2521548756239786,0.07201517437983145,2.6022825975678345,0.31907061378606777,0.19200000000000728,0.19200000000000728,1.6071083534376818,0.12000000000000455,0.8079999999999927,0.9933545430947218,-0.6369879018482123,-0.4984159188679865,-0.002428765812494264,0.011576924082871195,-1.3228375927414113,1.1075084154864459,214,173.912,174.72
0.029981367926715713,0.024000026672046704,0.36567698056090864,6.020726768961719,0.4421220063616496,0.2336333394098149,0.19987906165470884,0.2548466136976988,1.6985488428669502,0.0793978869010923,2.6358815089671204,0.03258668009066537,0.21600000000000819,0.21600000000000819,1.8425305292621332,0.12800000000001432,0.8160000000000025,0.9959774021138385,-0.9293401516459179,-0.6058363737337871,-0.004856631469122462,0.005222327291641388,-7.87626075618812,1.1045772066232262,215,174.72,175.536
0.03433783902101312,0.031999998848278095,0.3233991924917813,5.073689134136797,0.9717870830314841,0.785348231309947,0.23243651114347474,0.3015110521126838,1.3858413570957142,0.07312351610581758,3.2826154948326116,0.18986181639329425,0.21600000000000819,0.21600000000000819,1.7927712402664564,0.1279999999999859,0.8160000000000025,0.9945398032758025,-1.0403777651512072,-0.6242253512512292,-0.0384907466993982,0.05450970694010488,-0.846277779999503,1.06256321291708,216,175.536,176.352
0.02839335426080326,0.02399999999460359,0.3071524340617179,4.570442272283308,0.8892441899099945,0.8403857251012109,0.23419202749537102,0.3037451593119095,1.215329381163447,0.0692409208439107,3.710494527998661,0.22796028907752966,0.21600000000000819,0.21600000000000819,1.721872541958263,0.12000000000000455,0.7920000000000016,0.9944529427360582,-0.9086227653922224,-0.5741413444003043,-0.03294178052122769,0.051934695826841966,-0.7611214752091329,1.0733109787488848,217,176.352,177.144
0.031062141892825097,0.031999955764455884,0.34473736118158865,5.779553192827725,0.8956754906713045,0.7257273024770226,0.22922167862449816,0.31648658532837265,0.9408589715080669,0.08259710203948482,1.9287498995886891,0.262242149149089,0.2079999999999984,0.2079999999999984,1.8636997014432457,0.1279999999999859,0.8160000000000025,0.9957804456945225,-1.1186661054307987,-0.650966691327989,-0.028056021496476492,0.04238849175945699,-1.0900643267389105,1.1075084154864459,218,177.144,177.96
0.029115883797228032,0.03199999602859172,0.34525945927675467,4.912570565987801,1.2291719308417364,1.1824171499786096,0.30509015447811627,0.320162851856054,1.3285215980549387,0.07752390088901062,3.365569756854695,0.31595892622854094,0.38399999999998613,0.38399999999998613,1.945371701833177,0.1279999999999859,0.8239999999999839,0.9957017607745007,-1.5046944909446347,-0.708429489683847,-0.07237703211144064,0.07352715994891698,-0.9007247102774145,1.0996918585178608,219,177.96,178.784
0.03182215791040409,0.03199999942070639,0.33375328197686654,6.767696626912829,1.103555712343523,0.8156656030918813,0.22424734721862666,0.32671022084957957,1.3171588103976963,0.08546827050707743,2.415378251362811,0.215459514687727,0.2079999999999984,0.2079999999999984,2.0545295103094707,0.12800000000001432,0.8160000000000025,0.9941330442324234,-1.3853294681213437,-0.7263702608826116,-0.044331157403969645,0.059936637024085644,-0.7914071222707117,0.9364601649473229,220,178.784,179.6
0.03558937140273755,0.03999999362101305,0.3428792938358054,7.804679026452316,0.5996878380718249,0.365396239073012,0.17983086831091305,0.22077082034115114,1.854591487969336,0.08198508294228285,2.0735636592393933,0.04091186449427655,0.2079999999999984,0.2079999999999984,2.0129490798554586,0.13599999999999568,0.7920000000000016,0.9965510260932351,-1.1019272842484056,-0.6514235534612266,-0.016307828273312345,0.03185638090594197,-0.8260178778252594,0.9374372345683963,221,179.6,180.392
0.03851898995688061,0.0399999973072708,0.3690578880188076,6.029861236945162,1.2990996043746592,1.2677627200291648,0.28289208897275864,0.28151153145336105,1.1602144663434415,0.07915909825831603,4.217360258404711,0.3049905855959036,0.3760000000000048,0.3760000000000048,2.216367860023329,0.13599999999999568,0.7680000000000007,0.9959245059035345,-1.8942420473643042,-0.7481511250625327,-0.07751410888659782,0.04732037577682427,-2.025054982538732,0.9999696903170796,222,180.392,181.16
0.0375183903754846,0.039999999958456295,0.3572027239236187,5.524971110547145,1.2241617002052199,1.1834567433745256,0.2894100653123908,0.28150224507398125,1.1691728583975405,0.07789789062299488,4.555913275831721,0.32655187161265226,0.4000000000000057,0.4000000000000057,2.0931824606108758,0.14400000000000546,0.8000000000000114,0.9967607489150979,-1.710704280655768,-0.7371014068711816,-0.054780436552987505,0.02735558642591181,-4.245482399526371,0.9804282978956159,223,181.16,181.96
0.0545603163999328,0.05599999394225076,0.342242985281566,5.097723796621133,1.4878218098609082,1.7829737991668704,0.2922646141204283,0.2885056869899919,1.890162634799496,0.08308677872085589,5.382376445958811,0.4233795684640344,0.4000000000000057,0.4000000000000057,1.7704272149869036,0.1599999999999966,0.8239999999999839,0.9935852224939843,-1.3846811209500818,-0.6576823155099676,-0.14118066817002667,0.11067104377073479,-0.623973287693834,0.8807671965461519,224,181.96,182.784
0.027252481267024783,0.10917249029146203,0.3344907484346757,14.90375873482894,2.9807517469658293,2.9807517469658293,0.3023188660144287,0.22592785358804093,3.5040000000000187,0.20013497749374068,1.5262386205299692,0.8157409192021867,0.21600000000000819,0.21600000000000819,1.490375873482915,0.12800000000001432,0.8000000000000114,0.9984402558216758,-1.6146806302522243,-0.5616314594221368,-0.38976212666697224,0.10825425358628447,-1.556650883235328,1.0049161052737625,225,182.784,183.584
0.03164525649098749,0.03199999566890814,0.3545126160575578,3.571776236789046,0.9372566625464975,0.9117761290239697,0.2871405609874811,0.3022488627504961,0.9613209013879462,0.07289031476150097,4.255175639181692,0.215305603690859,0.4159999999999968,0.4159999999999968,1.4259367166428807,0.1279999999999859,0.8160000000000025,0.9927310884575858,-0.7614018773982348,-0.5086097269421965,-0.03761668747553932,0.042236364923898005,-1.5110054316540864,1.1016459977600068,226,183.584,184.4
0.030953578695461156,0.031999670915053624,0.35746681637943456,6.64822696146787,0.37293360834097433,0.26332115240705706,0.16990049759173742,0.16721649596694316,0.9348066271987261,0.08414275999257495,1.3715683069939362,0.040806345365634426,0.2079999999999984,0.2079999999999984,1.5793276512801813,0.12000000000000455,0.8319999999999936,0.9941156251127538,-0.6365495903360985,-0.5108243429464542,-0.01050436365454198,0.038251898107689274,-0.18890050761619884,1.2072305836872275,227,184.4,185.232
0.03088771366581891,0.024000001439599,0.314332767666871,3.953616935402671,0.7303466325532734,0.9287964428579696,0.2279396164882744,0.31384879043486746,1.0371955619879591,0.06648466879986646,3.6621969812231083,0.24638748726032858,0.21600000000000819,0.21600000000000819,1.5449215145438815,0.12000000000000455,0.8400000000000034,0.9918204501017238,-0.6796498925250152,-0.5169657951451487,-0.02740678113674993,0.07297321118016575,-0.07884301853401764,1.2228636976243978,228,185.232,186.072
0.018000966939987848,0.0972985046775453,0.3324048921071486,16.83808669691976,0.6594423371271317,0.2886168486119496,0.1462359808670069,0.049999999999997165,3.5040000000000187,0.10776445000206424,0.9421783613284792,0.030277625853255823,0.19999999999998863,0.19999999999998863,1.6838086696919865,0.103999999999985,0.7839999999999918,0.9979473625313074,-0.8211241951375327,-0.5769211875168346,-0.06134802606660703,0.12446718915072003,0.15603755265700625,1.241579611940648,229,186.072,186.856
0.030860395500384354,0.02400000003185017,0.3344087123333528,5.397614141189038,0.9338847817542706,0.7665736815479701,0.23291951890043502,0.28891968379757127,1.7159462596264756,0.07748779360347739,2.867851568395301,0.25943715339662204,0.21600000000000819,0.21600000000000819,1.8347317425265903,0.12800000000001432,0.8240000000000123,0.9945864227278847,-1.103602076347435,-0.6496675641309293,-0.054803046399617604,0.08651086586008701,-0.3313754510849574,1.2717782455293738,230,186.856,187.68
0.02808916132146097,0.03143351067683045,0.18400002338759944,7.297278527715705,0.9368821005087575,0.8801586709409411,0.19045215596741888,0.23991228261280526,2.4625512462715435,0.08104781529201102,2.7652262448544973,0.3215222176006442,0.19999999999998863,0.19999999999998863,1.9509115872192884,0.12000000000000455,0.8319999999999936,0.9941283613838019,-1.1632150796968912,-0.6892652190255176,-0.036180505301442914,0.08768722831546838,-0.08283724958869247,1.2384968115615689,231,187.68,188.512
0.02963977341682967,0.03199996656147427,0.23617983566964532,4.624502113057291,0.7523978803131813,0.7206778528727884,0.21170192614000685,0.5473709473531359,1.5428835693250562,0.062469863041229465,4.058424060856335,0.3589515653440349,0.2079999999999984,0.2079999999999984,1.8842013333306684,0.12000000000000455,0.8240000000000123,0.9927250375993637,-0.8575972399946346,-0.5778197854734304,-0.003205093787283367,0.008576403577266295,-3.223643461181671,1.046930098979909,232,188.512,189.336
0.03490726514522859,0.0320000004217409,0.2996043266933647,5.413017935250087,1.1175630345721286,0.963106950998125,0.22046065518055688,0.30176768230073026,1.8417724858954776,0.07127623767482313,4.207626306507085,0.19586181036997588,0.2079999999999984,0.2079999999999984,1.8535999865124382,0.1279999999999859,0.8159999999999741,0.9939448262386865,-1.0949779888924096,-0.6454337548732968,-0.05331277061529694,0.07705677289136331,-0.46566636966511626,0.9931302029695672,233,189.336,190.152
0.027347691475505715,0.11071333740445419,0.35827255027597155,20.277097727892535,0.9693125395389346,0.27559367497931325,0.1739123993393798,0.0944205492432519,3.5999999999999654,0.12772064400947883,0.8160000000000026,0.03539102924452036,0.21600000000000819,0.21600000000000819,2.0277097727892546,0.12800000000001432,0.8160000000000025,0.9980999281823968,-1.426259335600671,-0.7611910635564103,-0.09050295887741788,0.12273632373759781,-0.038549794238852256,1.0762421876121047,234,190.152,190.968
0.027940158902907533,0.03199999202282492,0.34405537505382194,6.060656730270111,1.1238745412879332,1.2898453330339388,0.2730453890768831,0.3255671715940655,1.230964050496922,0.08053021709197493,4.40088024700139,0.3982653295713062,0.39200000000002433,0.39200000000002433,2.241591294339334,0.1360000000000241,0.8240000000000123,0.9964703977986669,-1.8217348539384812,-0.8069646293697784,-0.04683584811799803,0.036898817074766686,-2.5201410033788307,1.0860128838228362,235,190.968,191.792
0.03534906351791518,0.03999998364163113,0.1913257737200994,8.292983499521924,1.2313076938699667,1.3596730636032532,0.2044440502408099,0.2971226304077026,2.3466020124097002,0.08231306539792071,2.7038294326912804,0.48670119277218915,0.21600000000000819,0.21600000000000819,2.3518896031253584,0.1279999999999859,0.8319999999999936,0.9958227564053944,-1.7623321137072132,-0.8388827673609863,-0.05001147512216339,0.09155726675653311,-0.21000059901875626,1.040090611632397,236,191.792,192.624
0.03536391655831887,0.1120000274752614,0.3509778712457283,6.735361707698878,0.492158743126191,0.2990533086188384,0.17727108539871597,0.33044502743236964,1.7623132412718836,0.0791963539421809,2.4663188174990753,0.04149030134234442,0.2079999999999984,0.2079999999999984,1.9242198246092848,0.13599999999999568,0.8160000000000025,0.9970249841277737,-0.8446122818025983,-0.5791582727397349,-0.00025343388246348793,-0.018459326652199733,1.877301949521901,0.8758818484407862,237,192.624,193.44
0.03057652537969108,0.03199998304653469,0.32276282940778084,6.154541106167245,0.8681915461484145,0.7172501988865408,0.2050766519763213,0.308590210786118,0.9335515769100425,0.07980348344966244,2.5382271256988505,0.15773595487563935,0.19200000000000728,0.19200000000000728,1.8745917976997348,0.12800000000001432,0.7920000000000016,0.9953848251637943,-1.0232228352551425,-0.621576297648059,-0.021189115413089744,0.03145413091299154,-1.3822476650803537,0.8758818484407862,238,193.44,194.232
0.03058460591315728,0.031999957729689284,0.34846040013533197,7.105066414238439,1.116004848936202,0.8943355292102682,0.23530080308761372,0.32210702552601156,0.850958768387695,0.08767545967283731,2.1524997210285024,0.23950198662067576,0.2079999999999984,0.2079999999999984,2.2048645662175446,0.13599999999999568,0.8000000000000114,0.9963238133740974,-1.6367286392737737,-0.7702324113898522,-0.03377514026452264,0.032466902742012346,-2.233545964424547,0.9481850004002009,239,194.232,195.032
0.034786213314423366,0.035878421997702394,0.3440000077349794,5.856069259882965,1.1797978289845015,1.2496320126565064,0.27710519546974277,0.26953395282081144,1.2873149706041838,0.07845943642430682,4.036452829908815,0.37575916884091815,0.3919999999999959,0.3919999999999959,2.1513017132831003,0.13599999999999568,0.7920000000000016,0.9967701547218056,-1.76814635736488,-0.7564373841946102,-0.06901807823825613,0.04914104401164357,-1.9080386906428468,1.0781963268542507,240,195.032,195.824
0.03200571437905278,0.106505846363471,0.3349334766013443,21.968926109729605,4.393785222028555,4.393785222181116,0.27593676940818335,0.2515487319119511,3.5040000000000164,0.18482247462171514,1.3308607513926727,0.8355509851900279,0.2079999999999984,0.2079999999999984,2.196892611090584,0.13599999999999568,0.7920000000000016,0.9973077042859005,-3.3229220930532937,-0.8593505340143828,-0.7212821783023672,0.17472062471021774,-1.0615214443007615,1.0547466559484946,241,195.824,196.616
0.03514071249397013,0.0399999957983202,0.34916542127630296,7.615708470702705,0.4984545551032309,0.27275837853431945,0.17522866916101085,0.17626639231469834,1.9476113650763678,0.08092872178610082,2.0147331127138304,0.030544196205837242,0.2079999999999984,0.2079999999999984,1.9282961360538695,0.1279999999999859,0.7679999999999723,0.9964854236881051,-0.9953351956614475,-0.6093845630882369,-0.015251859702823521,0.03198337326354751,-0.7862702817707433,0.9325518864630303,242,196.616,197.384
0.03591307890784803,0.038607214738543214,0.3360001914735704,6.237420283335809,0.8632993126431463,0.806595059838042,0.2226535458619427,0.2588949482450481,0.8369841762059858,0.08189297094734406,3.213580555160243,0.18849301418761732,0.22400000000001796,0.22400000000001796,1.93011841726622,0.12800000000001432,0.7760000000000105,0.9951560648937715,-1.2210876574730267,-0.6544303849840534,-0.030625367415206016,0.03521252523051874,-1.5652250643002938,0.9227811902522984,243,197.384,198.16
0.03449395360775891,0.039999954007177985,0.346835110089115,5.505879364355603,1.5898362809874378,1.4861076016910066,0.3043324870578002,0.310173854027037,1.5637520527488367,0.08358850436204537,2.701732002039574,0.4385418630507616,0.4000000000000057,0.4000000000000057,1.9735312287193896,0.13599999999999568,0.7839999999999918,0.99543612512605,-1.6985330969674317,-0.7055408517097537,-0.08751575071465842,0.04785260427823813,-2.336790061471943,0.9325518864630303,244,198.16,198.944
0.03509499008490462,0.03999999758622604,0.34465855674117746,6.545230775014437,0.9825291311811905,0.7484689324195999,0.2166452339880877,0.32243475356162477,1.0064461686896493,0.08353121926240026,1.787393398445629,0.2623017476618705,0.2079999999999984,0.2079999999999984,1.9817227426882051,0.1360000000000241,0.8000000000000114,0.996238275220965,-1.2312836975845243,-0.6771064287037055,-0.030976509697870254,0.045054625444472876,-0.9543332400687233,1.0391135420113238,245,198.944,199.744
0.03067004293244821,0.031999986451595686,0.32524113185335757,5.282699529816853,1.0899573637991347,1.282534977606579,0.25451722769345625,0.2954943774500546,1.0613269243452323,0.07417833289690107,4.4808074439654115,0.32788939557162916,0.3760000000000048,0.3760000000000048,1.9720434550204624,0.12800000000001432,0.7760000000000105,0.9946866810652765,-1.3085790434957136,-0.6616705177298509,-0.049232533667178974,0.04513437648343854,-1.5810824143615687,0.9814053675166892,246,199.744,200.52
0.03688259554842181,0.039999939575932626,0.36329040487872544,7.508809849331482,0.44406273040645433,0.23612481039769198,0.17975756301635915,0.1819827604557951,1.9373324411888393,0.0854327473928863,2.0334933550715784,0.032480158445717736,0.21599999999997976,0.21599999999997976,1.85049479160218,0.13599999999999568,0.7920000000000016,0.9969584022212268,-0.934849494759329,-0.5999896325554678,-0.012510240444438178,0.029013787486915823,-0.8607410269365111,1.0322740546638114,247,200.52,201.312
0.030786257438977106,0.03199998485763391,0.352369946178614,6.022984479392904,1.006331718916803,0.9660748824557122,0.25447898427260973,0.2548864986571428,1.1570013729425517,0.08426521652300052,3.3120763513368696,0.3128565910918498,0.30400000000000205,0.30400000000000205,1.9651543718874116,0.13599999999999568,0.799999999999983,0.9958930161920376,-1.4719864861292804,-0.7166055545300369,-0.06132398210231322,0.05845367364321912,-1.2219757043318502,1.0322740546638114,248,201.312,202.112
0.03527688269658112,0.03999998979448952,0.3512804382869163,5.615366487203165,1.0955054900937657,1.1793137444529902,0.2730370390954998,0.2769311046691326,1.2463929469661532,0.08008753245037717,4.556108024468416,0.3479026060746568,0.3919999999999959,0.3919999999999959,2.0032035843236553,0.13599999999999568,0.8240000000000123,0.9964329124310168,-1.5685875384344423,-0.7410537213164297,-0.06409218275649667,0.052966224233977524,-1.6433356653210889,1.0400906116323971,249,202.112,202.936
0.03050044418560839,0.031999997770508715,0.3395476361072912,5.296788057743926,1.1398427616103755,1.1558339259693082,0.28233352458820676,0.28021105892105236,1.17075416670228,0.07697103876671885,4.244601195348907,0.31215535616654233,0.38399999999998613,0.38399999999998613,2.017717780942191,0.13599999999999568,0.8160000000000025,0.9955147057280338,-1.5437283008916263,-0.7277749326678197,-0.0630753617778051,0.05225905764569557,-1.7099317689884161,0.9325518864630303,250,202.936,203.752
0.03086317288110999,0.031999994362934,0.33158795395982565,5.402990885748783,1.2626963664082482,1.0428794482690227,0.27347148539259286,0.2698337458846357,0.9428178551740648,0.07660953939080242,4.39771048854376,0.22395767647230605,0.367999999999995,0.367999999999995,1.9951733587729712,0.1279999999999859,0.73599999999999,0.9942121995365653,-1.46941794624374,-0.6500889841641319,-0.03406472950019112,0.008204873850780316,-13.717825006820412,0.9257123991155181,251,203.752,204.488
0.09948258325811953,0.10399999602076228,0.42024479213423094,5.423354187512431,0.9908085622848202,1.077658041460147,0.26850692699986567,0.25620538874812904,0.9588485154346391,0.07426656470952928,2.2535683791825396,0.40493938166414883,0.46399999999999864,0.46399999999999864,2.073701009675644,0.19999999999998863,0.8640000000000043,0.9947278331328125,-1.520077586413366,-0.6974899950214265,-0.0362938220425761,0.014082836832070754,-6.932665861586624,1.0772192572331774,252,204.488,205.352
0.038227634196736394,0.039999997948584255,0.3607923591264145,6.00416807929281,1.1751539769669612,1.2839285004100827,0.2756338628625311,0.2727450024995367,1.3210695719231096,0.08163356524443105,4.40575465901364,0.3748216913717686,0.3919999999999959,0.3919999999999959,2.1166489888125546,0.14400000000000546,0.8239999999999839,0.9954724010536304,-1.783216552627707,-0.7835640545255332,-0.08208375236181827,0.06310274365493905,-1.4553421726215376,1.0225033584530796,253,205.352,206.176
0.03782413790805611,0.03999999021067511,0.3566367508433268,7.698244542581407,1.150213550255732,0.8639510144007502,0.21048471187626167,0.31569087226745896,1.5316322389815173,0.0891498288726336,1.8527495848620656,0.28604976957674655,0.21600000000000819,0.21600000000000819,2.0683159594648313,0.14400000000000546,0.832000000000022,0.9967482783783652,-1.426878273858732,-0.750642628780287,-0.06561209107698428,0.09920444744121151,-0.216834477960127,0.9843365763799088,254,206.176,207.008
0.03578470564279762,0.0399999968216996,0.32136883845649034,6.54950089248187,1.0771278480557593,0.8519767478537699,0.2182780275345321,0.2157710567299998,1.7031648766211742,0.08814984488454135,2.8189007008256737,0.19341786056854773,0.28000000000000114,0.28000000000000114,1.7280281945190934,0.13599999999999568,0.799999999999983,0.9962784125415977,-1.1501257903192181,-0.6522161217347979,-0.08947625334671495,0.11199306439722961,-0.24960586530564935,0.919849981389079,255,207.008,207.808
0.03647571922880792,0.03999999557477997,0.3445411005777575,5.030601734105755,1.0871372950201441,1.023635681513603,0.27279036117453714,0.2557729918410437,1.2404208819684344,0.08277140871762688,4.396443013679554,0.2983694205258977,0.38400000000001455,0.38400000000001455,1.7102221340396233,0.13599999999999568,0.7680000000000007,0.9962917733933838,-1.1781259700417697,-0.598236526246883,-0.057074954748443374,0.04135305261091787,-2.023784549636671,1.0068702445159088,256,207.808,208.576
0.07028294261851913,0.07199998957335547,0.4033588971489222,5.635011786097937,1.4918830084717403,1.3808161031261268,0.3160003883807734,0.28902844258585864,2.419704243394202,0.08658731697571594,5.573215164297049,0.41040858837120336,0.4480000000000075,0.4480000000000075,1.9935699348856217,0.1839999999999975,0.8559999999999945,0.9955048004016182,-1.853183591676332,-0.7438438522467106,-0.12561750182892423,0.060353936456395134,-2.1943738478421158,1.090898231928202,257,208.576,209.432
0.03542842144673371,0.039999997442316845,0.34351549413100774,5.81913031472727,1.4478767597367974,1.5621086254072987,0.279949762928424,0.2687178681021409,1.2297802634147765,0.08435616864985558,3.482294384958664,0.32806246454183985,0.4000000000000057,0.4000000000000057,1.9418072436079705,0.1360000000000241,0.7600000000000193,0.9950054740187981,-1.6066440274313327,-0.6844097150326871,-0.11979790872971088,0.08919443713310622,-0.7994006251356154,1.1544688241492758,258,209.432,210.192
0.031187395582496252,0.03199999653809494,0.3463877865896412,5.379480724113005,1.3828408685186246,1.2321754221822108,0.2917857193410739,0.2901172051199385,1.3364538928653438,0.07886541777514246,3.187544492049247,0.3422443571340547,0.38399999999998613,0.38399999999998613,2.015017819004818,0.13599999999999568,0.7920000000000016,0.9947173447603981,-1.6224767220547194,-0.7157565426777085,-0.08172728759940091,0.05381150347376185,-1.9112129554835913,1.0879670230649827,259,210.192,210.984
0.031013578841816374,0.032000004896811055,0.3671581012214974,5.33142521359321,1.4076722148636802,1.2676176360797886,0.3039574558102584,0.30522123651546046,1.3395644794405113,0.07932113328977672,3.8067471847419556,0.3499276670571582,0.3919999999999959,0.3919999999999959,2.0252570755610098,0.13599999999999568,0.7920000000000016,0.9946663214787116,-1.691872382063911,-0.7199477572401011,-0.0740175152735025,0.03837579327572917,-3.132775815556677,1.0586549344327871,260,210.984,211.776
0.029928274712018015,0.03199994724608654,0.19206259400388062,5.151403718003682,0.48823670073287867,0.5624126723912652,0.1858572392398248,0.4678855459698606,0.9371570511313244,0.07531911872999862,1.7321920494973007,0.4356224851349498,0.19999999999998863,0.19999999999998863,1.612050501448322,0.1279999999999859,0.799999999999983,0.9942812099309181,-0.6147876619725936,-0.48902912637030665,-0.0003828065714697657,0.00013833687255101443,-140.77901861078277,0.9120334244204937,261,211.776,212.576
0.02775888898423372,0.10399998573512254,0.3397087707169742,3.849244501108678,0.4167973828352123,0.23234330181853508,0.18377754439455204,0.32457946401977933,2.1320776694744215,0.07176752891634988,2.323797679993044,0.04378429891577099,0.20000000000001705,0.20000000000001705,1.2912865716614519,0.11199999999999477,0.7760000000000105,0.9958121781742111,-0.3599947604993402,-0.3683349851869589,-0.00037288089000588775,-0.010998769007553724,2.269087059048661,1.1476293368017634,262,212.576,213.352
0.026355767172698368,0.10049327041813814,0.33291815001861624,10.64679969520934,2.3423159753787157,1.9058111209466098,0.2932439765201518,0.1735933383974508,1.4400000000000543,0.18263341745968134,1.1686022264120326,0.48000000000001813,0.5279999999999916,0.5279999999999916,1.171158003996095,0.12000000000000455,0.7680000000000007,0.9974813758904504,-1.0434596524076762,-0.45123849008628525,-0.3261652180550596,0.13590232431977967,-0.7451326227777524,1.1476293368017634,263,213.352,214.12
0.034249407557135354,0.10746113049914756,0.1528046777970348,3.4969311683305797,2.101399829824739,3.0744085474147145,0.4320000000000163,0.1539921016751679,0.6194377598442136,0.08022178691241288,0.7920000000000017,0.48271984370796883,0.21600000000000819,0.21600000000000819,1.537206175234173,0.12000000000000455,0.7920000000000016,0.9946303799971344,-1.1082169270825406,-0.4896292121398842,-0.1287750094169211,0.044930205322722745,-2.971803679714656,1.2541299254987395,264,214.12,214.912
0.030946126299388838,0.03199997026531688,0.33762383297400445,3.285337599678921,0.7089426959009328,0.5460096632215119,0.25500253527130134,0.26040512831797125,0.8800947442800611,0.0590002592474282,1.7772961445707547,0.2285564907435671,0.22399999999998954,0.22399999999998954,1.4831658336677531,0.11199999999999477,0.799999999999983,0.991826213899213,-0.6362131649720463,-0.4740207080422659,-0.023011711041335946,0.04112603499619063,-0.885282840386317,1.304021543024789,265,214.912,215.712
0.03085781776264277,0.02400001895923781,0.3332723790760603,3.449724131445905,1.0139136650442773,1.017974009031054,0.2717569919923087,0.3263467031674978,1.278696224932721,0.06405449198257568,2.660938060019378,0.32693390078693385,0.3680000000000234,0.3680000000000234,1.4721504008161523,0.11200000000002319,0.8160000000000025,0.9890861353384787,-0.7293518697805547,-0.5077432402945987,-0.05129377612548798,0.07876787247533003,-0.4122286434246067,1.3509208848363012,266,215.712,216.528
0.03031364482756343,0.023999999905472746,0.30028202059197784,4.250151285077294,0.9357455765609862,0.9397698161842593,0.22798074828736345,0.2705058910100362,1.2129878723898422,0.058646155322093406,4.163742854376744,0.18950068714050264,0.2079999999999984,0.2079999999999984,1.779228827696639,0.11199999999999477,0.8000000000000114,0.9906384650368355,-0.8842403801743481,-0.5703689939630693,-0.044079505156551686,0.06948059883986346,-0.46753302115519285,1.1319351560132758,267,216.528,217.328
0.02978644927683904,0.02399999521982092,0.3089162906169333,4.207380327032651,0.982999767153875,1.0050316529484022,0.23669390022235684,0.30552237787529885,1.0707272933845267,0.06097149233259887,4.464188649449632,0.1791884281409137,0.3599999999999852,0.3599999999999852,1.7551670500262186,0.11199999999999477,0.799999999999983,0.9915464655371191,-0.8939017025869856,-0.5709574375382924,-0.03732142011733248,0.053606509333035963,-0.7788018115667121,1.194528678613276,268,217.328,218.128
0.030558677855705117,0.031999986363830224,0.1764997686725713,5.623486014788616,1.02617845355387,1.0180240724755738,0.20503435944183815,0.28849126531900643,2.1293907475662475,0.06537448438412666,2.873042229486591,0.3197154879190834,0.21600000000000819,0.21600000000000819,2.0143108499289015,0.12000000000000455,0.8160000000000025,0.9935579974613955,-1.1268313217111865,-0.6608168447027369,-0.024630837359283814,0.06738259455410875,-0.15699307099753657,1.1427439886963975,269,218.128,218.944
0.030266150543751487,0.024000000182109515,0.33787817018761174,5.703014665910466,1.1868386295759983,0.901317208895574,0.2585163305091832,0.33050283494496646,1.835766506938709,0.07623105956934373,3.3155838957166623,0.23142867197135333,0.22400000000001796,0.22400000000001796,2.1173525438071144,0.12800000000001432,0.8400000000000034,0.9950392308875113,-1.5542824323979778,-0.7664324533615039,-0.06689290812068693,0.08266285704053511,-0.6265416830111369,1.1466522671806905,270,218.944,219.784
0.029383869113810246,0.03199997478560793,0.3197526552404906,7.114095813836865,1.2326055429408727,1.6202314868473031,0.2085356388608044,0.272296518391161,1.0817169786495051,0.07382010290487154,5.089215384483507,0.24379309822144163,0.20000000000001705,0.20000000000001705,2.2707607158202228,0.12000000000000455,0.8240000000000123,0.9936166860302552,-1.6034696736235816,-0.7960039697614042,-0.10109793500738136,0.13379892288807538,-0.11419843502691408,1.0850358142017633,271,219.784,220.608
0.030143321029614922,0.024000140934553087,0.33941711177228223,6.456935359892243,0.44179515670221264,0.323552396247222,0.16890413861708448,0.16583167948733593,2.0763085762157565,0.07299017772842326,2.1731810007096373,0.03095831218841953,0.2079999999999984,0.2079999999999984,1.807440088131814,0.12000000000000455,0.8079999999999927,0.9947418444764045,-0.7890712118932874,-0.5563957261466029,-0.01740868892171428,0.05532521942740005,-0.037764021648718976,1.0205492192109331,272,220.608,221.416
0.03039565487367544,0.025933108941606834,0.3359999963671344,5.89053645087489,0.6905787312874155,0.7171508760614311,0.2091072985061511,0.3595668114275463,0.9535451090077854,0.07845303102340534,3.806759614683802,0.22680487784574552,0.2079999999999984,0.2079999999999984,1.8951176124063698,0.12800000000001432,0.8240000000000123,0.9947107926377607,-1.0136634606726493,-0.6330357981418463,-0.01565220775013572,0.0316093915461092,-1.1059644243152937,1.04106768125347,273,221.416,222.24
0.030455978702818114,0.03199998545217787,0.23094440293931645,5.639684163823021,0.7796394823848073,0.8354607493313199,0.21348869550069008,0.45868752263873025,1.0872215895043846,0.07277479547866633,2.965138026125427,0.3476932085816013,0.19999999999998863,0.19999999999998863,2.028539536687468,0.1279999999999859,0.8319999999999936,0.9937319957337384,-1.0836205542065473,-0.6556058297377045,-0.0017100180374019305,-0.0006580658369169403,65.7447422796607,0.9560015573687866,274,222.24,223.072
0.030431226038024905,0.031999882188014195,0.32593205426938515,6.928373693639416,1.0161249895885098,0.8656055801628744,0.21744575557978565,0.2621979901114982,1.321222419640649,0.08327697027677601,3.172039008523083,0.17892043171590888,0.2079999999999984,0.2079999999999984,2.078386466875087,0.1279999999999859,0.8160000000000025,0.9937268939233582,-1.4045603122814405,-0.7368847893043703,-0.05764137594920745,0.07911326582840277,-0.48967876724478115,0.9560015573687866,275,223.072,223.888
0.03453166966892959,0.03200000053327817,0.33505369838634463,7.86555287319046,0.5861131777804375,0.41479784371382017,0.16402551534098353,0.3093986365032549,2.32996689123683,0.07530934050902444,2.901491906428976,0.043696973022231786,0.21600000000000819,0.21600000000000819,2.0816951119668605,0.12000000000000455,0.799999999999983,0.9958931629344773,-1.0124869505493779,-0.6268541138314623,-0.011435305993232238,0.023729528932053507,-0.7317630451155747,1.0010078267894695,276,223.888,224.688
0.03704709575005529,0.03999990080361707,0.341136667199286,5.595890091921293,1.1326131669663315,1.0842717732598832,0.2777375206736277,0.2785257287256292,1.298322192568841,0.07690287107660529,3.7501591927885327,0.33000960837343635,0.39200000000002433,0.39200000000002433,2.109928008342984,0.1360000000000241,0.8080000000000211,0.995983489762332,-1.6657871131082957,-0.7456755172188565,-0.05944377729799224,0.04775383721768017,-1.8056204645255889,1.0879670230649827,277,224.688,225.496
0.03732181666738155,0.039999988231328616,0.3520534505706319,5.7985693422901035,1.3068889302353957,1.2323773926720054,0.29960872959997864,0.29365754269556094,1.1503587939184776,0.07731482087397028,4.566219083387582,0.3220878337300395,0.40799999999998704,0.40799999999998704,2.2569156288436387,0.14399999999997704,0.8160000000000025,0.9968815712150655,-2.024662842179788,-0.8083410039901558,-0.049333184257522734,0.018460662980054263,-7.260010650442256,1.0527925167063479,278,225.496,226.312
0.030992058108548572,0.03194343635730852,0.32800001900577475,6.920139689703937,1.2140352720522862,1.1575714599382667,0.2518552817062918,0.24716492090824538,1.184650376610184,0.09158521231736812,3.325401269650532,0.2862502918021221,0.29599999999999227,0.29599999999999227,2.0233135249114995,0.13599999999999568,0.8239999999999839,0.9961488649606,-1.7076809964255553,-0.7906373949478805,-0.09249675616142243,0.08254910776028401,-0.9641231871270501,0.9345060257051765,279,226.312,227.136
0.028119818692885733,0.03199997924600856,0.32045496474705126,6.061099474192437,0.8617237725078005,0.741039492387652,0.2092495997745773,0.31600760745213746,1.158233835191199,0.07999176840197861,3.3923162701476133,0.16949800605140855,0.20000000000001705,0.20000000000001705,1.8672129026842086,0.12800000000001432,0.8000000000000114,0.9957878279035595,-1.0403523675617512,-0.6309682021182056,-0.024477508175679123,0.03889517241167781,-1.0244777799714266,0.7615036359239074,280,227.136,227.936
0.028897483536495197,0.03200000035154816,0.27613334051386534,5.497899148756698,0.9783210524088776,1.0868887407508736,0.21254015394726025,0.29447595472515675,0.9769676208325432,0.0762777977048124,4.85750234423033,0.18405592725258457,0.19199999999997885,0.19199999999997885,1.750204427309014,0.1279999999999859,0.7839999999999918,0.995047497499779,-0.9495893459027522,-0.5925504396602496,-0.02353704356241462,0.028175837484625023,-1.8007768324515332,0.8064488384932734,281,227.936,228.72
0.03146052509990409,0.03199969526717314,0.19199995839933295,5.774250733599682,0.6342258553540676,0.502493982180577,0.19598388679002232,0.3292544814022444,0.8582689627925149,0.08215898769725441,0.8802181351826829,0.5238081844131307,0.2079999999999984,0.2079999999999984,1.7030817844818804,0.13599999999999568,0.8000000000000114,0.9950270018502084,-0.7648830827876647,-0.5436147425363426,-0.0031305946927890037,0.007488197001222133,-3.9300680006147717,1.1788955646761055,282,228.72,229.52
0.02965127968558133,0.031999994061282275,0.3486113010202663,4.787119430395228,1.0410929391862338,1.0312381098911854,0.2936122221350375,0.36174748195152956,0.9999584506529829,0.08090496486529221,4.334338028691135,0.2630049248229461,0.38399999999998613,0.38399999999998613,1.8410868467974066,0.13599999999999568,0.8079999999999927,0.9950294324461784,-1.2753949254264845,-0.6463574325727119,-0.029310620970871185,0.02744885673561104,-2.6669842125599827,1.1915974697500564,283,229.52,230.328
0.028845295116464865,0.0317297672006908,0.3360000036911694,6.741208792821559,1.0186149731463026,0.47289255481496756,0.2082575882404444,0.2663083637123708,1.5236092629328721,0.08619103186809848,1.2812186304988085,0.13940291451494552,0.2079999999999984,0.2079999999999984,1.8644891205005156,0.1279999999999859,0.8079999999999927,0.9961455838309198,-1.126703023429602,-0.6611715434638472,-0.04179788755556024,0.07116951864344882,-0.3951662799489911,0.9550244877477134,284,230.328,231.136
0.030245703833821833,0.031999962050102505,0.31457110182485465,5.1577292813678515,0.9431983497697497,0.7817709703149155,0.22634032234871246,0.28711776555223756,1.6380066855338853,0.07622749485336873,4.2558830499589195,0.177969034177948,0.21600000000000819,0.21600000000000819,1.7381314379335788,0.12000000000000455,0.7920000000000016,0.9944680835626677,-0.9619234477290788,-0.5930161954271164,-0.040471674757027315,0.0590478624772256,-0.657893669401959,0.8377150663676154,285,231.136,231.928
0.03294029341430956,0.11389145346012088,0.3745076085900694,16.724872682011693,1.2654196258831303,0.3983808139574134,0.18666744366163532,0.12340377856014703,2.5919999999999273,0.13535793047216635,0.8079999999999928,0.027604753053486752,0.3760000000000048,0.3760000000000048,1.6724872682014285,0.12800000000001432,0.8079999999999927,0.9975586181552569,-1.1038487876177765,-0.6478011998314137,-0.11226388947567466,0.12868988875121867,-0.07262404639865046,0.9472079307791279,286,231.928,232.736
0.029239824606634032,0.030607202437315646,0.17600009696604363,5.367232242900816,0.6776915789791086,0.6433080996537626,0.20387485184622858,0.2642483999373422,1.3821107879213441,0.07590171552609047,1.6450043720234733,0.3751724326897171,0.20000000000001705,0.20000000000001705,1.7069280761300298,0.12800000000001432,0.8160000000000025,0.9938445473814587,-0.831396708631784,-0.5716604190174621,-0.012737405285175125,0.04156302334558438,-0.39708847281855075,1.1486064064228365,287,232.736,233.552
0.02977581798552061,0.02928482768436847,0.1760000866564643,5.553107440189182,0.6597078958767868,0.7215371525391566,0.19869511073000695,0.2807498796150108,1.564975918593169,0.07609969561043202,2.423486224066897,0.3093484362338578,0.2079999999999984,0.2079999999999984,1.7179000899725696,0.12000000000000455,0.8319999999999936,0.9940298063119742,-0.8343708652020534,-0.5799922008065692,-0.009713123681911975,0.046076467441925964,-0.06335679428793962,1.12411859904469,288,233.552,234.384
0.02438824640791189,0.09805753413404525,0.31200010056490945,13.436174798977383,1.8547439039672722,2.6348080590314167,0.2595447246811005,0.11027039259141953,3.40317743100948,0.15812307906175235,4.148582335023239,0.6906945878872773,0.20800000000002683,0.20800000000002683,1.6605730446358276,0.11200000000002319,0.7920000000000016,0.9970172676883723,-1.8945785123814238,-0.7281206965235888,-0.5288652896276206,0.24384701265036943,-0.2637869923924497,1.0127326622423478,289,234.384,235.176
0.030630069565425917,0.024000001372713582,0.3105876263978366,3.855734059028833,0.8193685498409159,0.9243149036189987,0.2413152246319376,0.3055046690726399,1.0359053810554424,0.06953757092329499,4.593236415805317,0.23097581159969283,0.21600000000000819,0.21600000000000819,1.464035751388588,0.12000000000000455,0.8000000000000114,0.9915312975960373,-0.682325891699967,-0.49675132257762455,-0.0298035578851605,0.05200902731379517,-0.6520009706172396,1.0664714914013724,290,235.176,235.976
0.029642441381166146,0.023999999198043,0.35907430117571015,3.031740818509256,0.9382554099220514,0.7092009087074101,0.31367190774716164,0.3318618618088887,0.9660140710122097,0.06147700492625016,3.3581233267398893,0.19027282714249616,0.4240000000000066,0.4240000000000066,1.4171600276490497,0.12000000000000455,0.8079999999999927,0.9912069074670712,-0.7171308024111277,-0.4802792792113792,-0.021838833872777144,0.018584984801765563,-4.163627846726683,1.134927431727812,291,235.976,236.784
0.03138753907118978,0.02399999614976432,0.33378598141286253,3.628165179635504,0.7861265035373721,0.7789975757408222,0.2505366489042521,0.3828358791766948,1.138492077877522,0.061762424612092956,3.052945482628206,0.2810685702856084,0.22400000000001796,0.22400000000001796,1.604867249041173,0.12000000000000455,0.8240000000000123,0.9924600977530141,-0.7286953910897846,-0.5199790191724268,-0.02168670264078476,0.0467197444176539,-0.5928455236009504,1.2541299254987397,292,236.784,237.608
0.029251388704658224,0.023999997264081082,0.3200000595525737,3.4475506875181092,0.7499930694199817,0.4750104619716452,0.2317953763644291,0.367587805065613,1.9496732164452835,0.055451292847903955,2.4557494659692187,0.19808952036356922,0.21600000000000819,0.21600000000000819,1.5885430016955198,0.11199999999999477,0.8079999999999927,0.9932098193734624,-0.6300947205828825,-0.4834848194579792,-0.016699603911869143,0.03895726484546089,-0.6740464586383507,1.1837809127814711,293,237.608,238.416
0.030968478021958522,0.03199992967703132,0.3097028624797439,4.346941990495367,0.8230844299020196,0.7619825163274032,0.19196768036099673,0.28652841361196424,0.7229435167757988,0.06131628399413103,1.748741562640868,0.18306317009873468,0.21600000000000819,0.21600000000000819,1.6505820562423286,0.11199999999999477,0.7520000000000095,0.9895059489937136,-0.6279649834827126,-0.47195435196225966,-0.02159620715872394,0.04370698030783371,-0.5331518104538934,1.3401731190044963,294,238.416,239.168
0.023733962040169462,0.023999989305570252,0.19172862273087413,6.765029325355318,1.0003851888700408,0.879691019743839,0.2046981084764664,0.2702064060526749,1.8059104813023164,0.0796875651190832,3.0514061483644594,0.24646023567694872,0.2079999999999984,0.2079999999999984,2.0000375250414253,0.11199999999999477,0.8079999999999927,0.9877251058356932,-1.2379601395203819,-0.6972602238358236,-0.022351242116662267,0.042109771136176734,-0.96875487745753,1.237519741940496,295,239.168,239.976
0.030045550290675637,0.03199998296028798,0.18991646808941975,6.447886163767009,0.8093361379052695,0.9543241328648198,0.19102362314459131,0.30298843156965255,1.3449671396149794,0.07234179865092817,2.847939008332617,0.3191481937962888,0.19999999999998863,0.19999999999998863,2.067437041182668,0.12000000000000455,0.8160000000000025,0.9924925960172708,-1.1016538079590599,-0.6593225944407843,-0.01255498047728455,0.039495065833544556,-0.44726555024794185,1.0811275357174703,296,239.976,240.792
0.02977927674655289,0.031999951093555024,0.3335451964316408,7.507486846789713,0.3995251605305546,0.4254743580078369,0.16075440344202568,0.16362177693445779,0.7817319841551433,0.07267496318625019,2.653665662626546,0.042477571866010894,0.2079999999999984,0.2079999999999984,2.031823674450142,0.11199999999999477,0.7839999999999918,0.9950242257225906,-0.9325024734215948,-0.5964744127732349,-0.012457383998143595,0.0239755700601946,-0.7113969469832656,0.985313646000982,297,240.792,241.576
0.03832794661627016,0.039999990199995616,0.1936839718148121,6.072897879278183,1.1874171296398313,1.2257312922103791,0.18580326530510338,0.30085719241118086,2.0611156205213157,0.0633403599360511,4.250483695375187,0.22603145542305486,0.2079999999999984,0.2079999999999984,2.135797199519592,0.12800000000001432,0.8000000000000114,0.990145443330307,-1.1009119318994924,-0.6444558845588386,-0.022586606886558624,0.05710465024209955,-0.1742372193386715,1.0352052635270308,298,241.576,242.376
0.03475039331422472,0.032000052370565774,0.3458497342044146,5.102658826053804,1.0738831659396308,1.1477488278009096,0.28757951372014695,0.30296326205155827,1.300845957164401,0.07327982665781328,3.9913676691426234,0.3917638403890854,0.4000000000000057,0.4000000000000057,2.0519933859513584,0.1279999999999859,0.8079999999999927,0.9942592521674896,-1.5424252116962534,-0.7137770327227047,-0.04859265223722541,0.03968953051626019,-2.1744369282725318,1.0615861432960068,299,242.376,243.184
0.03129519370994302,0.03199998201455579,0.3282333803755987,5.414887187648326,1.4215752902191048,1.0676797595325962,0.30462021318023735,0.3093927940041018,1.3866235044400212,0.07630092485407565,2.7954401310073513,0.32827266344154565,0.3919999999999959,0.3919999999999959,2.1565828802516562,0.12800000000001432,0.8240000000000123,0.9937575328870266,-1.8492064976748845,-0.7834401531275552,-0.056745503018297255,0.03185990907452962,-3.915782753810576,1.0156638711055672,300,243.184,244.008
0.030958086875783587,0.03199990687806128,0.32141462054557784,6.687194238178233,0.9597844913449227,0.7433405793271923,0.21758202374214033,0.269949511995027,1.379530151778583,0.08191985291749762,3.0947875807116256,0.17224348960595506,0.2079999999999984,0.2079999999999984,2.0315858271839278,0.1279999999999859,0.799999999999983,0.995301348888121,-1.339543450716935,-0.7090851474695123,-0.04253805062788748,0.057163882761717855,-0.8165977045791536,0.8915149623779568,301,244.008,244.808
0.035897480222207095,0.0320005590133029,0.34213752411943493,6.8876758134861715,0.7831412938691567,0.35471022080714815,0.18481972605182995,0.18467839249128057,0.7752812080061969,0.07545347868531861,0.7925765874292137,0.0370728941925762,0.2079999999999984,0.2079999999999984,1.9784221960098127,0.12800000000001432,0.7920000000000016,0.9961575351647212,-1.078395283591247,-0.6411788048755336,-0.026335306470995228,0.062190931299501054,-0.17710510478853395,0.8954232408622493,302,244.808,245.6
0.034815448807378906,0.03200005860163621,0.3332825017994306,6.357001984761407,1.0993606390807498,0.8797027424535042,0.24411144098007723,0.29579068603431485,1.6844347762988725,0.08027642763509248,3.1399934044762157,0.28217573383101197,0.2400000000000091,0.2400000000000091,2.13494200748803,0.13599999999999568,0.8000000000000114,0.9960489478327424,-1.6016159078234935,-0.7531510138983452,-0.05970546677188194,0.06588698074703224,-0.8732709884335452,0.9393913738105424,303,245.6,246.4
0.030929549152634458,0.03199999021403004,0.18546220407191133,6.016811631128769,0.6185311555451541,0.6252899293674171,0.207645170637796,0.35027329686823083,0.9472675716399026,0.07768995141247415,1.3160367433005153,0.4909813510089103,0.21600000000000819,0.21600000000000819,1.9811145261494527,0.13599999999999568,0.8079999999999927,0.995502491291787,-1.052866800890653,-0.6372516452544249,-0.0019406157443031858,0.0019772549864401543,-18.543036636260695,1.0332511242848845,304,246.4,247.208
0.03423111454809337,0.03231921398149079,0.3360000034763844,6.07648902087547,0.8616310405532813,0.685104833692294,0.20935715982344272,0.36971695916265457,1.1395458741994586,0.07833343203007127,1.846415547403979,0.2978719583473497,0.2079999999999984,0.2079999999999984,1.9314936748185967,0.13599999999999568,0.8160000000000025,0.9959030505458194,-1.0823456659800508,-0.647591012834097,-0.021674649931253693,0.04468212001028137,-0.6427212188503524,0.987267785243128,305,247.208,248.024
0.02986316130770688,0.03199996203056915,0.3337329389561431,6.147608397606453,0.3708831750466843,0.2890054897654678,0.16188120968417602,0.16234020011836853,1.951203609395898,0.07431794495778021,3.2823931788712115,0.03366368961163849,0.2079999999999984,0.2079999999999984,1.6171254324168847,0.12000000000000455,0.7920000000000016,0.9959727746766532,-0.6107247288887642,-0.4856247711510782,-0.011551480002708196,0.03431008445518354,-0.35165413077515517,0.8572564587890785,306,248.024,248.816
0.02790568553512709,0.10865942054599295,0.35499800062260406,14.380043244046849,0.6725067625405989,0.2340526709612515,0.15838000463246907,0.0665585383682739,3.4079999999999013,0.11634901137273379,0.7839999999999919,0.028899283117703237,0.21600000000000819,0.21600000000000819,1.4380043244047627,0.12000000000000455,0.7839999999999918,0.9977107336981553,-0.656198199866252,-0.5095145043930545,-0.05382879083623025,0.11112761181647308,0.1344276965065776,0.9950031060691641,307,248.816,249.6
0.02901532182304767,0.02400005788758941,0.2701051767243886,3.5581010274473432,0.629612806254897,0.5323743772268685,0.2492874986687507,0.19858961383813453,1.0736223109110588,0.06628844613774278,3.332388084967068,0.06834622190391071,0.28000000000000114,0.28000000000000114,1.3838781352785006,0.12000000000000455,0.7920000000000016,0.993044136207863,-0.6462614613668579,-0.47763850468977037,-0.007994666797861061,-0.0007177077603283963,77.31481750800243,1.246313368530154,308,249.6,250.392
0.03368865995892338,0.10617788606337332,0.15814847836440135,3.4966842600406243,2.1168106604686425,3.1729079035080905,0.4320000000000163,0.15827490335913907,0.7087398706060423,0.0770406905357981,0.7920000000000017,0.5594876588233543,0.21600000000000819,0.21600000000000819,1.5864539519603795,0.12000000000000455,0.7920000000000016,0.994441496889928,-1.1451540135467384,-0.5015584112241408,-0.13761962717073437,0.04962746751974555,-2.6688445942714654,1.246313368530154,309,250.392,251.184
0.03488604865920623,0.10400000275202526,0.34505414676719204,2.4733762432779125,0.6914944320258908,1.1020463065705612,0.3576669981955275,0.30102756063427094,0.6753216141290006,0.046851725759176635,10.270027794979836,0.24309866658246848,0.367999999999995,0.367999999999995,1.5569151085164952,0.12000000000000455,0.8079999999999927,0.987435697787439,-0.6504598379781076,-0.4368660049162156,-0.0037685967130768553,-0.010629508347775445,5.606554978913713,1.0635402825381528,310,251.184,251.992
0.03046001564363826,0.10400005360292437,0.3274835129711944,6.637174542913158,0.22376735021292204,0.548770842958966,0.12830684196437617,1.1498929606020587,0.16702008003250615,0.0637099150079107,1.6746780812995232,0.046924469870484875,0.33600000000001273,0.33600000000001273,1.7654247901727134,0.11200000000002319,0.7760000000000105,0.9933495837575683,-0.47830001227606855,-0.4107927277683191,-0.007985150737650843,-0.04008262151945031,0.4251074374191337,1.093052703873319,311,251.992,252.768
0.030871258433195256,0.024000070516622073,0.31539969641245547,3.9058580108265835,0.9071851562827218,1.038661280972896,0.23910072359105056,0.33165659785067414,0.9808743087207128,0.058548608508266806,3.869785583344908,0.2519945303212891,0.2079999999999984,0.2079999999999984,1.7238031330916361,0.11199999999999477,0.7920000000000016,0.9914404956725015,-0.8115070311154442,-0.5382176176672494,-0.03260556046425089,0.054582632919939214,-0.6242875839815366,1.1583771026335685,312,252.768,253.56
0.0357985334391087,0.03999991480498545,0.1738218752054282,4.745837074055381,0.9486319291027083,0.9841662361964386,0.1871066389766368,0.31142353472260714,1.7264204905518454,0.05713452996059692,2.906743744755809,0.2695492785374186,0.21600000000000819,0.21600000000000819,1.7928579234223998,0.11199999999999477,0.8000000000000114,0.9934054820537946,-0.7731944474380701,-0.5381174681263854,-0.010851618647041157,0.0396275278128906,-0.23574748799980566,1.1896433305079102,313,253.56,254.36
0.029520951181276546,0.024000055340504905,0.3084919310439341,3.552526924545681,0.8969003753010597,0.94222566231483,0.28013425455269186,0.29864186413601396,1.024880311198289,0.0507078463346416,3.5827445948411056,0.28488665862916573,0.3599999999999852,0.3599999999999852,1.8403236738992754,0.103999999999985,0.799999999999983,0.9893557606497356,-0.9554759615003864,-0.5699229463885952,-0.0302088999277741,0.03851813911183215,-1.5161007586788715,1.1759643558128856,314,254.36,255.16
0.029831815518594602,0.0240000017598808,0.29818732443079726,4.04359453130586,1.087722839346529,1.0795612894722237,0.25142354367592407,0.2844019721691363,1.288156189469005,0.05494578315277012,3.727496471830981,0.23666786286787161,0.35200000000000387,0.35200000000000387,1.8628302528477498,0.11199999999999477,0.7839999999999918,0.9896617532493298,-0.9931922092125618,-0.5860025120754434,-0.05866366355381133,0.08086899170100639,-0.4432076649699794,1.1554458937703487,315,255.16,255.944
0.029365527416222535,0.024000008387763082,0.3431884517451875,5.416477130928069,0.7203758735036682,0.2636333048010943,0.17811631582007145,0.17251641903729054,1.8468788924594215,0.06407657367129667,0.8403428345038925,0.02895377365733968,0.2079999999999984,0.2079999999999984,1.7924622006961666,0.11199999999999477,0.7760000000000389,0.9936589769363975,-0.7818764772559778,-0.5396966883596808,-0.030606988173655352,0.08174893529671808,0.013588774663605531,1.2082388764560468,316,255.944,256.72
0.030007762409892568,0.024000009942090977,0.3652251091845975,5.605504366976485,0.6977803771240743,0.23412251228583109,0.20984391174935432,0.20545972955592984,2.059531906912867,0.06724305070028849,1.1674046990287794,0.028000000000002932,0.22399999999998954,0.22399999999998954,2.058140940635921,0.1199999999999477,0.7839999999999918,0.9937469810243487,-1.1318456898612965,-0.6461787853492255,-0.023926868303858775,0.04577366720754166,-0.6835778222898591,1.1574000330124952,317,256.72,257.504
0.03140325044028741,0.032000005201241,0.19435189943416356,6.718248440516704,1.0570731550118717,0.9169798846908015,0.20642255142216254,0.3577586169247482,1.4977838184171082,0.0747704736706067,2.663264074030249,0.27837892402713194,0.21600000000000819,0.21600000000000819,2.218229439344448,0.12000000000000455,0.8079999999999927,0.9897768927694106,-1.3688552891598114,-0.7261359157417207,-0.00757203456811871,0.011543323242497057,-4.213300534537696,1.1182561813182508,318,257.504,258.312
0.036049639720027594,0.03999997485616489,0.17575301484232533,5.65633852033186,0.7752504779830687,0.9236236389734165,0.17923250421365156,0.2677352063079965,1.5412186726155968,0.06231076918568446,3.3236301042524774,0.2726134885134123,0.19999999999998863,0.19999999999998863,1.9380661853197552,0.12000000000000455,0.8159999999999741,0.9913475815277699,-0.9005837911210689,-0.588982643770547,-0.010869338440660355,0.0437257148190453,-0.12678485557849115,0.9511162092634209,319,258.312,259.128
0.03518419752362567,0.032000013224863136,0.3029277808637646,4.321073247375305,0.8535455530741135,0.8256215432544532,0.21821612631632561,0.25146457778501946,1.2490731259860743,0.05641829879342837,4.368567185685492,0.15300495129354325,0.3520000000000323,0.3520000000000323,1.8112621968753304,0.11200000000002319,0.8000000000000114,0.9916331171702901,-0.8745913225680987,-0.5670530835426274,-0.035702846328311805,0.056926231067584564,-0.582035005467229,0.8504169714415661,320,259.128,259.928
0.03125332737008484,0.031999933803345905,0.175938120379018,4.841890073992905,0.8551723439795426,1.1057469846656178,0.1850526197959205,0.28039825521116346,1.3760442170937426,0.06038959691777641,4.352762840177439,0.25140201750534596,0.18400000000002592,0.18400000000002592,1.746938644364059,0.11200000000002319,0.8000000000000114,0.9905735346896164,-0.7370347060454489,-0.5286034958066769,-0.011275290749257288,0.036692401013091326,-0.290625029990546,0.8964003104833229,321,259.928,260.728
0.03530145119947269,0.1039999927090347,0.3460517691703138,2.887116052352876,0.6277782163610917,0.6586847468732036,0.27006952873106393,0.24651794784168976,0.7196432998902283,0.047612704210039505,2.0382287342502106,0.24914402447122583,0.22399999999998954,0.22399999999998954,1.6455113561431873,0.11199999999996635,0.8159999999999741,0.9931266676624911,-0.6247879223389017,-0.4682365598744592,-0.009565055744290396,0.008543686315596788,-5.175267277988401,1.0762421876121042,322,260.728,261.544
0.029578115372113224,0.024000029769867662,0.3365679302324187,3.2248124403740324,0.7438954516218127,0.5975668870783211,0.27480587839589055,0.22621457206101536,1.2444288150558758,0.05256731003035055,3.903810065202938,0.15533394253114935,0.3760000000000332,0.3760000000000332,1.5841799948281585,0.11200000000002319,0.8240000000000123,0.9910662174781135,-0.7536205118114588,-0.5199851604686436,-0.0366614540422431,0.05242651132257811,-0.9652270607835698,1.068425630643519,323,261.544,262.368
0.02149133331375712,0.10116338754442948,0.31926486536627036,17.555173676859216,1.6337086514911776,0.583202375476493,0.18545320378592786,0.08599999999999854,2.688000000000215,0.13271428602197508,0.7920000000000301,0.12347709508407334,0.3439999999999941,0.3439999999999941,1.7555173678715252,0.103999999999985,0.79200000000003,0.9970505325175247,-1.3028364620920558,-0.7055304367197341,-0.29828679572667527,0.2671938536418044,0.13202686315260898,1.0296508695300728,324,262.368,263.16
0.03215419059863236,0.11039405747369813,0.36346737979522703,17.353392047156685,0.8293007775911251,0.2997829372278905,0.15352900095543315,0.05599999999999739,3.5040000000000187,0.11263779158424272,0.8079999999999928,0.03910790458637264,0.22399999999998954,0.22399999999998954,1.735339204721838,0.1199999999999477,0.8079999999999927,0.9968064108804863,-0.9381842792468655,-0.6191189593736766,-0.09611694068483125,0.15835260624742672,0.17078155937794487,1.1272690002608126,325,263.16,263.968
0.029690700265023077,0.02399999990618157,0.33518919534598884,4.698614638456852,1.1027127618885033,1.0358642057728815,0.24115395196435346,0.32374858953340946,1.4051704350737062,0.06929452752056087,3.0335570277117263,0.26367112413034405,0.21600000000000819,0.21600000000000819,1.8017354553821388,0.12000000000000455,0.8159999999999741,0.9927357798125739,-1.0197530549590692,-0.617044659260158,-0.06511543117225033,0.09853580626129345,-0.24138863886177028,1.173033146949666,326,263.968,264.784
0.03061977562302054,0.0319999705695071,0.24445256840301302,4.536895848403387,0.8311270656022228,1.1653434451191351,0.21402266375648862,0.46725241798440864,1.028420386993902,0.06216288694447018,4.051283190365005,0.3427921934965373,0.21600000000000819,0.21600000000000819,1.8663506839301427,0.11200000000002319,0.8240000000000123,0.9897701185056901,-0.8477829971738055,-0.5733236741328183,-0.007704926510533476,0.022348942640194464,-1.0230221968890545,1.173033146949666,327,264.784,265.608
0.035232449041638046,0.032000002485413744,0.33026623383847276,4.039218488186197,1.0412362497466745,0.8963669412225201,0.27397034692978145,0.35500535844367737,0.9381717110660517,0.05505906103181827,4.379410962462243,0.162428680122063,0.2319999999999709,0.2319999999999709,1.972957348801879,0.12000000000000455,0.8159999999999741,0.9933370086254987,-1.1361086779194811,-0.6296532226024494,-0.011498919986835103,-0.0011545114029357113,76.47656484781949,0.9999696903170793,328,265.608,266.424
0.037522011267860214,0.031999990969490355,0.3435373748430464,6.132634962128896,0.26685061483250155,0.4166656326206331,0.1591364327429323,0.17299460722413126,0.44972652166572163,0.06540323483416058,2.561640721197716,0.03843104608998818,0.36000000000001364,0.36000000000001364,1.903318665814745,0.12000000000000455,0.8000000000000114,0.9948738149458045,-0.733501616044702,-0.5261347832238725,-0.006145488281438132,-0.006839639901727567,3.538004212570729,1.0567007951906406,329,266.424,267.224
0.032699813895544445,0.10643610761424142,0.3458921624430581,20.66732510562913,4.133465021192397,4.1334650200185665,0.3220488393741783,0.19471632463653954,3.5039999995836855,0.2042390189720626,1.791224170195785,0.7988772742597641,0.21600000000000819,0.21600000000000819,2.06673251059945,0.1279999999999859,0.8000000000000114,0.9975735023414483,-3.6275522006110923,-0.7787162869536461,-0.9447610759428593,0.1468219600036348,-2.0523724371280303,1.0567007951906406,330,267.224,268.024
0.030977255430100624,0.03199994981161376,0.3610175004436587,8.511302142958034,0.6177438606234205,0.308699605688065,0.18451837901679932,0.19949535521451572,3.7009832497257453,0.09089911114734396,1.543944162541947,0.05984807815404039,0.19999999999998863,0.19999999999998863,1.9734790493471654,0.1279999999999859,0.8319999999999936,0.9959046049317285,-1.1415384625605747,-0.6852467564992646,-0.029248534521291114,0.07586333834954068,-0.062292578607489484,0.9980155510749331,331,268.024,268.856
0.028494035085612785,0.10716450966164098,0.34018209105116015,17.79056037013698,3.5581120761584577,0.4835563918462431,0.24235123969209862,0.16490923675023647,2.592000000000098,0.1654231230948279,0.6480000000000247,0.07453180833222312,0.21600000000000819,0.21600000000000819,1.779056038079229,0.12000000000000455,0.6480000000000246,0.9973584594839313,-1.5680485991623996,-0.4815914171176188,-0.17378982836875906,-0.0053720348706594295,31.103119050778822,0.968703462442738,332,268.856,269.504
0.13599999999999565,0.12471439850909061,0.5020192377691266,16.409702661826028,3.2819405323655118,3.2819405323663062,0.30735729619224855,0.0939999999999941,3.5040000000000187,0.1527010168487146,3.547815431122635,0.5167612787140711,0.37599999999997635,0.37599999999997635,1.6409702661831602,0.27199999999999136,0.9599999999999795,0.9329968597782466,-5.764627767346564,-1.1957485732465383,-2.8409870369050143,0.6987223755940735,-0.13252600314691723,0.968703462442738,333,269.504,270.464
0.031592898714798666,0.03199999284590879,0.1878897121802814,4.391278551714274,0.770684541880681,0.814053645819683,0.20075684830961266,0.3113150945663888,2.2732763152076823,0.06330968036010524,2.7325276802028555,0.3800033951644705,0.21600000000000819,0.21600000000000819,1.6367403305195412,0.11200000000002319,0.8079999999999927,0.9917098657215185,-0.6821117110180934,-0.5107689546696136,-0.015434277797538207,0.06238041915155925,0.03958450129463986,1.1096685144891179,334,270.464,271.272
0.03320944674863565,0.10571803014834463,0.16799838986764934,4.193267755594432,1.8047894096352393,1.082676034568041,0.4319851865312493,0.11491437863584833,2.4317010008844355,0.09220511254748273,1.0407138833142704,1.0724976147391785,0.21600000000000819,0.21600000000000819,1.6112642124644792,0.12000000000000455,0.8240000000000123,0.9956874605469602,-1.467294274627122,-0.5811155769676661,-0.24065513305043967,0.09247840610474185,-1.6419231488344441,1.12411859904469,335,271.272,272.096
0.030003719823851784,0.0319999926477766,0.18817343805232245,4.847240391497058,0.7669710402678369,1.1288592166328557,0.1742697861207573,0.3478038122359437,1.095922091223774,0.057077121309225834,5.159386869340633,0.26284061660977764,0.19999999999998863,0.19999999999998863,1.802175825833852,0.11200000000002319,0.8000000000000114,0.9915089148765776,-0.6943693994146757,-0.5111858983648839,-0.006117341971613275,0.015751782342290053,-0.9350581454545565,1.0410676812534703,336,272.096,272.896
0.030645801330831595,0.10400000112062961,0.3492940677520379,3.3890814313097843,0.4231249901160202,0.285953792209916,0.21924161601133926,0.4159338696136752,1.122401730842321,0.05273269682117925,3.642141898318357,0.043232124242580126,0.21600000000000819,0.21600000000000819,1.7043797273996486,0.11199999999996635,0.8000000000000114,0.9937302582662495,-0.5760643004297793,-0.4609157305003849,0.0015482697465045556,-0.031716869109513254,1.2018110787694092,1.107508415486446,337,272.896,273.696
0.0306786783697822,0.03199998739279382,0.18033771395634646,5.361190895682566,0.9449611723344089,1.1546807155815093,0.1879534262783197,0.35325742038018465,1.4196455469180846,0.06526062634648563,4.174437099795529,0.30327676612116955,0.22399999999998954,0.22399999999998954,1.835265304026326,0.1199999999999477,0.8079999999999927,0.9931032123714244,-0.8477158046055732,-0.5723782289986641,-0.008961736759842078,0.025371379438239586,-0.8910684225797012,1.107508415486446,338,273.696,274.504
0.030622825804539355,0.03199996579640191,0.18461076934608733,4.87881804801976,0.8785123091226528,1.0694211928173778,0.2076874576206031,0.35677419139959526,1.448748584283757,0.064016927937816,3.336388359370197,0.31863121684351386,0.21600000000000819,0.21600000000000819,1.8568084335775052,0.12000000000000455,0.8239999999999554,0.992019490189872,-0.893507026724194,-0.5905553377230595,-0.0096573653094581,0.038084282682071896,-0.24194586062428516,0.9647951839584452,339,274.504,275.328
0.030584868079935594,0.10399998801793653,0.34328416572451376,5.428031859466805,0.5502251423730419,0.3681013934667937,0.19852610088081776,0.34159302634019767,1.8842635026565435,0.07368087318840069,4.043999416129405,0.05298771103218505,0.20800000000002683,0.20800000000002683,1.9046861586852617,0.12000000000000455,0.8240000000000123,0.9942717342146327,-0.8343406112409376,-0.5757251323106662,0.0013004958350542853,-0.028256572856391788,1.7018488096216509,1.1359045013488855,340,275.328,276.152
0.029816640470616856,0.024000000217022876,0.34078135932147646,5.029247687251464,0.5647891828465118,0.31323479523228465,0.20016761865272276,0.1995666362701534,1.6257363043837154,0.06470937754920812,1.638215449087911,0.029264540552872136,0.21600000000000819,0.21600000000000819,1.8474601368708203,0.11200000000002319,0.8000000000000114,0.9945234905082831,-0.8657057505164064,-0.5740509112791037,-0.017307876641628448,0.03932228827527554,-0.585024721675042,1.1359045013488855,341,276.152,276.952
0.0348846637897059,0.032000006979279745,0.34006905932253767,4.4177566570134505,1.2665592926146731,0.9913055704951805,0.335765606221574,0.3548817087772168,1.12764211131657,0.06634963938297592,3.772972317024572,0.25349686750502637,0.39999999999997726,0.39999999999997726,2.0371383880056415,0.1279999999999859,0.8159999999999741,0.9943603127030006,-1.5783844853005187,-0.6934818608016612,-0.022641231043153045,0.004944421937271471,-23.62584785693131,1.1759643558128858,342,276.952,277.768
0.027386306586734226,0.024000239860097892,0.3364064473643553,4.741186893756432,1.236720337748066,1.0330291445732782,0.32119291650429327,0.3171793119740527,1.5174299127976645,0.07032055183272405,2.5331082095695296,0.46593628039282636,0.4000000000000341,0.4000000000000341,2.051747905849412,0.12800000000004275,0.8160000000000309,0.9956553728214456,-1.6450601882392395,-0.7267904620905136,-0.041601157159129966,0.024020964350527606,-4.736987727421579,1.013709731863421,343,277.768,278.584
0.033737545708533094,0.03200000268434267,0.33456336902342565,4.78974164068712,1.2428836049106338,1.0967467776874391,0.31294496889167284,0.33374142535302975,1.527545406801534,0.06923370869240372,3.3146882667904136,0.3898894741480378,0.3919999999999959,0.3919999999999959,2.0866733302883267,0.1360000000000241,0.8319999999999936,0.9959162645156411,-1.6447189598162284,-0.7394985579027982,-0.04826883858695683,0.0347812977058429,-2.963131235881042,1.0107785230002018,344,278.584,279.416
0.029878207218867595,0.031999448940589495,0.34194344447546793,7.858001477840924,0.5782423579655381,0.38543129804460813,0.18303739307209294,0.18026759766722716,1.9972022243865721,0.08392839381948168,2.262145665138801,0.042509220403294974,0.19999999999998863,0.19999999999998863,2.0110962112851967,0.12000000000000455,0.8000000000000114,0.9950659209697172,-1.12391095272055,-0.6645874108756995,-0.02507873592351688,0.05463596766210852,-0.3076008101843181,0.9100792851783469,345,279.416,280.216
0.03407001376448452,0.1118580489217875,0.35822941441945255,18.152198892440452,0.9061439407814128,0.26008060834194235,0.170230092621254,0.09013691767780843,3.552000000000248,0.12443195226958542,0.8000000000000115,0.04508191975831568,0.20799999999997,0.20799999999997,1.8152198892530258,0.1279999999999859,0.8000000000000114,0.9966593976543349,-1.1489827678309548,-0.6711985303339617,-0.08213852628215182,0.11758355573590848,-0.013796604631830316,1.0195721495898604,346,280.216,281.016
0.034503779570765586,0.03621164389636466,0.3439999859071964,5.051431377103895,1.0101309580868785,1.115303106355181,0.2765995474588943,0.297071378290445,1.3352806379172721,0.07573088007320936,3.8280475838276136,0.39539178545180603,0.3839999999999577,0.3839999999999577,1.940797184643659,0.1279999999999859,0.8159999999999741,0.9947658894859721,-1.3755866947388296,-0.6876746854554752,-0.04975700944779574,0.04882879759560057,-1.4736902882303307,1.036182333148104,347,281.016,281.832
0.030922523459997783,0.03199997564983285,0.18952935299938703,6.321068713210588,0.6337116371441482,0.6647970594969543,0.18876371321636454,0.3311389382294113,1.6019723120377907,0.07547717531376395,3.1327544225251582,0.3271470350649078,0.19200000000000728,0.19200000000000728,1.9337367865128292,0.12000000000000455,0.8079999999999927,0.9936800683577188,-0.9607434881325314,-0.613508563564161,-0.0061767538227856375,0.022902029080979627,-0.8425454765554713,0.9862907156220552,348,281.832,282.64
0.036239053997380796,0.03200000545329378,0.3073939063383391,5.406460736065052,1.0193908900428248,1.0988479323681069,0.22529595144565603,0.2831989425343108,1.0108663944918752,0.07197055984024693,4.280507983817929,0.2086665496808738,0.22399999999998954,0.22399999999998954,1.881014291463832,0.1279999999999859,0.79200000000003,0.993650415467024,-1.1235768568248998,-0.6371154491504393,-0.04391098458791418,0.057298190760792234,-0.8096285940517022,0.9530703485055668,349,282.64,283.432
0.037164019618053226,0.03200000102613014,0.3585121487065673,5.673730995996981,0.7089759061707441,0.347758856607136,0.19992272962911212,0.19498006332001297,1.5586419676617618,0.07106249331926369,1.3513616137026552,0.03606567296466841,0.4079999999999586,0.4079999999999586,1.8582359396554415,0.1279999999999859,0.7919999999999732,0.9950246766930512,-0.9712072201963001,-0.6023339979545764,-0.029435232984607214,0.057593098031715445,-0.3832463268564216,1.013709731863421,350,283.432,284.224
0.030064233984803533,0.0319999753121398,0.17175970840243032,6.8715836554406415,0.7670877322331371,0.7688388707775583,0.1857825884600139,0.37610180273768035,1.7709802205034615,0.07676946170522941,3.8778134922353957,0.3162440319110432,0.19999999999998863,0.19999999999998863,2.0121469846579925,0.12000000000000455,0.79200000000003,0.9939111795918778,-1.057220098184072,-0.6381994509741742,-0.003656962357656413,0.010231689036259827,-2.6573121106920397,1.1172791116971779,351,284.224,285.016
0.030086835727275833,0.03199998739561916,0.3419910922308139,5.290077954843311,1.1429304280173016,1.109540488338503,0.28172665699780736,0.3842518486516359,1.0798292118578736,0.0744532945441436,4.402259616903828,0.3252735677653865,0.3919999999999959,0.3919999999999959,2.135876885502938,0.1279999999999859,0.7999999999999545,0.9950120179061004,-1.5764758356306716,-0.7245096818494495,-0.01772262687482245,0.0038672361529379605,-25.566962558185317,1.0713568395067385,352,285.016,285.816
0.034239071705622307,0.032000058165771283,0.35001174092874393,5.9062791594127955,0.5900185611074703,0.2625688831320631,0.19980888297274332,0.20335690730099376,2.6310761922197954,0.07567584000624607,1.4424696036340103,0.04054156924109868,0.22400000000004638,0.22400000000004638,1.8334638018375027,0.12800000000004275,0.8000000000000114,0.9960258646409457,-0.9609542786199594,-0.6055375608517246,-0.019677466300303932,0.04681214677235255,-0.43341848222255486,0.9560015573687868,353,285.816,286.616
0.03593676987879283,0.03200025335296526,0.34270635575770186,4.830392221117943,0.2591135876049763,0.2641722372242918,0.1744643094885092,0.17602202183046498,0.6815041220044914,0.06488530332424353,2.440326750954393,0.03129273261575994,0.23200000000002774,0.23200000000002774,1.6318465703497855,0.12000000000000455,0.79200000000003,0.9946474322013391,-0.5817457864349866,-0.46821914379456575,-0.004099835448228006,0.0062138526530620885,-2.8591976802199,0.9892219244852745,354,286.616,287.408
0.027040013585668397,0.02399999910566997,0.31116268948858833,4.612447796882082,0.8277255912128633,0.9142792208933577,0.22610244418547798,0.2790274269171764,1.1039612517635222,0.07242589694090566,3.683380084610069,0.2502427106064268,0.21600000000000819,0.21600000000000819,1.621079558448843,0.12000000000000455,0.7760000000000105,0.9928454128569513,-0.8164702852531734,-0.540676084135629,-0.03861774213939212,0.06851347425979934,-0.34891569613502216,1.048884238222055,355,287.408,288.184
0.02816632943895013,0.027689908358612673,0.1760000023326742,5.217358903410499,0.6793476203874749,0.7654467254645025,0.20524872319320403,0.2635422755057342,1.394841607568891,0.07081252002935767,2.4572311084099208,0.3521832943342136,0.20799999999997,0.20799999999997,1.7784887274327625,0.1199999999999477,0.7999999999999545,0.9930048408811973,-0.8777535056207295,-0.5795523520148025,-0.012401913839757,0.03886710827077108,-0.4783761158058546,1.1065313458653727,356,288.184,288.984
0.02755025963050203,0.1119999982361437,0.17128267110879708,5.225617160055734,0.6079168472230941,0.7937668042987385,0.17485846740061173,0.34589268814636925,1.069113208182422,0.06996294447846688,3.360045120394891,0.264815260442968,0.19200000000000728,0.19200000000000728,1.7056009645516046,0.11200000000002319,0.79200000000003,0.9930729846449459,-0.6098207485160216,-0.4845333209664089,0.000929540372856766,-0.024711936503805085,0.9567535857223226,1.0303199154216653,357,288.984,289.776
0.033422833989884965,0.032000001225407436,0.3157557374070279,4.6921664101739875,0.7234511871237262,0.6503538720206508,0.21660765374983634,0.2752451001097519,1.1228505596707008,0.07426678255495674,3.4245057065162405,0.179709859490803,0.20799999999997,0.20799999999997,1.582577726940685,0.12000000000000455,0.7839999999999918,0.9927128487644882,-0.7476314789715438,-0.52121179870656,-0.02277747096046674,0.041398872324917034,-0.7810475160372292,1.0303199154216653,358,289.776,290.56
0.028481691632051453,0.02400003579533056,0.31508551342134383,4.05161170808139,0.8954575112191538,0.8274178381906182,0.24488259442502808,0.33142890384065465,1.1637652908231397,0.06764264271956703,3.3175599587363647,0.2534529590568064,0.21600000000000819,0.21600000000000819,1.6024543897393695,0.12000000000000455,0.7760000000000105,0.9945459851244879,-0.7921238127574252,-0.5228826048438014,-0.028142439275973336,0.04302738293254936,-0.9642213750823343,1.0518154470852747,359,290.56,291.336
0.03074607930524856,0.10399999236351656,0.3744614590542634,5.388076541851142,0.4236585436139656,0.20311075518798258,0.19033045116891978,0.38671579393430233,2.2645055261082825,0.08070379296247185,2.7932339496259644,0.03632063862553312,0.22399999999998954,0.22399999999998954,1.6247479160435285,0.1279999999999859,0.7919999999999732,0.9955701175284747,-0.6350575049886288,-0.49403385919680826,0.0013696676343752548,-0.01977128814304149,1.733114266054647,1.08405874458069,360,291.336,292.128
0.030060050439894546,0.03199998530230732,0.17521613597293864,5.597232555884676,0.7654902789812492,0.8926054112026875,0.19195799280007889,0.34033239074789207,1.1493050188199694,0.06795340085821573,3.5722578469143604,0.2612299155737971,0.18400000000002592,0.18400000000002592,1.892980657678316,0.12000000000000455,0.79200000000003,0.9934309417533456,-0.9168260743346023,-0.5901613313521371,-0.0017226026681823308,-0.0018332951739412344,18.748857592371166,1.0801504660963974,361,292.128,292.92
0.029836095529836914,0.03199998055695544,0.18117992701165986,5.170861737120663,0.9222485151951972,0.8584547245982835,0.18228101382839387,0.503945681573724,1.6416431357870611,0.06202979953649127,4.64171528460568,0.2671671870750117,0.19999999999998863,0.19999999999998863,1.8580470094930706,0.11199999999996635,0.7760000000000105,0.9921486183051856,-0.7848130204649146,-0.5392272881747505,-0.0017365667515106746,-0.0027272723361572286,9.480573470392535,1.1280268775289823,362,292.92,293.696
0.030224164021560234,0.024000008077781437,0.3064935591747623,4.074765768209628,1.0468932836261715,0.7039830368348985,0.26252654724100327,0.3194573386269319,2.803929656189769,0.060753576552392635,3.780640799317381,0.23865030660243267,0.21599999999995134,0.21599999999995134,1.800630767813714,0.11199999999996635,0.7679999999999723,0.9923548646444162,-0.991391633411479,-0.5694681874883152,-0.04027597577413147,0.047657601184427065,-1.1509632555892675,1.1280268775289823,363,293.696,294.464
0.028730416075961416,0.03139266150638916,0.17600000727332094,5.915105055515555,0.7815513740140912,0.8156353587892499,0.18299099531145985,0.3921744422037809,1.2381064777756734,0.06904768902504732,2.7831779801513186,0.2743579201624501,0.19200000000000728,0.19200000000000728,1.9317222071979754,0.12000000000000455,0.7760000000000105,0.993388113533728,-0.8925631555726025,-0.5786538227914194,-0.002640292658196413,0.006329451888164482,-3.4255006983955423,1.1045772066232267,364,294.464,295.24
0.028563661212019323,0.03199999380239332,0.1600317477948445,6.2180953065627005,0.8998520111775443,0.7972294193033851,0.18870011808541054,0.29897628305798435,1.6712358990710319,0.06850818664676049,2.3202362937676764,0.24030888190397823,0.19999999999998863,0.19999999999998863,2.0193230853545163,0.12000000000000455,0.7919999999999732,0.9944904045030177,-1.0753183046948813,-0.6408917672547452,-0.007474511660000367,0.023118031506175935,-0.9718267355942511,1.0996918585178608,365,295.24,296.032
0.029334218243892513,0.03199999773939459,0.16257789442057455,5.870899126911599,0.926171015133987,0.9593918714257503,0.18096463800550835,0.23785401047251511,1.48098749447803,0.06309819136306793,2.9132807361961683,0.2072013948213065,0.20000000000004547,0.20000000000004547,1.9146019547546556,0.11200000000002319,0.7760000000000105,0.9924949275105175,-0.9731728650057404,-0.6014098581822063,-0.012655824349372147,0.032298891257196594,-0.677483125724353,1.0948065104124947,366,296.032,296.808
0.030026692688513566,0.031999629433876575,0.23769561780864906,5.2013681483918495,0.7968760614002544,0.7578700536321336,0.20662197893533615,0.5514665831222311,1.1895094201868823,0.06428224915519287,2.9883009434112324,0.36499185697060244,0.20800000000002683,0.20800000000002683,2.04442923425726,0.12000000000000455,0.79200000000003,0.9933345676400352,-0.9964864996980808,-0.610428578382432,-0.0016944787217007355,0.001164749932908109,-27.788527613452963,1.0058931748948357,367,296.808,297.6
0.029217865487239557,0.031999950217081095,0.16800000100607285,6.235324567309158,0.6469184417367937,0.7423126470846753,0.19583419470681335,0.40332128990723204,1.272289931922405,0.07251300401648084,5.354281316904933,0.3191873860475475,0.20799999999997,0.20799999999997,2.0508842805241634,0.12000000000000455,0.7919999999999732,0.9945295030031358,-1.087409107404438,-0.643897765511149,0.0023348043617001726,-0.015575807820697899,2.6310249097263685,1.0293428458005918,368,297.6,298.392
0.03405147078521556,0.033811226266258744,0.34400001041697725,5.534592830448172,1.2088994085841223,1.1521195560357844,0.28890672326197453,0.2909708372340501,1.2126964322664429,0.07445695736564213,4.133730493123154,0.32706205671391914,0.39999999999997726,0.39999999999997726,2.144732449655004,0.1279999999999859,0.8000000000000114,0.9955335779701674,-1.7945162393763683,-0.7618072117950334,-0.05475790619102666,0.03467990566816592,-3.0194406368021056,1.0293428458005918,369,298.392,299.192
0.03369010131248912,0.1068172055289567,0.3385026438419324,21.40416407409041,1.5850839489357025,0.49903838895037517,0.17528425998849204,0.12059965249331082,3.551999999999907,0.12655746022175793,0.7839999999999919,0.06979078539462596,0.19200000000000728,0.19200000000000728,2.1404164074197602,0.1279999999999859,0.7839999999999918,0.9980277220787804,-1.751632639615902,-0.8107565203192912,-0.18400146774193565,0.17927657058033294,0.01928899533222046,0.9676632482950094,370,299.192,299.976
0.03412689119283174,0.10400000147997093,0.3236610607352867,4.465152097603532,1.0393515880625963,1.0180653749809947,0.260688885607102,0.31484043059934236,1.0848038651800669,0.07167552178862995,4.33965210829539,0.26742286018620154,0.37599999999997635,0.37599999999997635,1.8690325697558343,0.12000000000000455,0.7760000000000105,0.995210075655869,-1.0106558763123996,-0.5752452693928702,-0.005194622597331571,-0.016270961569787197,4.871056357558736,1.0195721495898602,371,299.976,300.752
0.03406467307782111,0.03526692713396525,0.34400050675312605,5.303245722430268,1.1624454003861056,1.2273764609690172,0.2821044746979077,0.28863988726846296,1.4646416067510946,0.07819064949169666,3.9070176710336137,0.4048283124141713,0.39999999999997726,0.39999999999997726,1.9690049728062466,0.1279999999999859,0.7919999999999732,0.9945693114737884,-1.5013908333735677,-0.6937817191842902,-0.064480597823127,0.050288718107629304,-1.6878632522906303,1.0195721495898602,372,300.752,301.544
0.028505927206352328,0.03199999700599812,0.33975925823478836,5.249159199792167,1.5538932480157819,1.3347704321226619,0.2977910803614512,0.33385119544769604,2.352462406663313,0.07931105231939767,3.4466113052008907,0.4040759681875219,0.38400000000001455,0.38400000000001455,1.9517863091112355,0.12800000000004275,0.7839999999999918,0.9950976160416766,-1.5832822065846066,-0.6980931307092874,-0.10008085703971151,0.0714217041797005,-1.2375807128851495,1.0137097318634212,373,301.544,302.328
0.029132400637943808,0.0319994897149171,0.3490346210765352,7.826499674651647,0.4702608069642954,0.2849277543466799,0.17496973883225073,0.28374217799521656,2.1793501975705403,0.08498148399804695,2.8329657108502446,0.037848054573149124,0.20000000000004547,0.20000000000004547,1.9274353714530563,0.12800000000004275,0.7680000000000291,0.9966858874499732,-0.9430571993609655,-0.5973345311800717,-0.006591658625891948,0.012511819973578864,-1.9864173600309445,0.941345513052689,374,302.328,303.096
0.02889618176693543,0.02400001984938854,0.3513739067871012,6.404362201226078,0.4853778767239839,0.2910224489967756,0.18303132417164886,0.2632434762028344,1.6164499133682688,0.0766542471717486,2.4653346033576873,0.044095712455384586,0.19999999999998863,0.19999999999998863,1.8590494025125182,0.12000000000000455,0.7679999999999723,0.9960297948422523,-0.8827640163302809,-0.5743546598689797,-0.008254699798530149,0.01660201434818311,-1.6368697759150377,0.9608869054741525,375,303.096,303.864
0.02870593939425557,0.03167328837430438,0.3440000005547178,4.538891399553578,1.3109812631988262,0.9005329121151787,0.30545974528002184,0.322190851665826,1.539431086945317,0.0716029545745079,2.806220620477818,0.29341184561302064,0.38400000000001455,0.38400000000001455,1.8663942340153605,0.12000000000000455,0.7760000000000105,0.9947932958512876,-1.350602265783239,-0.6365887249126025,-0.04699915808207119,0.029218151293118298,-3.2955307567399554,1.0547466559484948,376,303.864,304.64
0.023311689495487387,0.023999990717966914,0.33889216701759717,4.920282709109052,1.0515234575168015,1.0404469144461275,0.28151898592451896,0.2813052374560543,1.038438312491959,0.07753649445156297,4.404768778973752,0.28881849080336164,0.38400000000001455,0.38400000000001455,1.8580863153116556,0.12000000000000455,0.7760000000000105,0.9947248579945985,-1.297222207238648,-0.6447529112914496,-0.04489307178861077,0.03532748046750334,-2.421848942087285,0.9687034624427378,377,304.64,305.416
0.03035049543433421,0.031999990371430705,0.3247538992425931,4.368816855993654,1.302194727637952,0.8833719011604334,0.2929263782607615,0.30791319651704385,1.2694908107332845,0.07104957597176102,2.3660961128798697,0.2545834846533178,0.37599999999997635,0.37599999999997635,1.7641494703085474,0.12000000000000455,0.7680000000000291,0.9959767088216754,-1.1774276517483504,-0.5958465048383532,-0.044729417828758805,0.03279008089796517,-2.6108618792812615,0.9599098358530791,378,305.416,306.184
0.03442772415936197,0.10400000691876586,0.335631418388914,4.682864737927316,0.687199048455847,0.4218368413620133,0.22677384696946462,0.26873677023684395,1.2539197782043414,0.07441319184502083,2.3703806152094136,0.1469918625570337,0.20799999999997,0.20799999999997,1.7481153107495544,0.1279999999999859,0.7759999999999536,0.995615379897438,-0.816998708467888,-0.535269598844799,-0.0032070971747332126,-0.009003637195432438,5.782355659239495,1.086012883822836,379,306.184,306.96
0.03536120027603936,0.11756818398061862,0.12908778901602863,6.312775518583132,1.968868850744135,3.568740701320009,0.2288192025389712,0.15049150001938258,1.488643564638423,0.09250808598300486,15.9998820472076,0.38339508897575525,0.20800000000002683,0.20800000000002683,1.7843703672136413,0.12800000000004275,0.8000000000000114,0.9948928518649389,-1.1072156030440647,-0.6322765544037835,-0.0447044558060346,0.05586473877831135,-0.6950083948870909,1.086012883822836,380,306.96,307.76
0.02964531776779526,0.03199979439684182,0.3334095648617984,4.771078792188011,0.9557242259095359,1.045066210196056,0.27010383969619434,0.3642217716931831,1.1559758352238654,0.07188679084010739,4.267852369869209,0.37288658106347156,0.38400000000001455,0.38400000000001455,1.9284481240287812,0.12000000000000455,0.8000000000000114,0.994851662890753,-1.236694249049112,-0.6511462913201491,-0.02043605502296589,0.01619700333070645,-4.629168250304247,1.007847314136982,381,307.76,308.56
0.030764655277482258,0.03199970773746519,0.3432372223944927,6.84834951227762,0.5194381158885145,0.2790486666087302,0.18370040306546373,0.18198791461115202,1.9503597062391305,0.07889217478565617,1.7988603791505589,0.032680728412942485,0.19999999999998863,0.19999999999998863,1.9058524454871961,0.12000000000000455,0.7839999999999918,0.9949436355624285,-0.9697557696758836,-0.6083366066752546,-0.01680654330486392,0.03823397209272234,-0.5960107520097422,0.9823824371377625,382,308.56,309.344
0.02716817691533872,0.10431562078490923,0.32384520392270866,19.0508669095524,3.810173383036291,3.810173383036291,0.30057685501050463,0.22280207690615295,3.4560000000001305,0.19670902619529992,1.8366542585322334,0.7231726698526705,0.19999999999998863,0.19999999999998863,1.9050866915181457,0.12000000000000455,0.7760000000000105,0.9973156467064138,-2.6704192697355302,-0.6923505512531467,-0.5978461428502096,0.10800970451437675,-2.1845813628323185,1.08405874458069,383,309.344,310.12
0.03160508832251598,0.03199999584435636,0.357113278117519,5.921448865272746,1.316518905121835,1.200084587352667,0.2965031976090158,0.2721222273617228,1.320633802706847,0.08739625333188962,3.39895773463672,0.36683398488661845,0.3919999999999959,0.3919999999999959,2.0295336447033767,0.13599999999996726,0.8000000000000114,0.9953958549084332,-1.810968290964659,-0.7524694246227174,-0.07976107437841458,0.04695764230388569,-2.464999226846935,1.1417669190753241,384,310.12,310.92
0.028475776575412916,0.03192923217334848,0.34400000208704956,5.334323622137099,1.3007580250600768,1.07833180110251,0.3058180063759048,0.3367303569449652,0.9674522037277389,0.07771445943729667,3.339382519819191,0.29062626194481045,0.3919999999999959,0.3919999999999959,2.1347943126903575,0.1279999999999859,0.8000000000000114,0.9960002263942077,-1.755780396934263,-0.7438537060398679,-0.016577904027502224,-0.006365239212537838,20.637807415842023,0.9970384814538599,385,310.92,311.72
0.02911432525970306,0.031999995878573884,0.32554029772329346,5.431395515317244,1.1523096848610574,0.9544340801443865,0.2643436879407687,0.31144030952452934,1.2119362131799043,0.07985293888620555,3.9502929051587174,0.2486269707318127,0.367999999999995,0.367999999999995,1.9360573496026277,0.13599999999996726,0.7839999999999918,0.9960866381987482,-1.3693995857442947,-0.6750106036445539,-0.036065463431687504,0.025856371803828666,-3.4057987005112795,0.9970384814538599,386,311.72,312.504
0.03050128683298964,0.03199999924589529,0.3212840850169955,6.481675998218665,0.8962251777205535,0.6697115924897813,0.21154718423560956,0.3149065759738727,1.1943429486226336,0.08392083131260566,3.495067144980182,0.16179103470783385,0.19999999999998863,0.19999999999998863,1.9145478996708019,0.1279999999999859,0.7679999999999723,0.9954150121293962,-1.123910959866138,-0.6336638262947145,-0.019732164001466497,0.021948458635740804,-2.507363985821323,1.018595079968787,387,312.504,313.272
0.03778452942439731,0.03999998777203328,0.3599062213951708,6.076204663749226,1.225047489747963,1.1677283045901152,0.2894702811072735,0.2513815446265457,1.1243883573515623,0.08504286781709562,3.3147391415809717,0.3701730194559291,0.4000000000000341,0.4000000000000341,2.0901714719474938,0.14400000000000546,0.79200000000003,0.9967203230713358,-1.8718309714454018,-0.7575506754782775,-0.060357648894138284,0.02785489370152225,-4.37092600380025,1.0293428458005918,388,313.272,314.064
0.03070182685488478,0.0319999699720209,0.3493508584855007,5.190053660055327,1.0370420775593072,1.0846752958929604,0.27443474780768246,0.33258381476131893,1.1459665546481785,0.07912064606148311,4.571788905433352,0.3636452988461456,0.39999999999997726,0.39999999999997726,1.9209342429269087,0.13599999999996726,0.7919999999999732,0.9961710366857637,-1.3558754406787183,-0.6685209267505018,-0.02600655435379554,0.013221022856308618,-7.09550487896113,0.9989926206960067,389,314.064,314.856
0.03127392338313962,0.03199999985915599,0.32949304846551125,5.810650048956507,0.9755821637770538,0.83143155107606,0.224445886038474,0.39444966146110655,0.8359769074422846,0.08205105939225837,2.3645135809965847,0.24488621352267106,0.20800000000002683,0.20800000000002683,1.8642503402363189,0.1360000000000241,0.79200000000003,0.9953966193925391,-1.0822489232306238,-0.6285412640404396,-0.013321333288826488,0.014075265543950529,-4.0634246532451215,0.919849981389079,390,314.856,315.648
0.03590827325591586,0.03999999770894335,0.3119934077752922,5.348038103144154,1.0986316629351172,0.9647766841146325,0.25431943550464015,0.24235381727209573,1.1409704448208007,0.07669457570098197,4.029796761226271,0.20571501097419156,0.367999999999995,0.367999999999995,1.828304024951016,0.1279999999999859,0.7759999999999536,0.9961064145102618,-1.286597444733235,-0.6502163554656641,-0.05276354081037265,0.04613975055529595,-1.6111325802860024,0.903239797830835,391,315.648,316.424
0.03505450113409788,0.03999999996767469,0.3320871229059826,5.034200728894361,1.2810237033360374,1.2579224167403682,0.29453677328086636,0.30783448096622795,1.407164527779634,0.07617331080785676,3.7570749583027983,0.39107076290902404,0.38400000000001455,0.38400000000001455,1.9504092747535935,0.1360000000000241,0.7840000000000487,0.9948766430757017,-1.4840902666513296,-0.6726005150284493,-0.04880704923740616,0.026733595678780024,-3.8611331271681943,1.100668928138934,392,316.424,317.208
0.029504429001993047,0.03199999792005195,0.36133321226261567,5.701732894465819,1.4099492402468536,1.0828096079543374,0.31567390625124486,0.3118884987288581,0.9523933392997957,0.08446002717249589,3.79592512684488,0.2757601655844374,0.39999999999997726,0.39999999999997726,2.114354431084492,0.1439999999999486,0.7919999999999732,0.9959214747147414,-1.9259126444321364,-0.7548313963825981,-0.011127138394007922,-0.020082323917159268,8.20834136997561,0.9579556966109327,393,317.208,318.0
0.03469586377138627,0.04000000304359126,0.3513217580855804,5.502146481396241,1.2801743765167874,1.2671568967237823,0.29402126527728983,0.30432277307719624,1.412826403272264,0.08100124541555344,3.7592594224644618,0.40898106507104937,0.38400000000001455,0.38400000000001455,2.0349800391480803,0.14400000000000546,0.8079999999999927,0.9958020739752699,-1.6816515036221098,-0.7354919584482928,-0.056518320946061455,0.030540946870970247,-3.7123976145865782,0.9579556966109327,394,318.0,318.808
0.02162801338750908,0.10722551878515559,0.31579665091143017,18.898072677235657,3.77961453545985,3.77961453545985,0.29070374532199494,0.24993477750281212,3.4560000000001305,0.19593868669512812,1.6814596295011655,0.7410713533651649,0.19999999999998863,0.19999999999998863,1.8898072677299251,0.1279999999999859,0.7760000000000105,0.9983090722512293,-2.3336034729113244,-0.6769687755467612,-0.4630339334800724,0.0956306176571382,-2.1240867146303404,0.8739277091986396,395,318.808,319.584
0.03042516138535635,0.031999949922315966,0.31302326744437037,5.719489348468259,0.9521230056317264,0.8943170587002718,0.23052736533985885,0.3510056980621361,0.7509357581691157,0.08316311453479348,2.8986597585387432,0.21938572062337264,0.19999999999998863,0.19999999999998863,1.8367945805343961,0.1360000000000241,0.7839999999999918,0.9963405774103323,-1.0899561399875475,-0.6226355723451811,-0.008060152131436914,0.0003215644733361889,-225.10289104698143,0.9051939370729816,396,319.584,320.368
0.03098943970412284,0.03199997486398819,0.3633811267782487,4.862603586149801,1.0358363668785815,0.9754014980393532,0.29494312416269236,0.28019267517593677,1.176165691435716,0.08042516855478789,4.382120570850661,0.34137087043669007,0.3919999999999959,0.3919999999999959,1.7986712817578365,0.1360000000000241,0.8000000000000114,0.9962007014934557,-1.327765481259083,-0.6507643266342666,-0.0393508775949196,0.021878245659750134,-4.79622573203804,1.080150466096397,397,320.368,321.168
0.028739977152001484,0.031999995453662104,0.3367669137641129,4.971544987520774,1.100616055224566,1.1560529662739913,0.269751094632219,0.38049459255451823,1.427897541119697,0.08127535734345308,3.6002193350220537,0.3951176690136468,0.38400000000001455,0.38400000000001455,1.7857742253926836,0.13599999999996726,0.8000000000000114,0.9965323806924878,-1.1748795142905746,-0.6326139430786941,-0.03890126359944855,0.043962913295238375,-1.3512851113344224,1.0713568395067388,398,321.168,321.968
0.030449735072870993,0.0319999939300704,0.3136552408035375,6.558508589318665,0.996453126931526,0.9146279548548096,0.22756607690293545,0.23601426946388127,1.0405606675904988,0.08606375279031017,2.960368626549883,0.22776548470850078,0.28799999999995407,0.28799999999995407,1.9142802827152958,0.1279999999999859,0.7760000000000105,0.9959444393688555,-1.3189053629330547,-0.6803932471719675,-0.05548958043450121,0.06348710508510423,-0.8393605627652412,0.9980155510749331,399,321.968,322.744
0.036229773720624976,0.03999999505950779,0.3588142422790562,5.658089553684612,1.309558674463842,1.1994133352495269,0.3015184931839461,0.28344105409695924,1.264219954509671,0.08333981538409954,3.442515511668923,0.37368373767235213,0.39999999999997726,0.39999999999997726,2.0363768583349016,0.1439999999999486,0.7919999999999732,0.9966563426207372,-1.779645349472493,-0.7306029639256499,-0.05567703928526504,0.02300173876222211,-5.376309768961092,1.007847314136982,400,322.744,323.536
0.03754789784834637,0.040000000269053954,0.35949703889493073,5.87077082865902,1.1668363733995766,1.2153611879563049,0.2920872332744777,0.2674461290167457,1.1257428933166571,0.0831953909317165,4.315816826347488,0.36386319364663616,0.40800000000001546,0.40800000000001546,2.097595706866183,0.1519999999999868,0.8079999999999927,0.9968657082065717,-1.835934994622735,-0.7650063251419907,-0.05451923406421702,0.027496337854753545,-4.300756464287903,0.9931302029695673,401,323.536,324.344
0.036908628469404646,0.03999997661526286,0.34399999520415975,4.906591601061067,1.0870549311908753,1.070224204940229,0.28794556324989384,0.28842795172687274,1.1296321643844556,0.07529217905072096,4.3967657855193965,0.31853980177182245,0.4000000000000341,0.4000000000000341,1.9011461178889821,0.1360000000000241,0.79200000000003,0.9965719491238454,-1.379835118540335,-0.6588250524153658,-0.038700469146639015,0.022851395063603234,-4.2308591548456596,0.8964003104833226,402,324.344,325.136
0.03496177123286613,0.032000000453512034,0.3192523607269155,5.195032523392139,0.9319599800080244,0.6940438267265162,0.21501649741118117,0.285031837804889,0.8823145060108342,0.07685641470231767,3.7239509851264656,0.1364388859706223,0.20799999999997,0.20799999999997,1.6147250735348553,0.1279999999999859,0.6959999999999695,0.9954269866735519,-0.8365342511019918,-0.49982483110154285,-0.015569385998651352,0.007962497301951976,-7.63751471878804,0.865073015757664,403,325.136,325.832
0.0950799460800315,0.095999968641463,0.40682964539257443,5.86824417979769,1.1171833368403647,1.1685729881188125,0.2628272103135661,0.2453268587615961,1.4259050261551545,0.09394415797780649,5.21336987848275,0.29642404594756866,0.4560000000000173,0.4560000000000173,1.7113627046811157,0.19200000000000728,0.8799999999999955,0.9893135733896485,-1.288529798630771,-0.65385697385568,-0.09563209224125414,0.07989914370309761,-0.8836307488593063,1.0332511242848847,404,325.832,326.712
0.035522084478452426,0.10399999800460001,0.35056608698857306,4.289244599811302,0.5245557031522732,0.3072957495246773,0.21710369127975163,0.26845802011052955,1.3635607913674772,0.07193400630251624,2.6697213732004577,0.04441955008365314,0.20800000000002683,0.20800000000002683,1.6074540091261553,0.1279999999999859,0.8000000000000114,0.9952948612809547,-0.6561197621073033,-0.4938881683365113,0.003202554607185016,-0.028057429754154078,1.9152928082831717,1.129981016771129,405,326.712,327.512
0.036608775490360436,0.032000121351394795,0.3425675894423267,5.998877810956931,0.5321403310227801,0.31223427532214326,0.1881489334472638,0.19583858630411316,1.9020746404182045,0.07298023439300043,1.7107826874329572,0.036239798694263387,0.21600000000000819,0.21600000000000819,1.8509820007127005,0.1279999999999859,0.7919999999999732,0.9960010562518369,-0.9035964457447179,-0.5850681730047335,-0.017123807412276128,0.04446510012426151,-0.3213574510027435,1.129981016771129,406,327.512,328.304
0.030211843557574735,0.031999999493982766,0.35206565560917247,5.068423471216534,1.1451766081346382,1.2397567222121877,0.29263071976692073,0.29186824992400173,1.2064132080176626,0.0735942385654441,4.158061830310004,0.38021366333048423,0.40800000000001546,0.40800000000001546,2.009738504209304,0.12800000000004275,0.8000000000000114,0.9958112589710357,-1.556590606252974,-0.711371419626099,-0.05548992092474723,0.03838660334443575,-2.5466880893841406,1.2209095583822518,407,328.304,329.104
0.036072985646950176,0.0399999854967621,0.32499216855357055,6.667598708985796,1.2208093483693119,1.2138356004696256,0.22155207794028478,0.2287348642821532,1.2620034681767875,0.07424194890448224,2.4599471296806845,0.2550103212619868,0.24799999999999045,0.24799999999999045,2.1519931813729745,0.1360000000000241,0.8160000000000309,0.9963986478951086,-1.5947244471701971,-0.777812439652158,-0.11720393248310298,0.14688987925368777,-0.08466758660458729,1.2150471406558123,408,329.104,329.92
0.028439096485083793,0.024000018794585968,0.34138875960686266,6.5482084101566365,0.44271714664552475,0.3055032977099221,0.17964359857727932,0.23417489127463895,1.545770553575833,0.07736925320928853,2.71162019914328,0.031153878063083843,0.19999999999998863,0.19999999999998863,1.8482785499773615,0.12000000000000455,0.7839999999999918,0.9965205949424418,-0.8642863651504551,-0.5760907335763892,-0.008365389438904811,0.01684468124761687,-1.4649722731813373,0.9628410447162989,409,329.92,330.704
0.030180765445045204,0.024000000896103105,0.25450824137442973,5.3894414752750475,0.7476149693338711,0.7389069218724631,0.20874560514444707,0.27454286040622367,1.681863668886034,0.07513028624898042,1.6150274710054187,0.4666147398773484,0.21600000000000819,0.21600000000000819,1.7531801956081694,0.12000000000000455,0.8000000000000114,0.9930865935109278,-0.896932753449096,-0.5842360345024727,-0.02735955938772982,0.07023664353076214,-0.12460504536197028,1.0029619660316158,410,330.704,331.504
0.03135146847275248,0.03199997908489415,0.34127151053861376,5.571201336463545,1.088338376623379,0.7388516031604313,0.2422512123445112,0.2854827289135213,1.6041260275399887,0.07970916577818622,2.1730980596910907,0.23104344413244002,0.22399999999998954,0.22399999999998954,1.8625782623631242,0.1279999999999859,0.8079999999999927,0.9950345972695336,-1.2262578830621196,-0.6686153740899353,-0.060921021156581434,0.07866868356911653,-0.5383021772087974,1.0908982319282021,411,331.504,332.312
0.03419776742473193,0.03200000374650563,0.33308817049232387,5.926380801479729,0.9401347553947509,0.655101849005066,0.2179864376490647,0.2804266013005327,1.67466407232346,0.0789195432751279,2.2974383589314034,0.18635958069454112,0.20799999999997,0.20799999999997,1.854689324045805,0.1279999999999859,0.8240000000000123,0.9954456168209314,-1.120607007684876,-0.6595824457265954,-0.0464189663659861,0.07746321605451753,-0.35700747304440866,1.1016459977600068,412,332.312,333.136
0.029055996218917347,0.03199993088932773,0.3405006659365417,7.092715216243305,0.849581416420448,0.3315175506835973,0.1802250827487088,0.18860500261711752,1.6288271843635063,0.07940952737964309,0.9168729339190597,0.03386257250302546,0.19199999999995043,0.19199999999995043,1.8625445749740106,0.1199999999999477,0.7839999999999918,0.996175317704343,-0.9746347437298221,-0.6119162451194285,-0.036132951052843226,0.07815733709379491,-0.11130208675292641,1.073310978748885,413,333.136,333.92
0.03166829282006719,0.0319999907591836,0.3277661408876562,6.316302553606675,0.9132924577448339,0.6474681154116305,0.22086250789651862,0.2670769129359995,1.3600700776979227,0.08251290423420553,2.5170441064299984,0.19168908842825516,0.21600000000000819,0.21600000000000819,1.9442711016185852,0.1279999999999859,0.8000000000000114,0.995254313957624,-1.2241755707266706,-0.6752721733849576,-0.03948289252021923,0.054184834561672154,-0.8679580411469819,1.1427439886963975,414,333.92,334.72
0.028411140737554647,0.031255896859008314,0.35200007588544524,5.358577196009475,1.4018055118994144,1.2062249194124908,0.3163533849253617,0.3355120788287541,1.2686019088131675,0.07590592452075245,4.158065132555383,0.310376398577419,0.3919999999999959,0.3919999999999959,2.184808978729254,0.1279999999999859,0.7999999999999545,0.996303684421181,-1.906819089214247,-0.7668497797858743,-0.050354906537515516,0.023131064236428172,-5.299558941060036,1.1143479028339582,415,334.72,335.52
0.03059835820028964,0.03199997322675693,0.34224746352743945,5.44861953410311,1.0667408856382272,1.1230788795310012,0.26981684778955356,0.31017276028377166,1.1479842621884553,0.07978119392876482,4.405452615458902,0.33445335438820156,0.38400000000001455,0.38400000000001455,1.9836962854488593,0.1360000000000241,0.8079999999999927,0.9958764796896319,-1.4455143867154006,-0.7064227108543725,-0.04252217863100013,0.03480490812103416,-2.4736666601844366,0.9657722535795185,416,335.52,336.328
0.027535528152674578,0.11364112295616105,0.33999430182905016,20.29209932744956,1.327830012196188,0.373669474708565,0.17665826973963944,0.1367752084988794,3.5040000000000187,0.1300241366956031,0.7760000000000106,0.044610660633268066,0.19200000000000728,0.19200000000000728,2.0292099327451565,0.12800000000004275,0.7760000000000105,0.9983149525208205,-1.4141839218068886,-0.7251342218051192,-0.09236430549035574,0.1001258967695524,-0.22495737743432515,0.8827213357882983,417,336.328,337.104
0.029948312620763067,0.031999993196851526,0.34411144653582115,5.168636844988272,1.2783774897938658,1.263859647947539,0.292480560351612,0.3070698763169205,1.0120579997812928,0.07466611320520702,4.690632313419511,0.28926877473935486,0.4000000000000341,0.4000000000000341,2.0285854919887214,0.1360000000000241,0.7760000000000105,0.9953913339661077,-1.5762160832728462,-0.6951613248674721,-0.04532266645430556,0.022042469792738578,-4.974783419139014,0.9286436079787377,418,337.104,337.88
0.034205636650551784,0.0375691043168302,0.35200002246572215,5.476490626554066,1.1369959838393322,1.214933523902042,0.28180123784187766,0.2748958301367223,1.3592552829503775,0.07977841434976175,4.101512787324852,0.3983556029177591,0.40800000000001546,0.40800000000001546,1.9681209088930287,0.1360000000000241,0.7839999999999918,0.9959990547289639,-1.5574467987126497,-0.6988265761001018,-0.06087432062900462,0.041870424514254254,-2.1899796501517907,0.9970384814538598,419,337.88,338.664
0.034516857288947635,0.03999989103746175,0.366896548051906,6.785977043210628,0.5444681441897103,0.2176495060230634,0.20141295592481084,0.2021572553539957,2.2782397792735876,0.0829685311797097,1.6455089087610462,0.03265399633869062,0.38400000000001455,0.38400000000001455,1.9330719699713748,0.1279999999999859,0.7839999999999918,0.9960505077058811,-1.112220776730786,-0.6426618329198317,-0.013404739795659149,0.023988292115347334,-1.5099724858679886,0.9432996522948351,420,338.664,339.448
0.03068052414214642,0.03199999832949917,0.3157758415355911,5.015725822181142,1.4079192004931744,1.0187506316560637,0.2815037212375969,0.28704201504122717,1.2169127705749834,0.07428291724705019,2.6671331455687772,0.23550572075803675,0.36000000000001364,0.36000000000001364,1.9137252907832623,0.12800000000004275,0.7600000000000477,0.9943591117054313,-1.3909618121540037,-0.6479567531703208,-0.05868124416771091,0.039544401048386225,-2.3565957034004437,0.9149646332837132,421,339.448,340.208
0.028205333615680502,0.1126070721152058,0.335999935993879,14.27047911533727,3.844461030058521,3.7549489743409987,0.29415272278871335,0.2872619733037677,3.3560349656793402,0.17650608784098448,1.4893643095409346,0.7794532903299785,0.20799999999997,0.20799999999997,1.9222661999481474,0.13599999999996726,0.7679999999999723,0.9985765792872475,-2.1734475811471774,-0.6571530965507525,-0.31275286397957847,0.048797685318390176,-4.0624638695977895,1.097737719275714,422,340.208,340.976
0.029783406880183008,0.03199999769436499,0.35994578367820856,5.624341515486684,1.3618767982785607,1.0915546918556152,0.3048706017495177,0.3031548173052421,0.9463542574979148,0.08146231728071082,3.6214613527432165,0.2898197076633811,0.39999999999997726,0.39999999999997726,2.083026215535532,0.1360000000000241,0.7680000000000291,0.9963813188247157,-1.8143228376151925,-0.7213131781318793,-0.016764132000981626,-0.013934349504206144,10.532119902170558,0.9501391396423474,423,340.976,341.744
0.03047435844759901,0.032000004516433776,0.36220846941862944,5.090687587525697,1.4021970099545393,1.1563133454507322,0.30694820921846183,0.31300671654088913,1.3002040999760867,0.07722871401011833,3.881795320662064,0.31886781581523443,0.3919999999999959,0.3919999999999959,1.9712810277050479,0.13599999999996726,0.7759999999999536,0.9946160420846468,-1.5929588391934015,-0.6837751381737046,-0.0528877443799685,0.01965358762371276,-6.364472352481581,0.9501391396423474,424,341.744,342.52
0.029822263627922688,0.03199999409901413,0.31999190094965524,5.842829905018434,0.9482133010633185,0.7254894694110592,0.21788763996547278,0.26736272548163764,1.275349606349032,0.08230594417790948,3.205126225365387,0.15974555331952062,0.20800000000002683,0.20800000000002683,1.7462415218048744,0.12800000000004275,0.7599999999999909,0.9952865956326437,-1.009071348379473,-0.5926883696306069,-0.037843759874296494,0.04771277041244739,-0.9774022383276268,0.8230590220515173,425,342.52,343.28
0.030250751733220515,0.03199999918172517,0.33157917212182686,4.435552084367583,0.97996977622959,0.7450504248919333,0.2467903270051855,0.247099157859749,1.0867783271318663,0.07164047035415544,3.8563243593442693,0.11986713892513455,0.3520000000000323,0.3520000000000323,1.5967360472328673,0.12000000000000455,0.7520000000000095,0.9929608072171753,-0.8981066267841569,-0.5391912895344236,-0.03706381001354497,0.03376215979339993,-1.9189152800306417,0.8964003104833227,426,343.28,344.032
0.03172024901760753,0.03199999190759372,0.3538532818847314,4.078925491181498,1.1644113973178565,0.9907740724777794,0.3013190240122642,0.30237479526010924,1.1308360879173172,0.07640242088249671,3.1997925020335836,0.3022095737675074,0.4000000000000341,0.4000000000000341,1.5745522241128715,0.12800000000004275,0.7680000000000291,0.9939842414470635,-0.9989691994522316,-0.5386376711250362,-0.04215227095469369,0.026326458155250265,-3.4681703421573107,1.1749872861918123,427,344.032,344.8
0.03007605291498625,0.03199997313383937,0.18017579042153886,4.965402886568436,0.512218146610472,0.5268677914260411,0.18684102070477063,0.3552755612511568,0.9610124596355145,0.07451512224731446,1.47118155659232,0.40606990454983694,0.19999999999998863,0.19999999999998863,1.5465799333777066,0.1279999999999859,0.7679999999999723,0.9944619729058118,-0.5872653112538464,-0.4666356799373815,-0.0015359987659970932,0.004910247946188632,-4.346436484678436,1.1886662608868368,428,344.8,345.568
0.031182286201612654,0.03199997421499092,0.3383363239222839,5.774444268434206,1.068922679586052,0.8483404759643964,0.22628933704350343,0.27385103297056607,1.0820412437246578,0.08752965415089485,1.9489739673501196,0.23208459874724047,0.20800000000002683,0.20800000000002683,1.6550537556063998,0.14400000000000546,0.7760000000000105,0.9957917880688546,-0.9822879622921733,-0.5868627408103486,-0.05743367657647212,0.07731255505540363,-0.44869569511822444,1.1994140267186415,429,345.568,346.344
0.031188811692467157,0.03199998729969993,0.3335954118554927,6.795427323892323,0.649299099776126,0.3918486183919377,0.18159901957075683,0.17835109295250517,2.763828442924263,0.07801958262250044,2.1738222266239084,0.04336982479760373,0.20800000000002683,0.20800000000002683,1.835775358218057,0.12000000000000455,0.7520000000000095,0.9950177344519281,-0.9403810355335771,-0.5844665386394912,-0.030660035207962167,0.060285443440526824,-0.27300649544536343,1.0205492192109333,430,346.344,347.096
0.030781428700013564,0.03199988771750896,0.32403030994405435,6.1543246874497255,0.7615989948632838,0.7666157052164174,0.19784114543980044,0.30642314514131636,0.8817490637392588,0.0805071541832558,3.642078079839949,0.1834689319175107,0.19999999999998863,0.19999999999998863,1.8047297635853299,0.1279999999999859,0.7679999999999723,0.9948058117683559,-0.9177764925076538,-0.5794646089466293,-0.020463514329769023,0.034567145891753706,-0.9946861152035649,1.0908982319282021,431,347.096,347.864
0.03455530097200367,0.10399997354963521,0.2446047858042278,5.731064351570632,0.5953541855099874,0.6035731010732377,0.20580834775514797,0.30125648973817476,1.2168266429776113,0.0748097507019794,1.9611040758001637,0.40165088309400726,0.20800000000002683,0.20800000000002683,1.9817374848448632,0.12800000000004275,0.7760000000000105,0.9945447214261658,-0.9829362518083605,-0.5977290329335787,-0.001777873796987513,-0.003783255338709777,9.054973190300656,1.1114166939707388,432,347.864,348.64
0.030330477808232822,0.03199999947994711,0.3430537153809063,4.97025804361043,1.4216357022970716,1.0825110215217666,0.29496144449653994,0.3134353435003432,1.2059711042832575,0.0708983756115,2.0365030486353586,0.34638771659717454,0.38400000000001455,0.38400000000001455,2.03314862413446,0.1279999999999859,0.79200000000003,0.9954560613378973,-1.5623247638539406,-0.7052982986261135,-0.061062613242139546,0.042846720848236874,-2.238132085833546,1.1114166939707388,433,348.64,349.432
0.03009336505315673,0.03199988633622512,0.3112939733949293,6.699413659735455,0.7464764228846891,0.47348089317820974,0.19080670519130596,0.22152904558925857,1.729404529214822,0.07576307192675791,2.2489519586402347,0.1243187306369491,0.17599999999998772,0.17599999999998772,1.9838177393476026,0.11199999999996635,0.7599999999999909,0.9947077935134881,-1.0960036028678146,-0.6321882854526539,-0.030427489106001605,0.053845925143947246,-0.5112563343173361,1.0557237255695677,434,349.432,350.192
0.031702283790710224,0.031999984943927674,0.31623061907906713,6.050643044925942,1.016306739952861,0.8314651749666854,0.21190188600737753,0.26071255204350474,1.1251765819279302,0.08100580557326112,2.59855192580043,0.17750384407919462,0.19200000000000728,0.19200000000000728,1.79735288512696,0.12000000000000455,0.7599999999999909,0.9922078116903175,-1.0382051606826765,-0.6033072501013321,-0.04837244570880173,0.0648318328800161,-0.5838076105064307,1.0303199154216653,435,350.192,350.952
0.030752139153805227,0.031999486928117285,0.18507659589666547,6.430166639469273,0.4901723054373364,0.3254010425514258,0.18653728813709813,0.5188499219340642,0.8660533517586374,0.08077017555171333,1.0376673254725306,0.7064373408160028,0.20800000000002683,0.20800000000002683,1.8931571885502771,0.1279999999999859,0.7760000000000105,0.9944132012065635,-0.8531094514959228,-0.5666817267474834,0.0026190853788823788,-0.01928341968513443,1.686864839724303,1.0400906116323967,436,350.952,351.728
0.03529800760939202,0.03999999775283852,0.3422905481421133,5.450051778102314,1.1910918314737633,1.370138192074934,0.27077309396192556,0.26481582823094074,1.2161342683107985,0.07685947963580102,4.537927349494128,0.3377052015854693,0.39999999999997726,0.39999999999997726,1.9626405931263473,0.13599999999996726,0.7839999999999918,0.9956247419674835,-1.4983479982993384,-0.6952265901812921,-0.08467769058243656,0.07127312235883845,-1.0074497717329123,1.0400906116323967,437,351.728,352.512
0.030768699485838852,0.031999990570349246,0.31723992911610244,5.272406661770108,1.216410880329269,1.2415137954704267,0.26243198422638014,0.2724973099719621,1.00658185192796,0.07256109120992742,4.3738614498546795,0.2505813356642523,0.367999999999995,0.367999999999995,1.9636550832404895,0.12000000000000455,0.7599999999999909,0.9948271390178065,-1.4002885907664993,-0.6663519202047106,-0.059887219877316704,0.048155992971495684,-1.6359695772326321,0.969680532063811,438,352.512,353.272
0.034661653302921765,0.038385206154364936,0.3359999856273268,5.982874677650963,1.166071801757287,1.2690539148788622,0.2564639571303666,0.2480933773088231,1.3240843013206285,0.08009697202411632,4.164705345201704,0.33787424210188466,0.3760000000000332,0.3760000000000332,2.014435555041377,0.1279999999999859,0.7680000000000291,0.9949891820443221,-1.5491308514447955,-0.704581350286627,-0.08807212972290322,0.07565537606916248,-0.8723004504498514,1.0283657761795184,439,353.272,354.04
0.03012357789381084,0.03199998976642688,0.35853460742626525,5.9354327594728105,1.6221441967142813,1.4946433552514986,0.3188220765175535,0.3208809160264246,1.1366630225095526,0.08780114738141408,4.885478553746686,0.3105224869185003,0.3919999999999959,0.3919999999999959,2.0813560165504414,0.14400000000000546,0.7519999999999527,0.9964827053941034,-1.9668613573092117,-0.7121102782867891,-0.05793109303391857,0.01213306556287644,-11.67041912461968,1.0567007951906409,440,354.04,354.792
0.03115047554928718,0.03199999403676137,0.3297534789743269,5.411787728988495,1.6445378250906943,1.320009126428014,0.2920879904011151,0.30339946338286256,1.0219843074330672,0.07255306673022273,2.30643505573201,0.2856833594026441,0.3760000000000332,0.3760000000000332,2.1264137377747794,0.12800000000004275,0.7600000000000477,0.9954364034122124,-1.7551608498871805,-0.7185746415330393,-0.07325421878437112,0.040826820960722834,-2.6554089396600697,0.914964633283713,441,354.792,355.552
0.03443013864753226,0.039999998361709706,0.34430048671514957,5.413878612595675,1.3189359482038803,1.322109255244521,0.2860801143917566,0.30176994936885865,1.350769048169745,0.07995416772991601,4.132838344674746,0.37655685253123067,0.37599999999997635,0.37599999999997635,1.973777374203371,0.13599999999996726,0.7679999999999723,0.9954977949380303,-1.543264500948521,-0.6771778717943793,-0.05507806386901574,0.02725513962355467,-3.876163051859714,1.0352052635270312,442,355.552,356.32
0.030643032939148943,0.031999973202755244,0.36947399238389034,5.713642597184523,1.2376464018348843,1.1287595066475427,0.2942066919497906,0.2803900380518053,1.150167387946424,0.08269579597485041,4.341376088655627,0.33240643553664834,0.3919999999999959,0.3919999999999959,2.050086861098395,0.14400000000000546,0.7760000000000105,0.9963120683461787,-1.7480501018291348,-0.7236277597759492,-0.048755703300062445,0.017598374217137273,-7.029510240703297,0.9989926206960063,443,356.32,357.096
0.035839254778648244,0.03999999949486269,0.34715989765235067,5.349332544035677,1.3975252708759442,1.3614520769737508,0.29087975905988667,0.30548839646092424,1.4950842282268249,0.07866509628215165,3.566728840367274,0.38828063165598253,0.40800000000001546,0.40800000000001546,1.9630895162699051,0.1360000000000241,0.7839999999999918,0.9964816531714467,-1.5887433037602556,-0.6965078703193803,-0.07588416742058783,0.047182047018897354,-2.1147101668308066,0.9540474181266403,444,357.096,357.88
0.03756280588171816,0.03999998882162976,0.3277430888313112,5.141653445093561,1.1237053283989924,1.097310294916109,0.2661043341887879,0.2587711524583355,1.128709498086586,0.07409526237387042,4.212461864758019,0.28577053089634763,0.37599999999997635,0.37599999999997635,1.8935786924951168,0.1360000000000241,0.7680000000000291,0.9953277629241015,-1.3342519542964673,-0.6459061880713682,-0.05419524597062567,0.040036245856894075,-2.085434251590951,0.9872677852431281,445,357.88,358.648
0.03703092106186024,0.04000000155347386,0.35961062142949995,5.625443941369196,1.1797602284821236,1.2160481710006446,0.2754459229157495,0.27789333585636095,1.1955645243811408,0.08120215632100398,4.561864805552501,0.344972901944586,0.39999999999997726,0.39999999999997726,1.9890217712297706,0.1439999999999486,0.7839999999999918,0.9955617725613904,-1.5456200096000763,-0.697483646444758,-0.05894836523143326,0.03481589802948295,-2.90289079190696,1.0635402825381532,446,358.648,359.432
0.03488346036077587,0.039999974756072885,0.36073539706033336,6.328206959747708,1.1948006524167727,1.3668770182130692,0.2654970787925937,0.24701899321241194,1.4322533278307836,0.08720996147121104,4.450467633444552,0.40041946012154495,0.3919999999999959,0.3919999999999959,2.000805328775965,0.14400000000000546,0.7919999999999732,0.996078605127114,-1.6816908418066518,-0.7428297903268674,-0.10176792112740661,0.07574423511024231,-1.1001842157507908,1.0400906116323965,447,359.432,360.224
0.0312329489371629,0.03200000381742788,0.3678395310969079,5.530345383202334,1.4220418617802153,1.4355851296845052,0.3004593048739094,0.29475769914323874,1.2699306098310896,0.08182893854581635,3.7440736165631927,0.3788998483076281,0.38400000000001455,0.38400000000001455,2.0131051861686204,0.14400000000000546,0.79200000000003,0.9961338460601838,-1.7303023735964438,-0.7291072906474737,-0.08776194065148911,0.0485567923947337,-2.41797184555841,0.9980155510749331,448,360.224,361.016
0.03557035764166821,0.03999998997568795,0.32309336503545866,5.816989902540098,1.5188488015774324,1.351758802041053,0.26725506819021627,0.27449987101752266,1.233421341935941,0.07975572644926893,2.805213610238326,0.2821871555310759,0.37599999999997635,0.37599999999997635,1.9793724207774779,0.13599999999996726,0.7679999999999723,0.9967304808603125,-1.5873645506394678,-0.7026839027851128,-0.10182006434990623,0.07567434024043737,-1.054380177975945,0.9628410447162989,449,361.016,361.784
0.03821414809916935,0.03999997310604905,0.33610511321497283,5.104271024692571,1.1706855757306704,1.2612586131442762,0.2715570456237663,0.2544542120219604,1.1814596830847786,0.07691891787897713,4.48198234155621,0.3229249765929209,0.4000000000000341,0.4000000000000341,1.820916917427824,0.14400000000000546,0.7680000000000291,0.9957250598689862,-1.307323848952083,-0.632697592071701,-0.07268572671092237,0.0548100012142423,-1.477309229322369,1.0361823331481042,450,361.784,362.552
0.03686009425365323,0.03999999977385908,0.3671064664804738,5.510315446839673,1.212189774199874,1.1725556337703629,0.28136790434615694,0.29119000522172656,1.1732364576063434,0.08209167870732176,4.571915575169804,0.31298824451616186,0.3919999999999959,0.3919999999999959,1.9346335668378571,0.14400000000000546,0.7759999999999536,0.9951215740281205,-1.5136863814439343,-0.67751716898007,-0.05691318504955669,0.03213939464657489,-3.110101105799739,1.0674485610224458,451,362.552,363.328
0.034586839821578494,0.039999972894552226,0.35633180366866507,5.4432719914175385,1.4370387971047407,1.4435952553276454,0.29851369582764614,0.304414440412645,1.3225033712155023,0.08121061048066244,4.097671723631272,0.3575378088552359,0.4000000000000341,0.4000000000000341,1.9823665777678094,0.14400000000000546,0.7840000000000487,0.9963629608558985,-1.6602304676556856,-0.7047377716283911,-0.08109377305809959,0.045878015297432934,-2.3537630511597207,1.0176180103477137,452,363.328,364.112
0.029163403354787423,0.03199999299154994,0.334840767187291,5.395665650345805,1.0946980896256895,0.9551289836298604,0.265158064039858,0.2651649482976468,1.2528416363778447,0.0777859748443111,3.7551772487724597,0.27977085878715724,0.28799999999995407,0.28799999999995407,1.9287718496885877,0.13599999999996726,0.7599999999999909,0.9970712802236672,-1.385558266866041,-0.6600506493221499,-0.05417931193182515,0.04346501509282455,-1.7886751997959933,0.9638181143373719,453,364.112,364.872
0.03850361067836761,0.039999997317070456,0.3198318598439992,5.361369455228286,1.3931530751284886,1.371860547587672,0.24669945014132244,0.2762587406478203,1.1595494502436183,0.0796300869041848,3.0727060069902925,0.2554966001472947,0.37599999999997635,0.37599999999997635,1.711368747413911,0.13599999999996726,0.7599999999999909,0.9957941452142315,-1.1563920998544415,-0.6064584270201687,-0.0948973222027553,0.09084127997395447,-0.5498974205098136,0.9501391396423478,454,364.872,365.632
0.03196355505476406,0.031999992896883926,0.3365527151386403,6.546778155876935,0.918634569149775,0.6762867534272009,0.21143373476224764,0.2759864504293383,1.3726432576323022,0.09399196905172646,2.9537958973897673,0.18877234700526058,0.20799999999997,0.20799999999997,1.627670878163317,0.13599999999996726,0.7599999999999909,0.9950848945576245,-0.9308256235261677,-0.5678325466877525,-0.03998567294157933,0.05230027418354906,-0.8205141211541196,1.0703797698856654,455,365.632,366.392
0.03415945073278287,0.03999998679944203,0.347274728409391,4.812088969731621,0.9596463995360193,1.093772567631642,0.2675855285964997,0.26595473770477757,1.3754296006334508,0.08071105227401781,3.9361188088268904,0.4073334863745658,0.3919999999999959,0.3919999999999959,1.6609989007913242,0.1360000000000241,0.7680000000000291,0.9959718760873545,-1.0745317566075627,-0.5787607880418099,-0.04897292807950486,0.044347948128719894,-1.4848437387898408,1.144698127938544,456,366.392,367.16
0.030739095909589238,0.03199993633299577,0.34681530091093027,5.219981275193566,0.8728829007041569,0.5624973901180609,0.24436878864950912,0.30428825938778137,2.3452844268969395,0.08648830130561977,2.590371099961738,0.3165923460832118,0.21599999999995134,0.21599999999995134,1.63946820543207,0.1279999999999859,0.7679999999999723,0.9928378482023485,-0.9687286055994073,-0.5663066016534106,-0.02933945732504378,0.0332865740374576,-1.639989310220448,1.1515376152860561,457,367.16,367.928
0.030631841218871206,0.0319999938374653,0.31893722601122315,5.414129606516714,0.9965404075749498,0.8039931525043704,0.21360350644921952,0.3403692697809383,1.2260487822209865,0.07889005933688835,3.6717516338072955,0.17511755506824755,0.20800000000002683,0.20800000000002683,1.6959961104547194,0.1279999999999859,0.7520000000000095,0.9948263447012965,-0.8801598007626333,-0.5512935127863339,-0.027648708318198618,0.036947687109736775,-1.1606184707824057,1.0723339091278117,458,367.928,368.68
0.02983157812375995,0.03199983093895312,0.3509394711798347,5.904712150012438,0.39769937288342677,0.2218530401575403,0.1820271602097333,0.18099935445068632,2.4004670112580917,0.0791191973208572,2.053565681917667,0.0329520685967262,0.20799999999997,0.20799999999997,1.6179536173852513,0.12000000000000455,0.7599999999999909,0.9957796428486396,-0.6972940211516634,-0.5074373901015796,-0.011086782070908187,0.032514378602920314,-0.45639176001768506,1.1084854851075192,459,368.68,369.44
0.02328465142990038,0.02399999814855283,0.34701776739520823,4.711721128501654,1.3328400250343826,1.0550811039874062,0.30160029634726737,0.30849279216915576,1.2271318189484166,0.07560503166136855,3.4312551645541034,0.2843604921194169,0.38400000000001455,0.38400000000001455,1.83487023989309,0.12000000000000455,0.7599999999999909,0.9941220841074107,-1.3503467933089306,-0.6301198746287706,-0.05348712838481078,0.030222481618905554,-3.43956845451799,1.1270498079079097,460,369.44,370.2
0.028929992662637148,0.03199996794655814,0.3402552432795928,4.544609628409623,1.0661129176208097,1.1378956687757746,0.28188581949119496,0.293916100106146,1.1118313176703145,0.07219310460164415,4.154562631308733,0.3308601959896198,0.38400000000001455,0.38400000000001455,1.8003483344964097,0.1279999999999859,0.7680000000000291,0.995858196249154,-1.1833657691003572,-0.6064941295535149,-0.04496827567864156,0.03645152623516831,-2.114945575530254,1.080150466096397,461,370.2,370.968
0.03024655866971545,0.02399999949045002,0.341811220061216,6.412807005658603,0.6813001946829838,0.2851738883023964,0.19300868136709604,0.18380386366362414,1.4138254638375005,0.08042626314181138,1.2445844481285024,0.03247125148071841,0.21600000000000819,0.21600000000000819,1.7633143187787939,0.12000000000000455,0.7439999999999714,0.9955505831423692,-0.9321303190638714,-0.5738627496038865,-0.0242884807143057,0.044637637022333816,-0.6387869283981547,1.03813647239025,462,370.968,371.712
0.03129759890764728,0.03199999985467576,0.3285842522273594,4.6661607265042235,1.2992386090948487,0.9860946407505385,0.28769311856212093,0.3041982707365004,1.239718148763155,0.07525825667739564,3.233076731770154,0.2548953575890919,0.3760000000000332,0.3760000000000332,1.7917528504919507,0.1279999999999859,0.7520000000000095,0.9942991029654302,-1.2236988401447657,-0.5951951442921197,-0.04425458435400366,0.02616012360339483,-3.5623805004223774,1.0781963268542505,463,371.712,372.464
0.03403522450817276,0.03783746131913007,0.35199999060368975,6.014624914248603,1.0045153085764833,0.9486585975816114,0.2560488393023193,0.2554080759095156,0.9729987289000328,0.08434898823692968,3.286715012196682,0.30288085608417126,0.29599999999999227,0.29599999999999227,1.945487431654362,0.1360000000000241,0.7680000000000291,0.9963134122776977,-1.4621812277742667,-0.6831407259410249,-0.03976337333357648,0.02638050785996983,-3.266957095007066,1.1123937635918117,464,372.464,373.232
0.03050549054728542,0.03200000222153615,0.3540177017743931,5.857864517761543,1.2156947858049405,1.2005504335740977,0.27461586276011546,0.28124387376651433,1.1032642205561443,0.08071865324515519,4.461561534456079,0.3212681884109933,0.3839999999999577,0.3839999999999577,2.056749772032199,0.1279999999999859,0.7759999999999536,0.9934750218629583,-1.6782157943230365,-0.7287051286960542,-0.055187608354882414,0.02993708405023591,-3.6046666804187852,1.0869899534439094,465,373.232,374.008
0.02934471620553802,0.031999998543426715,0.32849684776106836,5.029702869263499,1.1601377939202189,1.0041980034471618,0.27740775831424264,0.2981767525332662,0.9012632187623238,0.07417083911741558,4.334271376546735,0.23239122896165848,0.367999999999995,0.367999999999995,1.945877658615159,0.12800000000004275,0.7520000000000095,0.9952307534928844,-1.3631608680606428,-0.6399174649947035,-0.019106343596505856,-3.7699937414995216e-05,2798.5828162758557,0.9452537915369819,466,374.008,374.76
0.03583480897070336,0.03999999366921277,0.34291718536482935,7.197158801274613,0.8114897698649242,0.30913432179576705,0.18964735482100417,0.18865540683050036,2.087061708613175,0.08363809143094045,1.1344036856601611,0.045602792661137086,0.367999999999995,0.367999999999995,1.8332634365393232,0.1360000000000241,0.7520000000000095,0.9970658472507334,-1.04238341867568,-0.6089904567182828,-0.033764586187630785,0.05808283819011083,-0.43109189556904853,0.9452537915369819,467,374.76,375.512
0.02869830124696644,0.10831277250489203,0.34660179783831446,20.788908597458416,4.157781719492051,4.157781719492051,0.2617164940203412,0.30195453523320925,2.2559999999998577,0.18004439367775882,1.332543013592708,0.6992441084796435,0.3919999999999959,0.3919999999999959,2.078890859746026,0.1360000000000241,0.7679999999999723,0.997816497942927,-2.5338935698964544,-0.7527179434153257,-0.3673741938704322,0.0811324962651584,-2.1677464593307776,0.9999696903170795,468,375.512,376.28
0.029231121661451163,0.03200000327301867,0.35394069660603616,5.673433704654138,1.1762865249470305,1.1765895761642915,0.2769717762971678,0.29590205483135623,1.0935759357635166,0.07996598901891215,4.535631234740665,0.3198570533868828,0.38400000000001455,0.38400000000001455,2.053153895582952,0.1360000000000241,0.7680000000000291,0.9964773158822309,-1.6096087618615278,-0.7065839528711726,-0.04656549963307143,0.02585936269468391,-3.851806705490182,1.0821046053385437,469,376.28,377.048
0.03168585203469952,0.031999998786166266,0.3396650795156742,5.554137241867179,1.235191748729913,1.0903693220649406,0.28599316035991723,0.26811314959854265,1.07985386321465,0.07761540059894582,4.273913606259861,0.28918339936344944,0.37599999999997635,0.37599999999997635,2.059422914906867,0.1360000000000241,0.7679999999999723,0.9955368414860292,-1.6790894299309072,-0.7115027179596037,-0.045621134281974944,0.018479819446028167,-6.378292176677432,1.024457497695226,470,377.048,377.816
0.03138155593012964,0.031999998140553494,0.31517055691622287,5.108349399993752,1.553018018511659,1.061135192884138,0.2722855764964308,0.28605717994315094,1.082192341735785,0.07409734360654632,1.9226419956100644,0.24301863642068164,0.36000000000001364,0.36000000000001364,1.8879608074640435,0.12800000000004275,0.7440000000000282,0.9936325580749609,-1.357312482457192,-0.6335057012164428,-0.06929186260477357,0.04872686761031289,-1.7644562946611793,1.0107785230002013,471,377.816,378.56
0.03503785890993694,0.03999998875859178,0.33702001067863335,6.8064571226716915,1.1716972517587516,1.131597531161373,0.24867111530720032,0.23114620536307628,1.3158259403403503,0.08877094732504039,3.3310047735806374,0.33309691666264635,0.29599999999999227,0.29599999999999227,2.0166100194240344,0.14400000000000546,0.7599999999999909,0.9968760564263007,-1.636028834279099,-0.7180850671865029,-0.085233556764908,0.0657312226131689,-1.1524195373126969,1.071356839506738,472,378.56,379.32
0.03103959410916497,0.03199999012395153,0.38000127706919706,6.303742326563308,1.4459958856487374,1.6789554067103187,0.28557161008818677,0.2765386844113854,1.291381710819637,0.08305074030585162,4.7741358240566685,0.3980741167063872,0.3280000000000314,0.3280000000000314,2.157922279686444,0.1360000000000241,0.7680000000000291,0.9956756257608895,-2.003812263421791,-0.774357824954029,-0.11528003703858472,0.06178125120277028,-1.8190229522817902,1.046930098979909,473,379.32,380.088
0.02939767149646704,0.031999974787282844,0.34746817286501475,6.134726883485736,1.2566274409430607,1.4170617779998356,0.26261433333055456,0.29278860642892124,1.282050113618663,0.0861457559044678,4.444065368030328,0.3757972541640809,0.3839999999999577,0.3839999999999577,1.9837599553100853,0.13599999999996726,0.7599999999999909,0.9961824287524423,-1.5524247704470695,-0.6953338124482153,-0.07272058767430731,0.05157731557646039,-1.646647117767473,0.9833595067588354,474,380.088,380.848
0.02956143309753663,0.10892527277131896,0.3239628759889482,19.020813307285607,3.8041626614571684,3.8041626614571684,0.25756599766899596,0.28795730081923415,2.1599999999997403,0.17688550931704486,1.5357732519939726,0.5993639912672246,0.38400000000001455,0.38400000000001455,1.9020813307285844,0.13599999999996726,0.7439999999999714,0.9984080789591645,-2.061811679532019,-0.6539810816988164,-0.3068061155182361,0.06653383455743139,-2.424977662443218,0.8964003104833227,475,380.848,381.592
0.03599132184220607,0.039999994403826775,0.3397266167372191,4.9497513129807915,1.1005360073291988,1.04570530870287,0.272398398473295,0.2749107342617466,0.9369594093515244,0.07763074604907788,4.563141612330472,0.26458002917997203,0.3760000000000332,0.3760000000000332,1.7990328166991443,0.1360000000000241,0.7440000000000282,0.9953063859020975,-1.208750308224662,-0.5906347075920093,-0.02978888275114105,0.010095234089917101,-9.46942180180796,0.9227811902522984,476,381.592,382.336
0.03451126581454014,0.03999998322337693,0.35250656118771395,5.397875913362898,1.1134666051235345,1.2271793087643568,0.27378024345607127,0.247273098382881,1.3294050276799547,0.08438234357967848,4.077591583788006,0.39556781095572174,0.40800000000001546,0.40800000000001546,1.7640294204355433,0.13599999999996726,0.7520000000000095,0.9963323258917929,-1.3227221526170871,-0.6204809830757084,-0.06569002718041844,0.043747710589729864,-1.9394061089393468,1.097737719275714,477,382.336,383.088
0.02901543702997559,0.03200000189540967,0.35999192582795575,4.953867812874057,1.1954466399446837,0.9686725717832839,0.29761211210477895,0.303307089754279,0.89370999003937,0.08182246361513329,3.9489217539297785,0.27086377202134265,0.37599999999997635,0.37599999999997635,1.8058034106446548,0.13599999999996726,0.73599999999999,0.9957149825816053,-1.3188182226730985,-0.5937775625139708,-0.009205883817236712,-0.016171957984986943,7.4648249171071015,1.0264116369373724,478,383.088,383.824
0.029992336462499516,0.03199999454893091,0.3304862047537419,6.013716650910615,1.0522421752092486,0.7529414732771141,0.21846368416477274,0.3021953657588125,1.163203332858823,0.0851436384240198,2.2105728151594435,0.19851264472009475,0.19999999999998863,0.19999999999998863,1.7382380824583705,0.1279999999999859,0.7439999999999714,0.9957827163247348,-1.0143703947942184,-0.582560774557293,-0.039567954678899384,0.051222596724722604,-0.803416566271974,1.0264116369373724,479,383.824,384.568
0.033945538716793074,0.03200001036458357,0.3519807663605774,4.708474953199506,1.2922266687517276,1.3712161882920608,0.2888018422514908,0.29785312396529,1.133922945484472,0.07898414184488632,3.808031497995938,0.3279405576134051,0.3919999999999959,0.3919999999999959,1.665227979180402,0.12800000000004275,0.7599999999999909,0.9952884409296814,-1.1957913976680759,-0.588625633361488,-0.07509294750960405,0.05592248719284002,-1.4394428628060276,1.0439988901166894,480,384.568,385.328
0.0287120468098901,0.03199995071932966,0.33611085407325714,4.228580546190312,1.0540620420763527,0.9003472905314024,0.2837336441960705,0.29093419863724695,1.3754641385517246,0.07587345655049761,3.2515950038243204,0.3166245281106767,0.3760000000000332,0.3760000000000332,1.5990465103564944,0.12000000000000455,0.7760000000000105,0.9942226146472448,-0.9896488312573879,-0.5574560209755592,-0.04436083051145553,0.039156622018909716,-1.8786819405689894,1.072333909127812,481,385.328,386.104
0.02677682911223766,0.11633913888106891,0.12124182518727572,7.1203555729027945,1.8682230529970487,3.0832266935313832,0.17295169744915498,0.12999037228482266,1.3913273628340839,0.09112744435794304,15.196701201587562,0.25988764558732114,0.19200000000000728,0.19200000000000728,1.5416133467656918,0.12000000000000455,0.7599999999999909,0.9946947227131744,-0.6341622787450396,-0.4888653563551101,-0.008829598320546715,0.01875253484836297,-1.1185748732907177,1.0772192572331774,482,386.104,386.864
0.036262371679168785,0.04000000282471255,0.1878129895389028,3.7555868992279846,0.7236508158322801,0.6391843549765833,0.2034903212135309,0.341267056344445,1.455085840280767,0.05944157628971648,3.80045882176777,0.18039537898969296,0.23200000000002774,0.23200000000002774,1.4741592825378336,0.12000000000000455,0.7600000000000477,0.9905924038058791,-0.546650779329978,-0.4378654076217757,0.0009264871293152689,-0.015191160241988015,2.496679316327056,1.1593541722546412,483,386.864,387.624
0.029434911265179057,0.031999974559942114,0.1759311367158135,5.578168373005761,0.6449148148315412,0.663407758677089,0.19318128551829483,0.3326039288369454,1.2799996832820801,0.07363905832206452,1.9611329503134016,0.3961342559643118,0.20799999999997,0.20799999999997,1.7881740306173994,0.12000000000000455,0.7759999999999536,0.9930754840605244,-0.8213396800490661,-0.5537122851881726,-0.004704686273400957,0.014870675503979582,-1.627953697841459,1.1593541722546412,484,387.624,388.4
0.026849607822616705,0.024000000717033423,0.3356371405067794,4.483070925026052,1.0323187201606772,1.1333881236834171,0.2944681361782307,0.29334375927122136,1.011688218935595,0.07162489558726225,4.007128556239058,0.2763290988806822,0.3760000000000332,0.3760000000000332,1.8288105323787125,0.12000000000000455,0.7840000000000487,0.9939567827391032,-1.2538198407561614,-0.6296302859452955,-0.054419915763119026,0.06159115840347195,-0.9097754326642568,1.161308311496788,485,388.4,389.184
0.030278703607780916,0.032000000134516725,0.20313297736353428,5.410972389119981,0.739208966814517,0.9080552323870195,0.1975722736697854,0.47283751321144796,0.9113218214526517,0.06628393394969188,3.167651863349723,0.31607856033438975,0.18399999999996908,0.18399999999996908,1.9763870957620917,0.1199999999999477,0.7759999999999536,0.9928292437503147,-0.9428239458640046,-0.5895600810339496,-2.8666630167213495e-05,-0.006788022863869965,4.724700429932884,1.080150466096397,486,389.184,389.96
0.030233273887709165,0.031999949132449614,0.3340378341101863,6.616235449091724,0.700126743182367,0.3746151735667152,0.19109670176005658,0.18893047807067795,3.1615895222594603,0.07480068511440262,1.9434805464889804,0.0468118234432452,0.20800000000002683,0.20800000000002683,1.974863638232749,0.12000000000000455,0.7600000000000477,0.9955747194038953,-1.0953037820402955,-0.6316257152561691,-0.03171025332118418,0.058083606165344685,-0.38777429831925925,1.080150466096397,487,389.96,390.72
0.031215832276928708,0.03199999246942313,0.3360001139973649,7.558125206873052,1.1269115931927016,0.788791757775195,0.21774077169977893,0.3048996833310697,0.8797598151663629,0.08781561286143172,1.3535816473458206,0.3087706875470155,0.20799999999997,0.20799999999997,2.1818910856731186,0.13599999999996726,0.7759999999999536,0.9938149138263372,-1.524540659904398,-0.7376399696083935,-0.03367986857879583,0.03871118800325328,-1.4656735099557878,1.1642395203600073,488,390.72,391.496
0.029649761521659233,0.03200000036311598,0.3458881726679373,5.246867879275285,1.545127764592919,1.2309571606847782,0.3121730050733582,0.3207474440787961,1.6300328053151343,0.07928800320265718,3.3450220592075164,0.34559272587294315,0.4000000000000341,0.4000000000000341,1.9990257728732908,0.1360000000000241,0.7680000000000291,0.9970392359989296,-1.682968953038761,-0.6900213909511692,-0.07157852356026456,0.03565656972139307,-3.2338190957204485,1.0762421876121044,489,391.496,392.264
0.03596512738418935,0.03999999188556861,0.3332387579453383,5.413395020686362,1.1869213138945591,1.0810618413746793,0.2669840403979014,0.2627578827389457,1.1952011017215918,0.07490546151066164,4.221825033084324,0.2546497986762552,0.39999999999997726,0.39999999999997726,1.9785954759003923,0.13599999999996726,0.7679999999999723,0.9963227437112188,-1.471620630417854,-0.6790904633118433,-0.06419676332688833,0.04908531045738892,-1.6444523337310868,1.0195721495898602,490,392.264,393.032
0.031185339041657312,0.031999996347661715,0.319973331057476,4.880118263436545,0.8932628628682687,0.9052822293615982,0.23310046835654455,0.24040566133470012,0.8242592639924898,0.06785703870742475,3.506909915352387,0.1971495429436772,0.23200000000002774,0.23200000000002774,1.8398795657937268,0.12000000000000455,0.7520000000000095,0.9941262787364101,-1.0377652877259946,-0.5881346137234846,-0.03864318175063346,0.045087932794759825,-1.1391858475818146,0.9647951839584451,491,393.032,393.784
0.030391142576094123,0.03199995562467596,0.32978336365391137,5.7507693486583795,0.8487759488279178,0.6631546875819756,0.21028616190549634,0.3402260587321406,0.9481285630552088,0.08086069253821256,3.0100658943434935,0.17377654750176216,0.19999999999998863,0.19999999999998863,1.7613614403603906,0.1279999999999859,0.7599999999999909,0.9961437833422364,-0.923829214232815,-0.5711702307813572,-0.014891735494199365,0.01745881509164686,-2.817798065170451,1.0518154470852752,492,393.784,394.544
0.031151157221366035,0.031999996640800034,0.35345057492820653,4.8453197156404215,1.4503964099658073,1.2114083140399676,0.30702580307796723,0.32252663971608364,1.0511643285738823,0.07501579628527133,2.3968362976798567,0.32797939454592057,0.40800000000001546,0.40800000000001546,1.9174415126532232,0.1360000000000241,0.7680000000000291,0.9953738422448734,-1.4760390335963196,-0.6517111604395562,-0.05260514822190767,0.027788255023745,-3.775380772197661,1.1016459977600073,493,394.544,395.312
0.031337197680237815,0.0319999973664951,0.34812135996436633,5.341003578910719,1.407469105035771,1.432052108681941,0.28946766535705637,0.2841776283059995,1.2050348812039167,0.08066708312762146,3.3809604908650948,0.3491398775519317,0.38400000000001455,0.38400000000001455,1.9081683214905385,0.13599999999996726,0.7760000000000105,0.9949238798322333,-1.5272988830639593,-0.6810688065178203,-0.09347660778380759,0.06260655134065556,-1.5241680913079652,1.0420447508745432,494,395.312,396.088
0.030978589637289396,0.03199999989050094,0.3283444422882825,6.438413432727831,0.890874908952917,0.7442849404953231,0.20281621343226727,0.31157209473151054,0.9576000662042908,0.08203083105900548,3.235954122146995,0.154708589091182,0.19999999999998863,0.19999999999998863,1.8623772440749922,0.1279999999999859,0.7599999999999909,0.9962706074918318,-1.0348451850037057,-0.6080153781098401,-0.02306262620771405,0.029943208113785123,-1.5229293286278147,0.9579556966109329,495,396.088,396.848
0.03599816057703586,0.03999995099247779,0.3406928323632866,7.055782632020782,0.6145911566896969,0.40213233165621787,0.18303261776349272,0.19799150727248446,1.6306843988598045,0.08044313673427626,2.4652906427041796,0.08162294247338815,0.20799999999997,0.20799999999997,1.859592118818634,0.1279999999999859,0.7599999999999909,0.9965064411322377,-0.9789679808858394,-0.5973044263245696,-0.02469055949702224,0.04723390180448192,-0.49513942367410557,0.9999696903170794,496,396.848,397.608
0.030218865600161956,0.03199997582774344,0.3570368700021438,5.521953313788615,1.1908158266721542,1.1437806924562863,0.28104499281152395,0.30001725373673005,1.0102176526722788,0.0795471588414358,4.682245385286362,0.3001196582673519,0.3919999999999959,0.3919999999999959,2.0344156595358207,0.1360000000000241,0.7679999999999723,0.9950770410246883,-1.5716292297407422,-0.6935357669191519,-0.03637036515417163,0.012882629403885789,-8.608894236108075,1.101645997760007,497,397.608,398.376
0.034499763834379,0.03999995704027334,0.3445671501447112,5.923007240771299,1.2603659049377143,1.2114891637871827,0.28072403222653375,0.26751528063551666,1.1438422109546258,0.08029943098258609,4.414506084340952,0.3042456143659088,0.3919999999999959,0.3919999999999959,2.1151290963727414,0.1360000000000241,0.7840000000000487,0.9968296967662327,-1.7965536618891809,-0.7508580514970151,-0.06361682199379606,0.03539745455417474,-3.0786576824810914,1.0527925167063483,498,398.376,399.16
0.030760953454543025,0.031999992967359246,0.3267985241066585,6.278386500221842,1.306148476947337,1.3827413782391156,0.24759088371376725,0.2557279796359015,1.0498935435590553,0.07772213603335927,4.101131646705387,0.2507952050425984,0.2559999999999718,0.2559999999999718,2.1006409823006162,0.13599999999996726,0.7679999999999723,0.9964411772200377,-1.6573064882735171,-0.7422073738075909,-0.09982807453986992,0.08655264878905293,-0.7539559151987084,0.9765200194113233,499,399.16,399.928
0.037237925081924,0.03999992901392754,0.33466792437138293,7.723490068103556,0.6170449392301033,0.39293131026467515,0.1729055611200868,0.18195203108836994,2.1976086901327077,0.08408149835331333,2.40595490980944,0.06170394289486473,0.19200000000000728,0.19200000000000728,1.7783346542541003,0.1279999999999859,0.7680000000000291,0.9960668587331203,-0.9050413657712791,-0.5810882093314769,-0.026956084720014678,0.05308010339480559,-0.37997963664862394,0.9716346713059574,500,399.928,400.696
0.028705114638440245,0.03199999719068712,0.34333549239559996,6.698104738560754,0.8809690530097225,0.526584311975851,0.20669094538105942,0.32092216603598195,1.5655386407109502,0.08937349196560068,3.2672104265065807,0.14677020895639442,0.20799999999997,0.20799999999997,1.7776163438127415,0.1279999999999859,0.7439999999999714,0.9958229284202008,-1.006075451655782,-0.5877697927785466,-0.019405082423438233,0.01967838504126312,-2.76072800792634,0.9765200194113233,501,400.696,401.44
0.053869796813669345,0.055999996977934924,0.36043048223293056,5.60562356307553,1.4957223279216494,1.5965682344290635,0.28195614277094716,0.32550455784006754,1.7520971834903423,0.08519017470966611,4.513746369051734,0.401410322432024,0.4159999999999968,0.4159999999999968,1.88289609647584,0.1519999999999868,0.8000000000000114,0.9959494200289385,-1.5087155406172101,-0.6737065851992812,-0.0997692438905367,0.06792206049133927,-1.2706635056797975,1.0303199154216651,502,401.44,402.24
0.031721304152501024,0.031999977593222116,0.33600006225016327,6.093411444052751,0.9416080334706178,0.7032534131352128,0.2150442858587544,0.32364902210326246,1.3347210699245609,0.0841647949048002,2.6742351734704117,0.20747612436784443,0.20799999999997,0.20799999999997,1.792870281388963,0.1279999999999859,0.7839999999999918,0.9950011374450494,-1.0327690724371439,-0.6138548028644172,-0.03298487381899497,0.04931750820829165,-0.7982554959350485,1.0586549344327874,503,402.24,403.024
0.03052253106340349,0.03199999785281566,0.33422711765378116,7.376948888057696,0.42568734586971807,0.3024251490636887,0.1671425032116473,0.18348753771574472,1.5422228034513585,0.08171389882371467,3.208895926412081,0.035716666807672125,0.18400000000002592,0.18400000000002592,1.7594775545447092,0.12000000000000455,0.7599999999999909,0.9955752190592918,-0.7906610412383087,-0.5439898463161656,-0.01043529698528387,0.021558016975576043,-1.145663327587623,1.0508383774642018,504,403.024,403.784
0.029991453298562502,0.03200000080971558,0.3455171826168896,5.131615370915671,1.1404050545022415,1.0575720203480024,0.28538753694625646,0.294301393352621,1.0403180766352143,0.07768508095987149,4.50547750086091,0.28537244716910354,0.3919999999999959,0.3919999999999959,1.9431057010436046,0.1279999999999859,0.7760000000000105,0.995822505027732,-1.4348980692664026,-0.6672648898026002,-0.03573373120433913,0.01685636172033459,-6.177029084047012,1.129003947150056,505,403.784,404.56
0.029176868617104612,0.03199999748264513,0.34910355905201046,5.354450640568656,1.386814337054084,1.1355706128805834,0.2946253971223453,0.3081325166766325,1.2519010631491676,0.07710314906740386,3.1573837471175272,0.3179792773703187,0.3919999999999959,0.3919999999999959,2.0404500206816003,0.1360000000000241,0.7760000000000105,0.9966078615687185,-1.658508820080061,-0.7106347612982644,-0.05598934437629646,0.02851112442877918,-3.923611959994589,1.1163020420761045,506,404.56,405.336
0.03691709365706603,0.03999985576987575,0.3195475938320399,6.586103877671616,1.3600890324343857,1.4060636774397586,0.23403865254288647,0.27541728467053594,1.8774582000827702,0.0802229978953177,4.343280627716366,0.3072015824293071,0.2319999999999709,0.2319999999999709,2.0562417515603366,0.13599999999996726,0.7919999999999732,0.9963400157073198,-1.5708820295690766,-0.7453326515759047,-0.12356246437310014,0.13170730017202248,-0.22065441250376383,1.1250956686657634,507,405.336,406.128
0.030154332227367128,0.03199999601483318,0.3149615226742455,4.875960199271913,1.2764761741996142,1.2948329466302242,0.2801587259376281,0.2852708213189619,1.004312519858434,0.0691769637484511,4.366694737629719,0.2703450054798931,0.367999999999995,0.367999999999995,1.9542155110241346,0.1279999999999859,0.7599999999999909,0.9950586252243738,-1.3979343365412242,-0.654083116674387,-0.05150347155825159,0.0337377721480498,-2.769207805420003,0.9638181143373719,508,406.128,406.888
0.03554115865268485,0.039999966992481914,0.3501695105886782,8.248646878832897,1.0726491436893721,0.2709826631271505,0.18527397841375934,0.19129801481613629,1.8058524019028168,0.08897585443052188,0.7722991586259217,0.03802913752796211,0.20000000000004547,0.20000000000004547,1.86731605634019,0.12800000000004275,0.7680000000000291,0.9952961605809126,-1.1293489428379093,-0.6454345922069145,-0.04827142911831041,0.07672840001471556,-0.3205220818586783,0.9393913738105429,509,406.888,407.656
0.02984767092688982,0.0319999990538457,0.3522248635019323,5.244044608620696,1.4438313215445444,1.3985585647950751,0.3044692074718121,0.3121342446516566,1.3571642776746664,0.07901065083071784,3.650701146038862,0.3781935226479793,0.3919999999999959,0.3919999999999959,1.9748107500709882,0.13599999999996726,0.7679999999999723,0.9962480841186664,-1.624587838718527,-0.6848350722255305,-0.07095434741496388,0.03766062567073881,-2.917062810918748,1.0664714914013727,510,407.656,408.424
0.03179244133123563,0.03200000029884191,0.3437819085919847,5.238088726865948,1.213271733263691,1.302829325911857,0.28381100511468066,0.26576837401294506,1.1429532978242853,0.07652709307168447,4.479900026740791,0.32400561271076384,0.4000000000000341,0.4000000000000341,1.937022022250125,0.1360000000000241,0.7760000000000105,0.9954063938418551,-1.5031088498936334,-0.6825352458283978,-0.07780805974325954,0.057093061603408636,-1.5452547003085495,1.0733109787488848,511,408.424,409.2
0.02863378599888512,0.031999987064982985,0.3089021371104668,5.158281535575504,1.2430513495248274,1.3471256335638138,0.2518195118583838,0.25985847591804073,1.0741473858844999,0.0731029744799908,4.4184588489108005,0.26387899567233947,0.367999999999995,0.367999999999995,1.8349727224068857,0.12000000000000455,0.7440000000000282,0.9944869599669366,-1.229007161756849,-0.6223465180651393,-0.07702975686097316,0.06868067574019705,-0.9204550593348073,1.0107785230002013,512,409.2,409.944
0.034978879349343586,0.03379244403139632,0.33599999650426465,5.522024622254989,0.8405634022355187,0.5533848103207222,0.21829035534109442,0.2829877446439637,1.219745776352918,0.07967541839260475,2.1000781292862865,0.19912394231768984,0.20799999999997,0.20799999999997,1.7375111064080395,0.1279999999999859,0.7679999999999723,0.9955325351621832,-0.95093755855806,-0.5764395763346871,-0.02725192179135117,0.03983109209390026,-1.04161968222033,1.0606090736749338,513,409.944,410.712
0.02556773693538403,0.09170324274477787,0.3418911490571173,17.50200579010934,3.5004011580218766,3.5004011580218766,0.2789137995003078,0.24293028978932654,2.304000000000087,0.18228552782500984,1.540832284306889,0.6402957886701428,0.38400000000001455,0.38400000000001455,1.7502005790109385,0.12000000000000455,0.7680000000000291,0.9973125394927371,-2.309091029814587,-0.6950943536692533,-0.4953013107824079,0.13123604552907112,-1.3081719250539021,1.1250956686657632,514,410.712,411.48
0.02804742610578026,0.0252725878469314,0.16800006268048936,5.884638063369027,0.4591647853866723,0.47617159921031194,0.18752946974076393,0.2854650189416213,1.6271982933357614,0.07706588661124403,1.7985487326735476,0.48637056830174624,0.19999999999998863,0.19999999999998863,1.7542212865736608,0.12000000000000455,0.7679999999999723,0.9911342724297671,-0.7873998022904531,-0.5417667057337577,-0.005234825245326961,0.02245510135618404,-0.6217596125822542,1.129981016771129,515,411.48,412.248
0.03002916819622529,0.03199998950125846,0.31556619258498025,4.764326430761233,1.1309855659355321,1.133023563996296,0.26918793729326856,0.2585207278228875,1.0768836458329019,0.07047012412629643,4.069601769846613,0.29090274560687057,0.3760000000000332,0.3760000000000332,1.8454751895993635,0.12000000000000455,0.7440000000000282,0.9953875416221498,-1.2204752552123639,-0.6066818350239362,-0.051808468359080796,0.03866074374863074,-2.0776690717918695,1.0166409407266406,516,412.248,412.992
0.028488330020459928,0.031999979657668993,0.3559606684749862,5.751599781398104,1.1451158245075659,1.1976369289964117,0.27220318977517743,0.3082767218313171,1.0692143313301492,0.08152765322026519,4.113539443185787,0.3520931099103486,0.3839999999999577,0.3839999999999577,2.0405267719629805,0.1279999999999859,0.7679999999999723,0.9950809140986142,-1.569836662273044,-0.7019753921155312,-0.03708604031932187,0.01808571904133686,-5.481145118932552,1.0928523711703482,517,412.992,413.76
0.0282422747902819,0.03178561465700894,0.34400005506180936,6.156966734077895,1.2650230675868679,1.3736673022428454,0.2651505438419128,0.31556829279426035,1.2757709267686743,0.08262662939136929,4.374815612068728,0.3598507581077413,0.38400000000001455,0.38400000000001455,2.090464675077296,0.1279999999999859,0.7760000000000105,0.9959950646648158,-1.6937897968931555,-0.7424968886677421,-0.06581916898718444,0.05000266219042916,-1.6756585163559625,1.067448561022446,518,413.76,414.536
0.029992056566608086,0.031919376927675804,0.3280000126706204,5.582927797041858,1.1917942541677184,1.1299871342352878,0.27149293646154843,0.2874331376986701,1.0298048461461957,0.0740181610399961,4.187890351459255,0.2864457498632411,0.367999999999995,0.367999999999995,2.118288616457229,0.1279999999999859,0.7599999999999909,0.9954835607667235,-1.630167413914325,-0.7114105237889384,-0.038570726262740454,0.01965727259858473,-5.09439383350419,0.9960614118327866,519,414.536,415.296
0.029944647311328166,0.0319999990772567,0.3439947165535811,5.193538035640455,1.2633895883997457,1.052673334603195,0.29598938074792275,0.29854132548533097,1.0835437215055044,0.07820756745530849,3.3584235316471824,0.3076923643832246,0.38400000000001455,0.38400000000001455,1.9794142546596096,0.1279999999999859,0.7680000000000291,0.994946409631374,-1.5410073190785165,-0.674901836126142,-0.033141401380717306,0.008752944743461069,-13.32064585760673,0.9823824371377621,520,415.296,416.064
0.029118594446401577,0.032000003013957445,0.36043450004665284,5.63642761453778,1.2992817056030643,1.113512598173859,0.29615461732362514,0.2948376543837339,1.103788327212339,0.08266073316698547,3.598693960358331,0.3286236100696458,0.3839999999999577,0.3839999999999577,2.025584886094395,0.13599999999996726,0.7759999999999536,0.9961054716975923,-1.7224375099624298,-0.7187241612518185,-0.03789039607075223,0.007828469620761822,-16.53819743678895,0.9726117409270306,521,416.064,416.84
0.03138167477505835,0.031999995189497414,0.35703865871455986,6.023712554711583,1.11426702775672,1.0423827064763196,0.27085176445640363,0.265189535698709,1.1058594066712377,0.08441603770187976,3.477312873075027,0.31399023050075175,0.30400000000003047,0.30400000000003047,2.0310882160636794,0.14400000000000546,0.7840000000000487,0.9965319694103366,-1.6467717905573318,-0.7288730152905921,-0.05894461676285058,0.04265077828275193,-2.1359709678605925,0.9511162092634204,522,416.84,417.624
0.035560974818332036,0.03999999995227631,0.32279485019941206,5.2555543034311,1.3935558498354654,1.2118085898490254,0.27964141928566477,0.2924211566356314,1.3634502453126571,0.07503809634678553,3.29231067129845,0.2991632991257822,0.37599999999997635,0.37599999999997635,1.9485854573018457,0.13599999999996726,0.7679999999999723,0.9959916670413297,-1.4971128687043826,-0.6745171784252045,-0.06990552203274558,0.04895370770272065,-1.7957312365052926,0.908125145936201,523,417.624,418.392
0.03570606854996792,0.039999991108095885,0.33903627046230617,5.337028944115647,1.3021170015279697,1.0024020487656111,0.27502057835152294,0.2927773023601856,0.7151773033589313,0.07734501886785118,4.200081872865012,0.20472264778883106,0.37599999999997635,0.37599999999997635,1.9365262857070973,0.1279999999999859,0.6960000000000264,0.9949078850471537,-1.3850823443534883,-0.5862138926847013,0.012864561546013986,-0.03952950589491404,3.223710880099066,1.0664714914013729,524,418.392,419.088
0.10797604319694652,0.1119999512839497,0.4322151205680006,7.153763168087394,1.31205545725326,1.0633380759260591,0.24741952080676158,0.25491314477863464,0.9802992695781578,0.09260685487324627,1.6698002331103639,0.32745268474536665,0.47199999999998,0.47199999999998,2.034628140037075,0.21599999999995134,0.8559999999999945,0.996528614287517,-1.6863955047341217,-0.7257740054986919,-0.07248251186971354,0.040738281485186725,-2.2913119080076587,1.0664714914013729,525,419.088,419.944
0.030746546781610488,0.032000002589609826,0.3650261874044517,5.721432127183049,1.2331374717109478,1.136204286418569,0.2948741380805274,0.2831881322435282,1.124769723246053,0.0816960266776537,4.452010540202288,0.3221655771463609,0.3919999999999959,0.3919999999999959,2.0875397730293797,0.14400000000000546,0.7839999999999918,0.9966332235203278,-1.791404844107508,-0.7402984645940567,-0.049415186476048485,0.019950881939383568,-6.148220844364699,1.0791733964753236,526,419.944,420.728
0.035522290218311256,0.039531914729156827,0.3280000300577074,5.704423897971734,1.138537909550261,1.1900084498518586,0.2612598103453975,0.26322169506531884,1.1474990664180538,0.07722679999908597,4.220571068433648,0.3139464941908734,0.37599999999997635,0.37599999999997635,2.017949694186428,0.13599999999996726,0.7679999999999723,0.9965304393448141,-1.5208618609001414,-0.6945534119866802,-0.05834572031558875,0.0445643590724611,-1.8179194127127165,0.9911760637274212,527,420.728,421.496
0.037328583486641996,0.03999999302886762,0.35119098103604657,7.465429607450412,0.4920747967880093,0.24136272255976518,0.18133536610387194,0.18448472534186103,1.9373521145350543,0.08718932279195407,1.9638565869918043,0.040517613544549275,0.20800000000002683,0.20800000000002683,1.7732183229173006,0.1360000000000241,0.7760000000000105,0.9964839247476458,-0.9061415421719154,-0.5826439383714335,-0.01306814021581606,0.025631629653473566,-1.2209324540203654,1.0273887065584455,528,421.496,422.272
0.02889112971757302,0.03200000335577894,0.365475175521321,5.124614220879378,1.0940452219408545,1.0289264874356847,0.2866035518101285,0.3017035567101353,1.0286751465281028,0.08142927898026657,4.5170565086263235,0.31366100376443323,0.3919999999999959,0.3919999999999959,1.863975703863181,0.1360000000000241,0.7760000000000105,0.9954780785721098,-1.370867103521715,-0.6502671852730866,-0.028363270187303377,0.007721092694680177,-14.084850414421904,1.061586143296007,529,422.272,423.048
0.031774692098903254,0.032000005273636174,0.36001714721376277,5.3930210324216485,1.1049101122375529,1.072855152565916,0.284371482270177,0.2682977688875506,1.135238550496356,0.08327580758817003,4.651103088260047,0.3187708553594229,0.38400000000001455,0.38400000000001455,1.888526130366198,0.1519999999999868,0.7919999999999732,0.996104627390298,-1.4705152223496865,-0.6841587513421545,-0.05441773124268826,0.03398937549396984,-3.040276298073384,1.061586143296007,530,423.048,423.84
0.029757342228489844,0.031999996677657704,0.3259538218251349,4.8130397051051546,1.3386696062779184,0.9921496539916754,0.29407961211416617,0.3008196289994235,1.2685539066501308,0.07187741881792957,2.8133473034105316,0.2880774909050622,0.3760000000000332,0.3760000000000332,1.936647175261848,0.12800000000004275,0.7680000000000291,0.9962373570286894,-1.4228829085775399,-0.654376674667233,-0.04486887161651859,0.024049399929417944,-4.318718916616145,1.006870244515909,531,423.84,424.608
0.030322686483224923,0.03199999881414001,0.345185297900757,5.27344342286302,1.1155429444871379,1.103405274897627,0.28036437585357393,0.2901772489692615,1.0916456358529036,0.0774341213512134,4.517850908657325,0.33134926147266375,0.39999999999997726,0.39999999999997726,1.9596029289791816,0.1360000000000241,0.7679999999999723,0.9960596704051324,-1.4696479210830984,-0.6724289060335662,-0.034501944027393816,0.014912703778129465,-6.932543309244741,1.0713568395067385,532,424.608,425.376
0.030972240030471273,0.03200000505797466,0.3761368555170226,5.366803979112186,1.3635293841412326,1.1049545731660975,0.31211596998054075,0.3141438946174943,1.108952476342653,0.08044489045801086,3.9478416512360197,0.3314118559389327,0.40800000000001546,0.40800000000001546,2.0479303083815097,0.1360000000000241,0.7760000000000105,0.9940621238675094,-1.7426187988809099,-0.7069916804142626,-0.019127283918882593,-0.01394366984558615,10.872397783921059,0.9296206775998108,533,425.376,426.152
0.031379012023450975,0.0320000020915529,0.34703031806600265,4.506050596083272,1.3382787401108736,1.224873481054761,0.29451343169857996,0.30870596317480414,1.0931580356400932,0.07502812296558344,2.41146291899119,0.3424288732858357,0.38400000000001455,0.38400000000001455,1.7400365084263543,0.1279999999999859,0.7760000000000105,0.9952992772030291,-1.204214913651125,-0.6041504754492758,-0.06223319213423082,0.04653185807925714,-1.8415073011391974,0.9296206775998108,534,426.152,426.928
0.031163824161448885,0.031999979060054966,0.31301870678706556,4.091517686680178,1.0409072880910701,1.047872865040883,0.24816050992495517,0.2689889033766447,1.0233748537996412,0.07033748589210834,3.533140829907735,0.22700165133663913,0.35199999999997544,0.35199999999997544,1.4955516997896285,0.12000000000000455,0.7599999999999909,0.993633075600374,-0.789430187961648,-0.5088424967827279,-0.05111635172161068,0.06110885931366568,-0.7644869729456191,0.908125145936201,535,426.928,427.688
0.030370717571820496,0.10400000103192825,0.3514839001491671,4.410140231702341,0.3792667256602583,0.19872222266724354,0.17147641525376467,0.41473592504853896,2.1310756538267874,0.07535612437553446,2.9594241506118717,0.03725750484275851,0.21600000000000819,0.21600000000000819,1.3043170726729287,0.12000000000000455,0.7680000000000291,0.9946262881108575,-0.3609689871824003,-0.3679829936001694,0.0004517666519204145,-0.016222970078794408,1.5058498714039734,1.1260727382868367,536,427.688,428.456
0.03507458816683081,0.04000000333056894,0.34889543405456047,6.023226599491276,1.043894596278437,0.7271893719862318,0.21184509873118168,0.30984421812474294,1.389219476867969,0.09167281838294465,2.1692594918168333,0.1841997591265842,0.19999999999998863,0.19999999999998863,1.6133110220845392,0.1360000000000241,0.7680000000000291,0.9906742381202072,-0.8323882068581987,-0.5401035530233683,-0.04543856941986658,0.06904600976063636,-0.3817289979725973,1.1427439886963975,538,429.224,429.992
0.035912933355370005,0.10400000472819293,0.3199995785040121,3.6224204973499705,0.896235717042581,1.0523816586885248,0.2535914517971064,0.2774255177474191,0.8498038099834726,0.06089411922008632,4.5046783404585735,0.2322683368958154,0.21600000000000819,0.21600000000000819,1.7018506884990396,0.12000000000000455,0.7679999999999723,0.9940081697505058,-0.7381873437540494,-0.4918539127771325,-0.010428846183496862,-0.0016349478606452281,35.94737348146188,1.1974598874764955,539,429.992,430.76
0.02901505454454825,0.03199963511186249,0.34851509755815496,7.664049665998794,0.2120943738776607,0.6347258307449527,0.14727021321262843,0.27224580136957927,0.20700007189756076,0.08062571203768383,2.673949192916018,0.06695197657371865,0.20800000000002683,0.20800000000002683,1.6653898312586424,0.11200000000002319,0.7599999999999909,0.9938855542569809,-0.5700489421388432,-0.46301346583587555,-0.001189508846830974,-0.0361972539785684,0.9831240737225886,1.138835710212105,540,430.76,431.52
0.030003649003633157,0.031999999123541865,0.34659759360574344,5.372619746976806,0.9554226805147747,0.5511957193670147,0.24984100972712694,0.24110443669692855,1.7371389301740183,0.07486339436708309,2.6319122169976388,0.13640892490196713,0.38400000000001455,0.38400000000001455,1.9308058801455301,0.12000000000000455,0.7760000000000105,0.9953351491985736,-1.2946625220020047,-0.6620341087215188,-0.04754123979412161,0.05232094285140483,-1.1041679132482056,1.138835710212105,541,431.52,432.296
0.036027686454817326,0.03999998550719471,0.1654480862325668,5.682701112691782,0.5566034521687677,0.7256966615178474,0.17654683890152786,0.43545508930907856,0.8153596450764975,0.06429150388161466,3.0759667440235274,0.27167563290346547,0.19999999999998863,0.19999999999998863,1.9487070629010668,0.12000000000000455,0.7760000000000105,0.9932785127531181,-0.8384511536878355,-0.5562331091483295,0.0018154694652559326,-0.022398269575025002,1.3379516657039976,1.1984369570975688,542,432.296,433.072
0.03462682630757716,0.03200000105512751,0.3159285884121276,5.711450741942681,0.9240591681935488,0.8774551801314645,0.21648678193790016,0.30893937239744124,1.3222533124447813,0.07107947468356324,2.422209105758263,0.3200276039393999,0.21600000000000819,0.21600000000000819,2.005360650421852,0.12000000000000455,0.7679999999999723,0.9955533809696399,-1.1666592034208587,-0.6407380770780329,-0.03702947845010247,0.06026984024257509,-0.48258449999340747,1.1984369570975688,543,433.072,433.84
0.02918701954568854,0.03200000020750001,0.35038366122440123,5.342118524405941,1.1777291518159516,1.119719957135329,0.28368023573794443,0.30036616381269754,1.0657734063012858,0.0748101285652046,4.426506450456011,0.30753367198328146,0.3839999999999577,0.3839999999999577,2.0610393758014345,0.1279999999999859,0.7679999999999723,0.9957788930905301,-1.5946602259931062,-0.7006811410989402,-0.037480669030288696,0.016312692489621708,-6.4550269824011295,1.2111388621715202,545,434.6,435.368
0.03150171075932605,0.031999880349795264,0.16215915315465984,6.872347144076513,1.2251310591084839,1.3610811035648187,0.16731050980083642,0.36130094983650457,1.3920128478227418,0.06668639678730952,4.793327840197392,0.1960633415098823,0.18400000000002592,0.18400000000002592,2.155417560751035,0.103999999999985,0.7760000000000105,0.9903501287665853,-1.016273106762447,-0.6156671269373912,-0.005839036303128197,-0.021652549319822724,1.866098621482515,1.0215262888320065,546,435.368,436.144
0.0355008730228062,0.03999999065028903,0.33549544809567033,5.411861019684493,1.1476057996674744,1.1023496547774336,0.27533973444412874,0.26166076786292425,1.1243332106528394,0.07781497928759679,4.282646481685238,0.2883896977452308,0.37599999999997635,0.37599999999997635,1.9671716130649017,0.13599999999996726,0.7760000000000105,0.9952895854250854,-1.4946569814268307,-0.6829817951926977,-0.05487165944270622,0.03688168630881366,-2.4939611317277723,1.0215262888320065,547,436.144,436.92
0.030957594943954808,0.03199999607856046,0.3170419614845475,5.517990518928588,1.007466228733042,0.871916489325423,0.21113841629613164,0.3010295155287407,0.9292859631665279,0.07632424991434986,2.130830335316054,0.21901088974504934,0.18399999999996908,0.18399999999996908,1.7546474962722702,0.1279999999999859,0.7599999999999909,0.9950052465490447,-0.9362342156601626,-0.5745293563832333,-0.03496972428228432,0.05130914386104767,-0.7257429004745451,0.9745658801691768,548,436.92,437.68
0.036921514572485666,0.03999999617859534,0.3717625229265524,6.818467671276761,0.5160046550955982,0.2157349832545067,0.18785800766068136,0.19422621959470862,1.9985404847383366,0.08342900110594524,1.5542870782705274,0.031227986715392158,0.19999999999998863,0.19999999999998863,1.796099768417141,0.13599999999996726,0.7760000000000105,0.9957822934242666,-0.9191821460567051,-0.5844259293171999,-0.013985166799191966,0.02874275418175161,-1.010327884721622,0.9784741586534698,549,437.68,438.456
0.03131058529443142,0.03199999815991262,0.35200011976537776,4.9889852980168214,1.0897956024110773,1.268746973332688,0.27364360436483465,0.263636083883397,1.2384956822491542,0.07638580423729725,4.201555311546831,0.3726703534785883,0.3919999999999959,0.3919999999999959,1.8245472875695647,0.1279999999999859,0.7760000000000105,0.9943615676519523,-1.2852546621446541,-0.6397415597255476,-0.07380998916428202,0.06397643598036543,-1.1110634056993818,0.9814053675166889,550,438.456,439.232
0.029217022866763403,0.031999984652880044,0.18328274863053212,5.341141242239191,0.5611566195472657,0.6470604601146612,0.208153796318017,0.5143574530387207,0.7192740614772793,0.07439264132018504,1.8489335873119108,0.4427921474086846,0.20799999999997,0.20799999999997,1.8792341777735855,0.1279999999999859,0.7599999999999909,0.9934406464138291,-0.8813143480897342,-0.5602886900166215,0.004932757474550352,-0.02613599158978651,1.6135342728645856,1.1192332509393244,551,439.232,439.992
0.030531970432095448,0.031999999756028116,0.3280963358336429,4.609445215828696,1.0590626597654318,0.9400093025419498,0.2753133193099649,0.3272850230570055,0.9159521508549341,0.0733913885301362,4.414049568970807,0.24338737606147168,0.3839999999999577,0.3839999999999577,1.7989218047445428,0.1279999999999859,0.7520000000000095,0.9964749984985352,-1.1421885922436246,-0.5863622248979818,-0.012674601577054518,-0.002076416133627911,43.963083947476385,1.1339503621067386,552,439.992,440.744
0.035776413848475616,0.039999989185750255,0.3219653590807927,5.443760909460491,1.2020579893189831,1.0954235930227911,0.26234983289308017,0.2339358957039785,1.1094451734472124,0.07723238703534668,4.274952659599609,0.2504356541120173,0.367999999999995,0.367999999999995,1.864675861247475,0.1279999999999859,0.7279999999999518,0.9953373580469845,-1.3656531018673876,-0.623137048207349,-0.06481140300567954,0.04181122769837219,-2.0150440277263706,1.1339503621067386,553,440.744,441.472
0.03186956874837834,0.0319999903137021,0.36771498824127713,5.967408558325872,1.3353157110364358,1.1102042572620106,0.3023891579026569,0.28171283866019153,1.000908953692515,0.08602179237867878,3.6559982679653498,0.32122262481610714,0.3919999999999959,0.3919999999999959,2.079357718572794,0.15200000000004366,0.7600000000000477,0.9957065793617171,-1.8842844605767581,-0.7213830795960601,-0.02518415397595015,-0.008865685550619192,16.487536622969735,0.8944461712411762,554,441.472,442.232
0.03069586396130421,0.03200000341010563,0.3506424809906463,5.601290079831402,1.0660409489655822,1.1740744962599399,0.25501082193680813,0.28084440309082703,1.22705832529117,0.07828230442883095,4.054670638110751,0.37810123059379214,0.37599999999997635,0.37599999999997635,1.9621772207096553,0.1279999999999859,0.7599999999999909,0.9933233047241553,-1.3789511262965743,-0.6646503241350284,-0.051134019580084705,0.038880421100921936,-2.032412090618164,0.8944461712411762,555,442.232,442.992
0.02930518803160014,0.03199998496643052,0.3280001052087157,4.135697208240243,1.0079596192013889,0.951344633922064,0.2822459282417003,0.2938420932277897,1.0239360700321745,0.07086795715834589,4.470689163521441,0.28135290135122976,0.3839999999999577,0.3839999999999577,1.6507305825189726,0.1279999999999859,0.7520000000000095,0.9960710404912541,-0.9909806448789655,-0.5439100962779025,-0.024167600172376878,0.012232269243629393,-6.938939301885443,0.9071480763151275,556,442.992,443.744
0.02816189516238741,0.03200000325044926,0.3327732076954573,4.623812774194093,1.0553574854088075,0.8853687973911111,0.2848127234939216,0.2666052189557692,1.025193423492816,0.08030847914908593,3.2152487194462807,0.266762134009276,0.37599999999997635,0.37599999999997635,1.6559548923797047,0.1199999999999477,0.7599999999999909,0.9948946400330277,-1.111616176330726,-0.5762068126760902,-0.03653142145078853,0.02435286051297137,-3.548116203583182,0.9159417029047865,557,443.744,444.504
0.02677494847169006,0.03199999795015556,0.36314238569442003,5.0914399854564465,1.124550278154954,0.793335733735912,0.2814312724577313,0.2926775325998033,0.9577322085244442,0.08711136094634736,5.125468006797472,0.1416077079928432,0.39999999999997726,0.39999999999997726,1.664368919921352,0.13599999999996726,0.7679999999999723,0.9939568379524757,-1.207167269146389,-0.6066400993345025,-0.019747387486073794,-0.0015434246520173141,72.3792632671534,1.12411859904469,558,444.504,445.272
0.02874112364085652,0.03189929439735288,0.33600000460095913,4.988142033406271,1.1533145894921089,1.1453791252734296,0.273358792380259,0.35957379787976235,1.425864813523417,0.07916649910410144,3.609015784581683,0.4051022641018593,0.4000000000000341,0.4000000000000341,1.8135637271604497,0.1360000000000241,0.7760000000000105,0.9959775994677754,-1.2351337432935048,-0.6289529109833663,-0.03348987853591287,0.02451719645118532,-3.281055037627765,1.12411859904469,559,445.272,446.048
0.03483164747087555,0.033075472581194615,0.3280001147571799,4.086076361511312,0.9317373013792009,0.9745694407286055,0.27089125353321597,0.2821197753424743,1.1152813039490694,0.0686869181668523,4.386834267432334,0.2898266552527393,0.37599999999997635,0.37599999999997635,1.6181068203792244,0.1279999999999859,0.7760000000000105,0.9953304642003211,-0.9412287503354365,-0.5490659138378687,-0.03901633123611422,0.04191722005553617,-1.4417088079188733,1.0635402825381528,560,446.048,446.824
0.02445697044148312,0.09773823247601358,0.3244975975625741,15.338603943429234,3.0677207886858717,3.0677207886858717,0.28085048909275273,0.2418793053370554,3.4079999999999013,0.18566386162155005,1.8358976713546502,0.6578284337177271,0.19999999999998863,0.19999999999998863,1.533860394342936,0.12000000000000455,0.7679999999999723,0.9974356184044766,-1.6796156846252734,-0.5870468795413848,-0.397143042962249,0.12107227924673408,-1.199104895789618,1.0957835800335682,561,446.824,447.592
0.02982098334926494,0.03199999914158105,0.3539605371023373,4.193654316442046,1.1127008062799313,1.0492227121332365,0.2994842517450957,0.30588133922620414,1.3274804089292012,0.07619646894342737,3.4944107686601096,0.36259717611382236,0.38400000000001455,0.38400000000001455,1.6212051029049326,0.12800000000004275,0.7839999999999918,0.9958125854631533,-1.0604120188337447,-0.5703852116693928,-0.04711306533881822,0.03532400501324696,-2.412296670141384,1.1202103205603968,562,447.592,448.376
0.026937321969124878,0.023999999382154618,0.34126287449524795,3.993302583574593,1.0736452425979817,0.9940894796568721,0.31092775826849034,0.30622336950548873,0.9845562598895026,0.07190708676157309,4.289180633301548,0.26271468211177956,0.38400000000001455,0.38400000000001455,1.6265729182982411,0.12800000000004275,0.7840000000000487,0.9960798858846462,-1.0749336705809571,-0.5715875076912845,-0.033516365483409166,0.02263707877481023,-4.0894635471506,1.1349274317278124,563,448.376,449.16
0.02903915961215867,0.031999958441782446,0.3499715108247324,6.92706357352798,0.4969201251832199,0.2858711560721487,0.18553281037701377,0.19281156492260085,2.1939490095260816,0.07835654763903015,2.228751582670102,0.03602737225930057,0.19999999999998863,0.19999999999998863,1.9544445943117963,0.1199999999999477,0.7679999999999723,0.995743411720398,-1.0301113366177277,-0.6199311910680537,-0.015441330693034532,0.03479295303698045,-0.6382811317665151,1.0352052635270312,564,449.16,449.928
0.027991829918725366,0.10161499599574204,0.32379950160442694,19.233432974256107,3.8466865948512363,3.8466865948512363,0.2926506735590034,0.22259627191066797,3.5040000000000187,0.19103414551836106,2.1306953294915405,0.6301779980919664,0.18400000000002592,0.18400000000002592,1.9233432974256184,0.12000000000000455,0.7680000000000291,0.9975768379324623,-2.7422117020946626,-0.7105831784086907,-0.6832957373633931,0.13903218473935047,-1.5492089251546572,1.1045772066232264,565,449.928,450.696
0.03389790180545903,0.03999999083158535,0.383999920733879,5.928825927897261,1.3247464105710451,1.6101006069430381,0.2772148176360566,0.2873118391577671,1.5184053464911784,0.08139243600395953,4.662776927607227,0.42685136024960796,0.35199999999997544,0.35199999999997544,2.0673066577077632,0.1279999999999859,0.7839999999999918,0.9960152614105896,-1.7350127249324092,-0.7411458524422183,-0.11245407682525402,0.07874336790672379,-1.0463376202565429,1.1818267735393246,566,450.696,451.48
0.02657243446935198,0.03199991815382849,0.34080111336848956,4.461739562010907,2.0830282120844736,2.2787884445347504,0.3743727802957506,0.3773216184469267,2.105246670129639,0.07289354574615357,2.4918199060320734,0.6824137808688554,0.3839999999999577,0.3839999999999577,1.9083090749765308,0.1279999999999859,0.7839999999999918,0.9962383014595784,-1.6847658326387729,-0.6618826291223184,-0.09200603803274748,0.03449118749895774,-4.215065622962971,1.1495834760439096,567,451.48,452.264
0.029927933933067974,0.03199999763210633,0.3324987526663398,4.7069880793977195,1.1719893034711428,1.0365212246737088,0.2900878919211085,0.29721602725047674,1.0046054375629296,0.06978038060622815,4.467742757941733,0.2611100368778766,0.37599999999997635,0.37599999999997635,1.9253692930664883,0.1279999999999859,0.7679999999999723,0.9957161441169643,-1.369373806612795,-0.6460240891309232,-0.02718331074303015,0.007623303060009663,-14.20634405091982,1.090898231928202,568,452.264,453.032
0.02750791464258542,0.03199999956999539,0.35186085024152264,5.703617389606124,1.366440444813463,1.6597703711833458,0.2884905963343255,0.26092232086464423,1.655785915742623,0.08277918282384551,3.0896411017298835,0.5152486584674465,0.3919999999999959,0.3919999999999959,1.990288386554815,0.1279999999999859,0.7760000000000105,0.9951353125514432,-1.6874622903670375,-0.7205649320861434,-0.12028100290540414,0.08548936170225921,-0.9805734570152097,1.0195721495898604,570,453.8,454.576
0.028558192598329226,0.03199121066219598,0.34399998941026444,5.867082584429499,1.1566005524232197,1.2527395813191713,0.2650793506435881,0.29133761268444547,1.2831028420274078,0.08074201522990815,4.308994757887419,0.3703034041334297,0.37599999999997635,0.37599999999997635,2.037483110936321,0.1279999999999859,0.7679999999999723,0.9966932756452886,-1.5744756119490169,-0.7097019061030478,-0.05868860840998848,0.04389092341149027,-1.8950638043731616,1.097737719275714,571,454.576,455.344
0.030504190159769295,0.031999986889978314,0.3254513064647234,4.698014803741903,1.084051018236294,1.0405888945548867,0.28428240573495717,0.2677498742721832,1.1264628714581197,0.07290248566851355,4.207207331535061,0.2964486952382417,0.3919999999999959,0.3919999999999959,1.8334017445313466,0.1279999999999859,0.7680000000000291,0.995729427605176,-1.268474347691288,-0.6238959650885989,-0.04541731156752607,0.03288883525720566,-2.642347097018916,1.0694027002645923,572,455.344,456.112
0.028797203705827487,0.10514944444128409,0.32621476103342517,17.412461608274743,3.4824923216518187,3.482492321649994,0.2929882283418905,0.22472746096072096,3.5040000000000164,0.1923139920380779,2.023918326541421,0.6464558144370459,0.18399999999996908,0.18399999999996908,1.7412461608275336,0.12000000000000455,0.7679999999999723,0.9979619750260853,-2.182474715380883,-0.629086422297142,-0.5299228556813884,0.11573511356235341,-1.6847658023118672,0.9970384814538601,573,456.112,456.88
0.028884418242606614,0.03199997337143628,0.33771930635971054,4.940480651669918,0.9904796475534602,1.0106531695418532,0.26629345097193907,0.2956393816282267,1.081688822442999,0.07907283152459055,4.458685774832783,0.31415262662237925,0.38400000000001455,0.38400000000001455,1.7697272126653452,0.1279999999999859,0.7760000000000105,0.9957932003783155,-1.1576538319655123,-0.6140029630152977,-0.03268141180883266,0.024355286214726716,-3.335964512554627,1.0381364723902506,574,456.88,457.656
0.02626975962849895,0.024765247196859633,0.3360000127226999,4.373999123177302,1.8271093409871857,1.9574119837489519,0.34518517818430194,0.35598504621705995,1.9735022156744937,0.07148255112831207,3.3796901124685745,0.5192798523844274,0.38400000000001455,0.38400000000001455,1.801248738367183,0.12000000000000455,0.7760000000000105,0.9961215820972319,-1.4843177268826302,-0.6384894550817101,-0.1178256461593102,0.06900813779979804,-1.5965112767251743,1.0283657761795186,575,457.656,458.432
0.02811038317957049,0.10179002347262195,0.3421987427105048,17.624993282775424,1.5962626816724836,0.44234565984783925,0.18775623774696756,0.14072980271452565,3.5040000000000187,0.1345721949329676,0.7679999999999724,0.07321809599354141,0.18399999999996908,0.18399999999996908,1.762499328277656,0.12000000000000455,0.7679999999999723,0.9978655957073269,-1.2993533123830665,-0.6752143142066604,-0.15014539921852288,0.13899377923454742,-0.13310864645394357,0.9921531333484943,576,458.432,459.2
0.026980312887467058,0.10079106943517997,0.3154769778568186,18.788925722774263,3.757785144557474,3.757785144557474,0.2964224088533206,0.19577886835396352,3.312000000000125,0.19187048916082464,1.6773843673981983,0.7289956455009993,0.21600000000000819,0.21600000000000819,1.8788925722787373,0.12000000000000455,0.7680000000000291,0.9973018205216494,-2.714576564069974,-0.7017962234016918,-0.7435230464746585,0.15750019744650656,-1.3427383362172174,1.0117555926212745,577,459.2,459.968
0.02900022992955366,0.03199999903533782,0.34631987596887875,6.433219267199147,1.0055178177410218,0.6653953233053389,0.21486575285847834,0.3109276928788919,1.1747091694016787,0.085426638172453,2.309084270966303,0.15749457699312128,0.20799999999997,0.20799999999997,1.8490014356099955,0.1279999999999859,0.7760000000000105,0.9959565409539507,-1.1199424371266222,-0.6366369373405074,-0.03409185578849544,0.044325451862674045,-1.0604705709004063,1.0381364723902504,578,459.968,460.744
0.02914212562382163,0.03199995172360586,0.34124839313558747,6.240964142988295,0.3999586192658307,0.2856961013577656,0.17395241211550322,0.18465540656810614,1.5962799941082186,0.07441638846715583,4.333151939606106,0.031155279148591262,0.19999999999998863,0.19999999999998863,1.7681327873643897,0.1199999999999477,0.7599999999999909,0.9960675208993948,-0.7694921001510036,-0.5343035640382308,-0.008611322917991564,0.015210813302974632,-1.8918917958313286,1.0293428458005922,579,460.744,461.504
0.03435220591565133,0.03200000326183063,0.3413207531339891,5.248916928670748,1.5746856243348832,1.349067527460671,0.29689421141830846,0.34292654198686945,1.3894173013374935,0.07578943393778592,3.369896833891541,0.3127876568593067,0.3919999999999959,0.3919999999999959,2.0034617098034984,0.1279999999999859,0.7839999999999918,0.9957876335162761,-1.6425650151553088,-0.7066177117998723,-0.07882799964614473,0.052013737381180446,-1.907126909458479,1.1094625547285923,580,461.504,462.288
0.028107607402340293,0.03199996783933612,0.18476343671948997,5.642589781179189,0.6958852448777002,0.8098248280701272,0.18948747548069117,0.4401894296478166,0.9344766919064726,0.06780236621363375,2.9004047505345323,0.2997090219085224,0.18399999999996908,0.18399999999996908,1.9593637441369163,0.12000000000000455,0.7599999999999909,0.9919965850110073,-0.904178728666053,-0.5742608749319691,0.00044378889266668176,-0.008476771214599164,3.5003572906585894,0.9628410447162989,581,462.288,463.048
0.029017801419362103,0.031999843496373956,0.3329683754709747,7.228061607788848,0.5663561970535554,0.376266062841603,0.16895429009731475,0.22901967760764758,1.83286823154392,0.0769847255676597,2.244096532897489,0.042111402145752985,0.19200000000000728,0.19200000000000728,1.9129688794816542,0.12000000000000455,0.7439999999999714,0.9965579373110892,-0.8893755388576048,-0.5695639595238359,-0.01513972720012952,0.03458321718232618,-0.4654117215213006,0.9628410447162989,582,463.048,463.792
0.03658962503084457,0.032000001787150206,0.3285171687108322,5.9054077014888415,0.9426563887425939,0.716530391215105,0.21699318562869946,0.27825622153432467,1.1798869405887122,0.07999132026210383,2.872355549483344,0.17251000033492586,0.20800000000002683,0.20800000000002683,1.808414337200621,0.12800000000004275,0.7680000000000291,0.9950292014747695,-1.0661204278357612,-0.6097945413942442,-0.03630654056629461,0.04656602388379305,-1.0122910853236173,1.177918495055032,583,463.792,464.56
0.02631844651715502,0.03199998804879396,0.33413644202337217,4.943722668726381,0.8750841490381281,0.8911352757983431,0.23941983932948663,0.25962064849329436,0.9468985046688422,0.07554106031021787,2.594281844128414,0.27980937935564976,0.2799999999999727,0.2799999999999727,1.7266776451305865,0.12000000000000455,0.7760000000000105,0.9957270781483718,-1.0003621644410436,-0.5912370080648074,-0.04147138285957486,0.05505482333273751,-0.8056918522957451,1.2091847229293737,585,465.336,466.112
0.030487265120077767,0.03199999676452507,0.34268460274188517,7.213657217303507,0.40644082506485435,0.2853577173997921,0.16945187536665787,0.17359447245463003,1.6394077720023272,0.0795169044146618,3.0772991507391025,0.03664523496816212,0.19999999999998863,0.19999999999998863,1.8236153452316264,0.12000000000000455,0.7599999999999909,0.9954477679905991,-0.8373540709643036,-0.5588599013201443,-0.011776763722405128,0.028290210259814,-0.706779495342546,0.9716346713059572,586,466.112,466.872
0.035869700717346874,0.03200000151146666,0.3314675940682569,5.29602216993323,0.9896591267276938,0.7428666282557123,0.23081501310274866,0.27986623079177775,2.635852529556735,0.07586986420794531,2.877960376269148,0.2604616389902451,0.22399999999998954,0.22399999999998954,1.7841470818694685,0.1279999999999859,0.7839999999999918,0.9941553133598579,-1.0593265401376273,-0.6107283396310731,-0.06200450291526352,0.09072924902982643,-0.2635733142467647,1.0410676812534703,587,466.872,467.656
0.02281234034075729,0.02399999976846686,0.34072125043442986,4.90551024206658,1.426108364916109,1.122144313459309,0.2946794952967963,0.31114320743234947,1.311678422984809,0.07562666248583932,2.3007501665628114,0.3387660543493181,0.38400000000001455,0.38400000000001455,1.8951845179692295,0.12000000000000455,0.7760000000000105,0.9959903216156306,-1.4253671823731107,-0.6670298314628371,-0.07273750474521291,0.05446721199951392,-1.6396755091631712,1.0928523711703486,588,467.656,468.432
0.029842223411518144,0.03199996111030223,0.17622236630984892,5.649466591457735,0.5444835708875676,0.7251673004497119,0.19314848401460694,0.44787847522233065,0.8227833536428006,0.07099109276719677,1.9466074853963131,0.4190916769728766,0.19999999999998863,0.19999999999998863,1.9318428106841063,0.1279999999999859,0.7760000000000105,0.9944651377003225,-0.8892783234810396,-0.5753133658085617,0.0011473976001376857,-0.00954984776198688,3.062278213507631,1.024457497695226,589,468.432,469.208
0.03396380889532157,0.10390042059236139,0.34775084019997227,19.294625530823712,1.3684929100830614,0.3946334248926039,0.17275003834439742,0.12340728465408483,3.263999999999896,0.12483132123976962,0.7519999999999528,0.05520203024160178,0.20799999999997,0.20799999999997,1.9294625531012384,0.1279999999999859,0.7519999999999527,0.9972116817561637,-1.3872355201854631,-0.6988700216696455,-0.12449666882945229,0.1307937283497253,-0.07256105206109517,1.024457497695226,590,469.208,469.96
0.021801655171606177,0.10352896480273154,0.339252179818396,20.692442054829932,4.138488410965992,4.138488410965992,0.2702344317209419,0.29147195646469176,2.400000000000204,0.1851075361426456,1.380485808024166,0.7085360594486,0.38400000000001455,0.38400000000001455,2.0692442054829963,0.12800000000004275,0.7840000000000487,0.9981129459218525,-2.6533631082678437,-0.7884201348876373,-0.4544191628140922,0.11674306278126492,-1.489869320974394,1.029342845800592,591,469.96,470.744
0.026591979105982773,0.03112816189660138,0.3359999932581045,5.389949560334067,1.3019320198679287,1.102302959369526,0.28749691864532123,0.2819916238295413,1.4089007918438898,0.07774497070749883,3.21096142834736,0.32400618849533497,0.37599999999997635,0.37599999999997635,2.0008925690787276,0.1279999999999859,0.7839999999999918,0.9960267928492957,-1.6111734125951582,-0.7164896370184706,-0.07303798751432268,0.05187966287632935,-1.8230739475972937,1.0166409407266408,592,470.744,471.528
0.03115294978097553,0.03199999967933578,0.3301701605343043,6.788399478275014,0.902525812383312,0.8191936247745532,0.2162554828379367,0.31785136050141466,0.8333702755879419,0.08441238921761386,3.3437981318942374,0.20094472200858837,0.19999999999998863,0.19999999999998863,2.0393554105054714,0.13599999999996726,0.7759999999999536,0.9960367008806885,-1.2908985069815624,-0.6806904405457194,-0.018117021600002288,0.01656313405185825,-3.8411094492275013,0.9550244877477133,593,471.528,472.304
0.029744345656490978,0.03200000086194302,0.3447401164526996,5.382084276071048,1.3642722070779338,1.1382191698330952,0.2939493105772865,0.3049278131824004,1.424949637549005,0.07496438112741396,2.703791689341244,0.38538581086946677,0.39200000000005275,0.39200000000005275,2.1127520823035453,0.1360000000000241,0.7760000000000105,0.9964737857271823,-1.7161071260651157,-0.72413245052684,-0.05711939990974727,0.03183933579674861,-3.334839629194967,0.9667493232005915,594,472.304,473.08
0.029487761960931978,0.10502769070636434,0.3488621209293876,20.937214478633074,4.187442895735615,4.187442895735615,0.25896478969545317,0.32157355052527786,2.400000000000204,0.17769295810571029,1.3683463293383036,0.7089085944079675,0.3919999999999959,0.3919999999999959,2.093721447867808,0.14400000000000546,0.79200000000003,0.9981888805536475,-2.691002706937567,-0.8214774007991,-0.41889670265806006,0.12594874274809786,-1.1830874652036678,0.9608869054741526,595,473.08,473.872
0.03581517390609267,0.03999999400107014,0.3425070178788086,6.280742334021941,1.3557603255672084,1.3179478042526875,0.27634030265273807,0.28439798587530907,1.2380492288387714,0.08342061519607305,3.6161990299628792,0.34269375385428463,0.3839999999999577,0.3839999999999577,2.1392281346311375,0.13599999999996726,0.7839999999999918,0.9963448834925918,-1.8791755124152243,-0.7682667781564574,-0.07194619071479143,0.042817347960554954,-2.447826386235643,0.8836984054093717,596,473.872,474.656
0.0339726207442985,0.11427975771476837,0.32792861949718327,20.283471880666344,4.05669437613647,4.056694376136468,0.2820199948964491,0.2508245915107253,3.4560000000001305,0.18925513972556074,1.6548414657737722,0.7229918214045675,0.20799999999997,0.20799999999997,2.0283471880682353,0.13599999999996726,0.7839999999999918,0.9980726231278515,-2.743626083500147,-0.743533185495078,-0.5685237066835283,0.11924827418454792,-1.700441649015752,0.8729506395775665,597,474.656,475.44
0.030473279654079758,0.031999974165110745,0.3630835198910553,5.624497268260888,1.0864529407943506,1.1387413353891465,0.27127097617322965,0.2901970726785926,1.2033991295903301,0.08436321578434075,4.513184647699275,0.3549136474406686,0.3919999999999959,0.3919999999999959,1.9235262498952497,0.1360000000000241,0.79200000000003,0.9956031094852362,-1.4471939482268796,-0.6907950988313409,-0.052900986746827444,0.03792338776698649,-2.4111181330380433,1.0010078267894695,598,475.44,476.232
0.02945726224964501,0.032000001809654746,0.3588666982990584,5.711358445725404,1.097549535539544,1.1353796723260574,0.2767050677285942,0.2841467933185781,1.2269187858476103,0.08368058447945696,4.273115037413616,0.3682588290148905,0.3839999999999577,0.3839999999999577,1.99531581150327,0.13599999999996726,0.7999999999999545,0.996087277408951,-1.5698156664415808,-0.7232991228178905,-0.053466740449704495,0.036820647106996125,-2.645933522840208,0.9716346713059574,599,476.232,477.032
0.02836821468597638,0.03199999409267992,0.33821794569744723,6.0181512236951855,1.166546773558607,1.3516950901508222,0.2564735799643633,0.3017242404970543,1.2722946118766945,0.08458247554885458,4.489077412288941,0.37375969043724283,0.3760000000000332,0.3760000000000332,1.9717291696853882,0.1360000000000241,0.7839999999999918,0.9964890999966984,-1.478058415206221,-0.7063013086739902,-0.06424025020783136,0.055538780641306885,-1.35248050325936,0.980428297895616,600,477.032,477.816
0.029339052731097975,0.03199999630383556,0.3197358329113477,6.080264242285375,1.025293538687557,1.0364218751069196,0.2334710948145148,0.22147847167342968,1.0470102536876023,0.0825705994306952,3.0374504950664702,0.25574494625188543,0.28000000000002956,0.28000000000002956,1.8604952181616923,0.12800000000004275,0.7680000000000291,0.9965479005344641,-1.2737348527542767,-0.6609157837900763,-0.07459834415085567,0.08365031764968023,-0.546343993618289,1.0137097318634212,601,477.816,478.584
0.03643851343434659,0.03999996671069576,0.3598358263504858,5.344801129231803,1.1396058227287638,1.1476578514540303,0.28495888281321813,0.27588905203709185,1.1823444205518334,0.07944702775543126,4.439888239650605,0.3491611092633637,0.39999999999997726,0.39999999999997726,1.9470943945613879,0.14400000000000546,0.7839999999999918,0.9967156856995736,-1.5164188070817708,-0.6843789303893426,-0.04973218125484945,0.026315797281936556,-3.970362661354015,1.021526288832006,602,478.584,479.368
0.03486646257231422,0.039999991709302636,0.34162182583714945,5.830905697319364,2.0558178738946533,2.1273016328771126,0.30871629963427394,0.303925746897599,1.6830913253102207,0.08567173690675142,2.049256240483689,0.5133624400465215,0.4159999999999968,0.4159999999999968,1.952667373799552,0.14400000000000546,0.79200000000003,0.9964790931242746,-1.9067207895160445,-0.7489315010130715,-0.19242333663361164,0.11668828306234447,-0.8099114539009487,1.047907168600982,603,479.368,480.16
0.030254190242947756,0.031999998316215306,0.3279549632527542,4.887996552617452,1.0498089811960978,1.067923501885335,0.2664199182810031,0.28191512063086954,1.0802325756884354,0.07374047590211448,4.24836988385805,0.2990240585362991,0.37599999999997635,0.37599999999997635,1.84321314606456,0.1279999999999859,0.7679999999999723,0.9950015991551009,-1.219215146307011,-0.6248891108598221,-0.04191815411229703,0.03396173062016285,-2.304627521959022,0.9989926206960061,604,480.16,480.928
0.030866054188308303,0.03199998926701391,0.3250752687716429,7.643868466009692,0.9373379067970827,0.7396888262271185,0.19652853972563372,0.25836657925243084,1.9343331920062585,0.09727484976385273,3.496044629365648,0.18567071210931363,0.19999999999998863,0.19999999999998863,1.6434914800181633,0.1279999999999859,0.7680000000000291,0.9951829599824549,-0.9527575535458173,-0.5887507790050799,-0.05571564479686032,0.0838171124227754,-0.281934386919173,1.0234804280741527,605,480.928,481.696
0.030963970234474926,0.03200000083924743,0.35846676831514235,4.361135210953357,0.9074417452518699,0.925116786979329,0.27762823020594757,0.3099117144277949,1.140777739391944,0.0774338137652359,4.396466968127674,0.3431277382598299,0.3919999999999959,0.3919999999999959,1.6309718910249171,0.1279999999999859,0.7759999999999536,0.9957440752383465,-0.9923362333862025,-0.5593236314291268,-0.026935564593303773,0.01984142838244794,-3.851188289611588,1.0830816749596166,606,481.696,482.472
0.034518417237279074,0.03200000498246807,0.3437491002513618,4.014904087780929,0.9658608575374849,1.005006116571653,0.2846987112255532,0.30006997805206054,1.003149867487304,0.07223280636115409,4.788759309920193,0.28320254422225216,0.4000000000000341,0.4000000000000341,1.5695456546819015,0.12800000000004275,0.7760000000000105,0.9948325446288315,-0.9384651281427877,-0.5383063937225822,-0.033464886208245566,0.028358146919244015,-2.6177518933223034,1.0996918585178606,607,482.472,483.248
0.035822502997054445,0.03200000269369887,0.3208320222007789,5.583899649641663,0.8611950046626992,0.7921592156183801,0.21045565633334884,0.26652649910333015,0.9719862165951374,0.07545231368135621,3.110688190615337,0.17885559296712245,0.20800000000002683,0.20800000000002683,1.7734196975286365,0.12000000000000455,0.7680000000000291,0.99422554233914,-0.9680266137658273,-0.5857677809179268,-0.0334452841478848,0.04939438247156369,-0.7711292734456402,1.0254345673162992,608,483.248,484.016
0.028901856376761247,0.03199999323632539,0.35000636365455595,6.271621707925383,0.3933090735206313,0.2456778741185745,0.17875683777321705,0.18108582625747704,2.602437020207851,0.07969443732605638,2.64315047203145,0.03207276660099487,0.20799999999997,0.20799999999997,1.691619287365969,0.12000000000000455,0.7599999999999909,0.995490136536451,-0.7374783158373065,-0.523363123135084,-0.011506452413512346,0.03292173640386215,-0.43849205554082654,1.1202103205603973,609,484.016,484.776
0.035864908581564346,0.03999999306736148,0.1687321767100491,4.755768602658462,0.6934289442907615,0.6669815520419993,0.2046958658556855,0.2938730958792528,1.3127028343284326,0.06631305614348028,3.230239943922244,0.22134586634185985,0.21600000000000819,0.21600000000000819,1.697576243106005,0.1279999999999859,0.7760000000000105,0.9949971922168871,-0.784729121983425,-0.5328569301234511,0.00042475669208709736,-0.008773404454336088,4.467299659685656,1.1339503621067386,610,484.776,485.552
0.029832569899124757,0.03199975394550485,0.3406414958163824,4.5224725113542235,1.2975612150482358,1.0068230354441274,0.29834070011950126,0.29251735221571784,1.351262543260938,0.07335720481632395,2.242408526340082,0.3291938252534786,0.3839999999999577,0.3839999999999577,1.7862790314641899,0.12000000000000455,0.7839999999999918,0.9945099463981822,-1.2710676927045164,-0.6269074788005629,-0.06826566515291485,0.05676249588546268,-1.3905818601797368,1.1339503621067386,611,485.552,486.336
0.0245876244750846,0.09399900475555956,0.31908855300752637,16.887994031029294,3.3775988062121267,3.3775988062121325,0.30050154002294976,0.1945004325638547,3.312000000000125,0.19168483131092823,1.8200489458117997,0.708203270031463,0.20799999999997,0.20799999999997,1.6887994031060667,0.11199999999996635,0.7599999999999909,0.9968196202588346,-2.307043802255815,-0.6345112038554067,-0.6136013555955253,0.13547603857584434,-1.5057830545877142,1.0821046053385435,612,486.336,487.096
0.0314016701576907,0.0319999925866895,0.18978164877608814,5.0073483532373215,0.7537352855553666,0.8156866691902278,0.18023690128329176,0.39431456763588774,1.181971200789848,0.06734984366586878,2.9210055744855894,0.2588948242414441,0.19999999999998863,0.19999999999998863,1.6470316872514887,0.12000000000000455,0.7599999999999909,0.9930141938485644,-0.6387106316177764,-0.48255447651655853,-0.0037288488607946915,0.012312799306289424,-1.2383871989685185,1.116302042076105,613,487.096,487.856
0.030110542116248584,0.031999998642572906,0.3453468856571733,3.8186895147612736,2.026312684230719,1.6625423042120122,0.38898225935541836,0.3896298217682671,1.9833507612429335,0.06765107336872755,2.1647438027163375,0.5681947585659363,0.3919999999999959,0.3919999999999959,1.7449543381976307,0.12000000000000455,0.7680000000000291,0.9944572074067873,-1.3328325551213382,-0.5643186609969475,-0.05290007944255484,0.00956265344419249,-14.99127157094509,1.0889440926860554,614,487.856,488.624
0.031079638323369966,0.031999953511143715,0.1802258314367179,5.27312160998293,0.6086863654398158,0.6457613844278189,0.19079582412938065,0.37904206764415443,1.2293084073547604,0.07279980146865767,3.132640358302716,0.3001137352656065,0.19199999999995043,0.19199999999995043,1.7027184887775553,0.12000000000000455,0.7919999999999732,0.9906540047575085,-0.7258824854695702,-0.5261948031097605,-0.0008659100755770073,-0.0005457121924749699,51.42084406669997,1.0430218204956163,615,488.624,489.416
0.023091500128541734,0.02399974706034172,0.34069349634895824,6.920315973999234,0.5061594459739271,0.26867320851499016,0.17801989998928264,0.17528296966052417,2.4717887215335463,0.07992351162755465,1.7585917954061467,0.03313430896725829,0.19200000000000728,0.19200000000000728,1.8386220410218184,0.11200000000002319,0.7680000000000291,0.9947897811224622,-0.8838816789051644,-0.5795679887216008,-0.018781762097607943,0.04757741011054897,-0.32270411901892543,1.0430218204956163,616,489.416,490.184
0.027407835378551685,0.09993271747851355,0.31999999337425306,11.714629115951173,2.3685251269063157,2.611489946267817,0.2850082929259014,0.13958222710119167,3.279034513279895,0.15378975845477685,2.295072281593151,0.6375086869142801,0.20799999999997,0.20799999999997,1.78403765398248,0.1199999999999477,0.7759999999999536,0.9971774379272237,-2.159899735743307,-0.7220571099384953,-0.5934977641984407,0.21574649194972495,-0.4831648220073982,1.1153249724550318,617,490.184,490.96
0.029071258913712497,0.031999982221072136,0.15759231465530119,5.856255599451581,0.8304946057470911,0.6685605293896771,0.18779858773271593,0.26870903808254304,2.2324580822580438,0.06824042115140815,1.8744885830669415,0.2810775565401908,0.19200000000000728,0.19200000000000728,1.8893902452194187,0.12000000000000455,0.7840000000000487,0.9924518184596456,-0.9476262250839601,-0.5981717852468438,-0.013597331683771934,0.05056622499834797,-0.11948765993402106,1.1779184950550319,618,490.96,491.744
0.030712268435956105,0.0319999109590528,0.16843122781995631,6.091642561134421,0.8226341911912672,0.7355401042962194,0.18628393034411495,0.2754138435635651,1.7912039790575789,0.07092773485840294,2.121705074602114,0.2581070306204629,0.19199999999995043,0.19199999999995043,1.8912052231450427,0.1199999999999477,0.7999999999999545,0.9934622086746898,-0.9513266037715801,-0.6060985138234641,-0.011850026174079573,0.04426629098475361,-0.2080799808090846,1.135904501348885,619,491.744,492.544
0.02988781183346372,0.02400006842811207,0.3150429451701685,4.2491550111103304,1.0513269703872656,1.0541200476855386,0.24846893744711604,0.34937556040926293,1.1041957623008998,0.06193505499913634,3.6153838158758576,0.24028335350935626,0.20800000000002683,0.20800000000002683,1.8119682515098385,0.11200000000002319,0.7839999999999918,0.9924086571764953,-0.9740482112985205,-0.5817734078794031,-0.038863664877221295,0.05825285170073743,-0.648774514890658,1.0830816749596168,620,492.544,493.328
0.032108975478387904,0.10634509336586362,0.34504031271815483,17.275119186695697,0.827074926735135,0.2942760444008416,0.15120061324878292,0.05400000000000205,3.360000000000013,0.11039690383920503,0.7760000000000106,0.04280198219136786,0.21600000000000819,0.21600000000000819,1.7275119186695713,0.11200000000002319,0.7760000000000105,0.9962999287931016,-0.9401249654194045,-0.6058915352029083,-0.09169332426947426,0.15003285354748133,0.15552639258228607,1.0762412386726414,621,493.328,494.104
0.03151642196117798,0.03199998767175353,0.18404666902576164,5.374173892608849,0.6254634143036943,0.8122926053130409,0.18523844839735804,0.24184224395491455,1.4375942353014524,0.06861734394518236,2.196446814250762,0.3920428086484627,0.19999999999998863,0.19999999999998863,1.759816413388039,0.12000000000000455,0.8000000000000114,0.9902338074476229,-0.7672524999099564,-0.5430467964472719,-0.015078565567514475,0.06224894926353976,0.05158041635845044,1.110538108950211,622,494.104,494.904
0.02824037869538579,0.03167679988968589,0.17600000420557155,5.3423733521640955,0.9331901179817078,0.9415885444481958,0.1923074936562612,0.2539003372111404,1.9027408990237453,0.06535200420376636,2.8796947240200788,0.25589645641913944,0.20800000000002683,0.20800000000002683,1.806572972988777,0.11200000000002319,0.8000000000000114,0.992896219757094,-0.8843256109623987,-0.5825908729597735,-0.021028842297932684,0.06424313847182721,-0.08646780480005628,1.1329122256343487,623,494.904,495.704
0.02779993682317414,0.024000058485530214,0.3069448168874194,5.304476300286832,1.0678362250192044,1.2151359742895456,0.22349191131733326,0.3020607626733739,1.0781638015218524,0.07024365602746135,4.446523046790483,0.23181351596791347,0.20799999999997,0.20799999999997,1.9131276837051006,0.11199999999996635,0.7839999999999918,0.9917456660600888,-1.0958639861026038,-0.6318206694166943,-0.0544040359823774,0.0790783009767653,-0.3973874127925807,1.0733109787488848,624,495.704,496.488
0.028382720382624,0.03199998253730497,0.3426026479385992,7.502126535010768,0.4411469749637275,0.31395324077170367,0.1675175815610051,0.17324508258488733,1.8992685542447887,0.0801914648123623,2.6591035300954546,0.03387967974871087,0.21600000000000819,0.21600000000000819,1.8971126296432013,0.12000000000000455,0.7839999999999918,0.9943168222105592,-0.8605133796835207,-0.5773220917321906,-0.015170612648448115,0.039443686999587856,-0.3654665493567874,1.1143479028339582,625,496.488,497.272
0.0232491448166918,0.023999981029203803,0.17101686771430594,6.604682333798354,0.7467014680238832,0.7666028888925432,0.19703360704325978,0.2531551640772414,1.7736655405937503,0.07669948873289942,2.8657440983258815,0.3527671800800726,0.19999999999998863,0.19999999999998863,2.003623846045201,0.12000000000000455,0.7839999999999918,0.9946989795710917,-1.136787689424897,-0.6585413267624259,-0.017225831569319665,0.0440581230561661,-0.531642997664055,1.1857350520236172,626,497.272,498.056
0.029600510272453983,0.03199991984809028,0.34169052052700993,5.375171000319619,1.223113177351213,1.108516470864943,0.2915326264664351,0.36499023352760673,0.932697467980011,0.07371178093331235,4.234023884462701,0.25565521205312053,0.3760000000000332,0.3760000000000332,2.2067109048673053,0.12800000000004275,0.7839999999999918,0.9953064936447064,-1.7248139304214105,-0.7363596361437369,-0.018685472556663203,0.0020156613649796036,-51.45081431297046,1.0996918585178606,627,498.056,498.84
0.027626375845183886,0.1044546141265791,0.3391504414491621,19.05571902939079,1.0655194029245236,0.3087378658502239,0.16904053144403994,0.09828749834296922,3.5040000000000187,0.12335344327673939,0.7760000000000106,0.03981590967913844,0.19200000000000728,0.19200000000000728,1.9055719029390819,0.12000000000000455,0.7760000000000105,0.9981016423176694,-1.2669070573332453,-0.6952679620966239,-0.0966173875333741,0.12403628515982007,-0.03195193889123581,0.936460164947323,628,498.84,499.616
0.030337501350842497,0.03199999973777186,0.3460382428466272,5.225749955490111,1.152364064104369,1.0966110972054384,0.28832132815709377,0.340752405958091,1.1027411025478786,0.07473209463874866,4.3706763029562445,0.3422873104410633,0.4000000000000341,0.4000000000000341,2.0839693557831156,0.12800000000004275,0.7839999999999918,0.9952542138011633,-1.579894184672753,-0.7059114595783271,-0.018299866696927746,-0.0012182270902043005,91.75456357876479,0.937437234568396,629,499.616,500.4
0.03122737679326392,0.03199999771814496,0.33959738451412724,6.75517374471723,1.1093673588486792,1.0344784218404255,0.24713135583130333,0.25198750157382055,1.131528346350711,0.08248168867052469,2.948071563710452,0.27956289043404947,0.26400000000001,0.26400000000001,2.193667334116795,0.12800000000004275,0.8000000000000114,0.9959098084081913,-1.7931375401487262,-0.7973890438253558,-0.07612718110166175,0.0756206376058791,-0.8477996420275816,0.937437234568396,630,500.4,501.2
0.029740880671076643,0.03199999938791429,0.332647362448866,5.175193650407339,1.250411398854468,1.0966297648727572,0.2962622949594558,0.308736627647423,1.3111936150042696,0.07528063144627067,3.5609816207946166,0.33944325788666796,0.3760000000000332,0.3760000000000332,2.036611744938025,0.1279999999999859,0.79200000000003,0.9955204524209016,-1.6135382183994937,-0.7140687388399707,-0.04468701240886987,0.025579187120256176,-4.147235847898453,0.9491620700212743,631,501.2,501.992
0.036042116849912854,0.03999998682673073,0.34395523320308447,7.832951173490767,0.26622832424493176,0.4576600902478166,0.159801530708324,0.1667445174483351,0.17705422110404945,0.08105775014483299,3.0091321334875545,0.05269474886981781,0.21600000000000819,0.21600000000000819,1.8282205173869415,0.1279999999999859,0.6879999999999882,0.995919236982961,-0.7767664763437402,-0.5065527934523794,0.005431344610459865,-0.032867262150807625,1.3579827665772979,0.9022627282097617,632,501.992,502.68
0.035543177569192945,0.03999997757761007,0.13175358353284997,5.7361929095921065,1.1756120324057047,2.242385772281989,0.1557616191212289,0.16042740945476527,0.5913526015409309,0.11514786917998816,1.58177232223666,0.04245860921553378,0.2799999999999727,0.2799999999999727,1.6283497341942683,0.21600000000000819,0.8720000000000141,0.9904883360025452,-0.09968017274178351,-0.20953010080550535,-0.21471014557825438,-0.31955033379511155,0.43953832417955063,1.0018298830783268,633,502.68,503.552
0.026528193829581326,0.11731970981674472,0.13802116820544502,15.143317653333703,1.009455271320732,3.0287421893852406,0.1350778929179014,0.17922549586233563,0.823740175278155,0.10161243648448351,15.679999999998728,0.34793394787496806,0.20799999999997,0.20799999999997,1.5143710946929065,0.12000000000000455,0.7839999999999918,0.9948908421477488,-0.5406675202186516,-0.4635218300488965,-0.0005316302606894459,-0.010721326663110377,1.6161531951344756,1.1437210583174704,634,503.552,504.336
0.026745797880115517,0.09417991226414019,0.37983348149678803,15.556336671304019,1.3415272215322507,0.37360136177627423,0.1927631495618615,0.14216014858537035,2.4479999999997513,0.13707978243224453,0.7919999999999733,0.03016769047245244,0.38400000000001455,0.38400000000001455,1.555633667130402,0.12000000000000455,0.7919999999999732,0.9971756366105442,-1.08788273610137,-0.6315191137181675,-0.11234889994308493,0.12013956324936922,-0.17927591806670118,1.1437210583174704,635,504.336,505.128
0.0305400029078582,0.031999894865738086,0.1814752497463264,5.013438959974697,0.7058633578663899,0.7493529584010766,0.18517690619798818,0.3800150616522414,1.315068130204366,0.06726666228258106,2.8119368169954257,0.28652721425022265,0.19999999999998863,0.19999999999998863,1.6856280425247885,0.12000000000000455,0.7760000000000105,0.9934510597490527,-0.6851531589314505,-0.5051524947830803,-0.003576708047062365,0.014290432365258883,-1.0778381199933589,1.1407898494542512,636,505.128,505.904
0.03310891052717991,0.101705535185538,0.3212059486200208,15.828088615710008,3.1656177231417817,3.165617723141955,0.30741734735983023,0.1751862249287256,3.407999999999802,0.19286515603973775,2.28803127214491,0.628137377471113,0.21600000000000819,0.21600000000000819,1.582808861571001,0.12000000000000455,0.7839999999999918,0.9969610309322819,-2.219579413543135,-0.6263174432354539,-0.7242303942143999,0.17843120236910662,-1.0680309104514603,1.1691248684653734,637,505.904,506.688
0.03100410623154126,0.03199930050979937,0.3517119058437997,4.587093764590601,1.1777653374473642,0.8240540814336023,0.2230867338982896,0.44767436680378464,0.41456626924260853,0.06930645517966173,5.948194274637391,0.11142272307265037,0.20800000000002683,0.20800000000002683,1.7015146704887023,0.12000000000000455,0.5919999999999845,0.9922712221216363,-0.7546924163684041,-0.40381276708022257,0.011106837640227052,-0.034164893095401876,1.9222062136798892,1.2492445773933742,638,506.688,507.28
0.03641243389013211,0.039999542861592005,0.7261708562904479,3.7047600969968264,1.0315893503486848,0.8089030995265805,0.18845715717583694,1.1047578816891508,0.3677856209383609,0.052088968372870546,1.3372771471091531,0.2904699409778353,0.7120000000000459,0.7120000000000459,1.6728711332550508,0.12000000000000455,0.9200000000000159,0.9921067100984844,-0.5293575783412213,-0.46756358647885815,-0.0014072602834255495,0.025786706376532766,0.4368464087883748,1.1157083366747753,639,507.28,508.2
0.02993849982313885,0.03199999574017141,0.17111374536291996,6.541502825349605,0.9536361576057976,1.031400018370555,0.19032863717074047,0.2945829596354483,1.4258380392365166,0.06856211408216871,3.182682444051483,0.23044866270885528,0.20800000000002683,0.20800000000002683,2.1308184059773483,0.11200000000002319,0.8160000000000309,0.9950381053576606,-1.2152599740578727,-0.6907770257196215,-0.008690107397897563,0.019764981979270176,-1.3846555633960689,1.0010078267894698,640,508.2,509.016
0.02835420780686211,0.09599999738941735,0.312128884747323,3.6231225262877795,0.8764312924315876,0.8858874337432838,0.22721986341751468,0.3656693621206171,1.0782279177374812,0.060685781359187445,3.404888484800265,0.2460732917176917,0.19999999999998863,0.19999999999998863,1.626424559723083,0.11199999999996635,0.7919999999999732,0.9931425266285885,-0.6179345640494343,-0.4753323732194532,-0.009247604518244011,0.01029701944999099,-3.6143945187596414,1.1114166939707386,641,509.016,509.808
0.035074022314730724,0.03209508549975908,0.3279999958657903,3.1466791239516256,0.6915454005738739,0.44466861309139455,0.24809200229878603,0.2644590874684674,1.1766577980765525,0.04836138295935737,1.891808709706092,0.1977015274734982,0.21600000000000819,0.21600000000000819,1.5749454545885788,0.11200000000002319,0.7839999999999918,0.9934219671871898,-0.6447515723159103,-0.46991022001943467,-0.020213760189028332,0.037008240801706845,-0.9357211352899345,1.118256181318251,642,509.808,510.592
0.030353723809691917,0.03199994238768981,0.17760646845993389,5.142702757111964,0.8883930455417779,0.8944988896252993,0.18429159286403793,0.2834111656889264,1.594269012844762,0.06598427284087532,2.811904379240862,0.2339108857299608,0.20800000000002683,0.20800000000002683,1.6722021662047477,0.11200000000002319,0.79200000000003,0.993094812599634,-0.7335038118038198,-0.527938731027845,-0.01175906396459618,0.03694157912885566,-0.4021334322496014,1.085035814201763,643,510.592,511.384
0.029997023556478125,0.03194586311554755,0.16800000743550972,5.856393101359423,1.006985423396689,1.0514600236024334,0.1883683598302477,0.2524153323726109,1.8643321525781102,0.06379501167205352,2.5544884552993525,0.2944649457336822,0.20799999999997,0.20799999999997,1.9895075599774124,0.11199999999996635,0.79200000000003,0.9918802014682574,-1.046018940714382,-0.6291237140732789,-0.025915845425855427,0.07797094280483904,0.007512108345496315,1.0142964882801795,644,511.384,512.176
0.030275739991703233,0.0319999799281288,0.3366760732014923,5.081145441286572,0.7379334101579945,0.40179584428884085,0.22325433331074937,0.20520975683354944,3.4460524358238493,0.06306475100960811,2.3920683834928282,0.114207899751923,0.21600000000000819,0.21600000000000819,2.015584069122477,0.11199999999996635,0.7919999999999163,0.9933484087838573,-1.1315484282164783,-0.6438540731479458,-0.04119277802877996,0.06838487908240222,-0.42636178899214633,1.0117555926212745,645,512.176,512.968
0.03712200588298914,-0.05600000000004001,0.4704059070688792,5.2575034443841036,3.856682707607199,0.6837665107277744,0.14044540667205854,0.8960000000001854,0.20700000000000796,0.054373223810594166,0.7760000000000674,0.48502810444685046,0.22400000000004638,0.22400000000004638,1.9283413538035996,0.11200000000008004,0.7760000000000673,0.9939876267375607,-0.5249150860791029,-0.4276460039387691,-0.010173953862771784,-0.0781194743048622,0.3480998553375706,1.030214532638355,646,512.968,513.744
0.029049069049459954,0.02400009740321887,0.314342239966162,5.395597454491999,1.0349069859541418,0.9510817775904034,0.22488220475406906,0.2664788112191027,1.4368544281443847,0.07153116178948185,4.097486910584804,0.21200278356774055,0.21600000000000819,0.21600000000000819,1.8909913688918931,0.12000000000000455,0.7679999999999154,0.9928610308259868,-1.119028982129201,-0.6272881395572538,-0.06455296443838038,0.08573815779244416,-0.38738562210654925,1.0664714914013729,647,513.744,514.512
0.030400047439601844,0.03015634382087946,0.17600007964663278,6.304578023519794,0.8753412502215228,0.8498346609660121,0.19700050647503903,0.2557071913511589,1.419448445446078,0.07240256917097618,1.8415405236679145,0.32311712939662585,0.20800000000008367,0.20800000000008367,2.010333200888682,0.12000000000000455,0.7760000000000673,0.993812502448996,-1.127342786037213,-0.646368843724011,-0.020161721959974777,0.05386552376337155,-0.28680734715670364,1.0967606496546414,648,514.512,515.288
0.03077811837644652,0.03124231673674118,0.3440001271250126,4.793549680120407,1.0575254048289615,1.098502437575969,0.289507266873151,0.3085696829253159,1.1399704581354182,0.0706799772654194,4.247939388919391,0.34322133608500016,0.39199999999993906,0.39199999999993906,1.9881992269013327,0.12800000000004275,0.7839999999999918,0.9946386964667886,-1.4101434358788023,-0.6674500492971849,-0.0376725795975638,0.02738246558727317,-3.1406430194535058,1.086012883822836,649,515.288,516.072
0.03573062194740693,0.03999997416638174,0.1722536193261495,5.877618841757022,0.8211278581598837,0.9049675724056687,0.18699938596866,0.4526387371468855,0.9191169709034467,0.06498897272007995,2.9042623266517262,0.2509244684752878,0.20000000000004547,0.20000000000004547,2.0630907849253575,0.12800000000004275,0.7759999999999536,0.9942834757123868,-1.0095106173254627,-0.6092943462610805,0.002395014158407473,-0.027078495048450172,1.4233699624146219,1.0625632129170801,650,516.072,516.848
0.029164936819131664,0.03199999132931202,0.3270530881233649,7.32401222370853,0.5159600669393776,0.3812880003921445,0.17110409430830217,0.1851102740122165,1.7263057635670205,0.07484582617836717,3.3114848620684283,0.047669495224555804,0.21600000000000819,0.21600000000000819,2.0314101599797514,0.12000000000000455,0.7520000000000664,0.9941853592150908,-1.0008546134381129,-0.6065675733684663,-0.017122702200379647,0.03475325510469075,-0.6345205907420767,1.0625632129170801,651,516.848,517.6
0.030937868756144595,0.031999986157008574,0.1839997882191653,5.941419321158086,0.748598077828491,0.6518829027397022,0.20617889353742383,0.453951997395872,1.1437712364351127,0.07480348303544027,2.3821087304575617,0.34773173251885753,0.21600000000000819,0.21600000000000819,2.010941963455178,0.12799999999992906,0.7680000000000291,0.994257989237237,-1.0600990964768404,-0.6185603022910753,0.0023515142938348513,-0.013794698478666585,3.0063933499065074,1.0019848964105427,652,517.6,518.368
0.034188547234293445,0.032000002886984305,0.34246412505391854,5.435991891017694,1.3858842735689516,1.2384855521522344,0.3026380278371589,0.3093527442505413,1.220085676360461,0.07514637843732223,3.7448238807944696,0.34203589059934586,0.38399999999990087,0.38399999999990087,2.1256932437960545,0.13599999999996726,0.7759999999999536,0.9958192692215792,-1.820669387205974,-0.731527996416638,-0.045868687561075316,0.016017196179013666,-7.767916854269541,1.0019848964105427,653,518.368,519.144
0.03539958797166842,0.03969319862618796,0.3360000005948163,5.737696408860857,1.1668903783883222,1.2035053704887044,0.2711822970542095,0.25384653033879706,1.2499290708376793,0.08044305086916592,3.967853657007316,0.3336296106605361,0.38400000000001455,0.38400000000001455,2.0000056943890177,0.12800000000004275,0.7839999999999918,0.9947907503473722,-1.5822928243810217,-0.7119765428384359,-0.0747544128307691,0.05839138957114603,-1.4078069560052444,0.9579556966109329,654,519.144,519.928
0.0263858767555973,0.1075527369601535,0.31616747212229623,20.299165719072626,4.059833143815193,4.059833143815193,0.298858425072298,0.23710126803770218,3.4079999999999013,0.19805834889641116,1.8340870929261888,0.7324636780043181,0.19200000000000728,0.19200000000000728,2.029916571907597,0.12800000000004275,0.7599999999999909,0.997864453404325,-2.7660201160942317,-0.6790166610679689,-0.47093756652326996,0.05008524465779107,-5.284056686960955,0.9071480763151274,655,519.928,520.688
0.03023256850164647,0.03199997737414461,0.35529309861737074,5.5873231188812476,1.24427633423063,1.1052032953579836,0.29125323853246937,0.29530917952661834,1.0313813620216348,0.07868670269968478,4.425383911572571,0.28237082278498055,0.38400000000001455,0.38400000000001455,2.100201314512899,0.13599999999996726,0.7680000000000291,0.9966858926728005,-1.7269408270679016,-0.7180793140297512,-0.03849944223597101,0.012338635043163994,-9.486695621568282,0.9276665383576645,656,520.688,521.456
0.031142986046422638,0.03199997531800167,0.3599441506558963,5.775580583464872,1.327408944272113,1.1312666470468078,0.2993636756617745,0.28153377032046495,1.098826687168907,0.08322583148038168,3.3917740728319217,0.3370335481392558,0.39999999999997726,0.39999999999997726,2.0612814986009784,0.13599999999996726,0.7680000000000291,0.9956654805811225,-1.8143697073272071,-0.7229701864994568,-0.041641409612613325,0.008418275861807174,-15.761940692815944,0.9892219244852745,657,521.456,522.224
0.03482462422242875,0.03999998193348272,0.34541978734649503,6.216485095760133,1.244706117506829,1.2512176902870984,0.27511038413391803,0.28944314779431773,1.0238871456008984,0.08483390934492752,3.743660991370671,0.32977613896985153,0.38399999999990087,0.38399999999990087,2.117317891322902,0.13599999999996726,0.7759999999999536,0.9957098115186731,-1.7829129832660313,-0.7420670869098573,-0.04259991261512271,0.01767313712170034,-6.248366773453046,0.9247353294944448,658,522.224,523.0
0.031593449900340936,0.031999991596968966,0.3227294063380808,6.998432178655498,1.081635002269195,0.8671866791371025,0.22196938286816656,0.3338162996548771,0.8181207258180109,0.08692600484102465,2.4846977716112875,0.20688794381720305,0.20799999999997,0.20799999999997,2.0791482502806455,0.13599999999996726,0.7599999999999909,0.9963197765044982,-1.3862622102617976,-0.6880751091818736,-0.01820825321896271,0.012408916030158994,-5.728424951077631,0.8416233448519082,659,523.0,523.76
0.02901593381568194,0.10428570201815243,0.334724156986402,18.883995041150254,3.776799008466134,3.776799008466134,0.26174491786816445,0.2938107262960194,2.304000000000087,0.1784249597980068,1.3400948801521297,0.7086766469575438,0.37599999999997635,0.37599999999997635,1.8883995042330672,0.13599999999996726,0.7599999999999909,0.9982620571430993,-2.1654610387540187,-0.6862178878207326,-0.3013920585228437,0.06880068216687509,-2.416129819942485,1.0615861432960063,660,523.76,524.52
0.030563228619875593,0.03200000381608158,0.3736830090152938,5.602142041158539,1.2409865327814256,1.074670091166902,0.3012929362926121,0.30819537323170637,0.9908308355420065,0.08566055129794871,3.943561774909694,0.3392959348776862,0.39999999999997726,0.39999999999997726,2.003129473012342,0.13599999999996726,0.7680000000000291,0.9951994510519813,-1.6706556280998857,-0.6906586493169706,-0.008353048117953786,-0.020324332870500103,7.014953555394695,0.9511162092634208,661,524.52,525.288
0.029269689641815994,0.03199999892970503,0.3474128374814458,5.6992243220059295,1.1852858030424862,1.1426054650346853,0.27977992498347065,0.2935997832012794,1.0656023578989957,0.08469037350194794,3.50194999578691,0.3416565065785661,0.38400000000001455,0.38400000000001455,1.959177894651254,0.13599999999996726,0.7680000000000291,0.9965362511815853,-1.5464839199572646,-0.6867656092557812,-0.03894105929569477,0.018051213550070576,-5.777288627662363,0.9511162092634208,662,525.288,526.056
0.03625982569640171,0.03999996001711412,0.3277719044532795,5.297546103502658,1.1766232686716873,1.0444542467175812,0.2748533185872614,0.3099592679157449,1.0018398560472987,0.07744667904709936,3.3212388092686345,0.2992448203207935,0.36799999999993815,0.36799999999993815,1.9573687692643698,0.13599999999996726,0.7599999999999909,0.9964943338820005,-1.4224050152125445,-0.6523910027411094,-0.01988464229639566,0.0008604977809306656,-117.95804056272189,0.8670271549998105,663,526.056,526.816
0.03580845010958671,0.03999995847829034,0.36506318400818644,5.383258782448067,1.303520283920931,1.1202151784822534,0.2937941500411169,0.3055696295201217,0.8939186163803803,0.07997827082121194,4.931652482803576,0.221804425556582,0.39199999999993906,0.39199999999993906,1.9918740882661152,0.13599999999996726,0.7519999999999527,0.9953002007837423,-1.574012914477858,-0.6599148854577664,-0.033047502619310457,0.003981814825641856,-29.13630110705902,0.936460164947323,664,526.816,527.568
0.03502584016275233,0.039999999123997876,0.35865024276464985,5.921165450671658,1.2529473437225387,1.2948667379592858,0.29307585095023375,0.25995690109469016,1.3321269609530577,0.08648494744617007,3.6168855080411886,0.4203790815019907,0.39999999999997726,0.39999999999997726,2.0065797422559752,0.15200000000004366,0.79200000000003,0.9966624522243714,-1.784044844279268,-0.7387262863727848,-0.07167017200576602,0.03808413609679585,-3.021849591972644,0.992153133348494,665,527.568,528.36
0.0342487722804734,0.032000077204488345,0.35004884773197065,6.280787157190214,0.8604971407952628,0.22108069150343165,0.21946128654706634,0.22092159135292014,1.5055504396296084,0.07980371083539473,0.9876882207917806,0.03342836049880171,0.37599999999997635,0.37599999999997635,1.9749104432662894,0.13599999999996726,0.7759999999999536,0.9969214742606991,-1.2452058621313833,-0.6648005720552691,-0.020767428584097847,0.02945693242521604,-1.6622797447917839,0.9178958421469324,666,528.36,529.136
0.030096659491926678,0.031999969330466435,0.3221002054626268,4.703894053102018,1.1338364744307332,0.9410799617361613,0.2814602507466845,0.2824980187917438,1.1619409034319932,0.0764668258133763,3.075134866379207,0.3049818965554499,0.36800000000005184,0.36800000000005184,1.7675179522730418,0.12800000000004275,0.7680000000000291,0.9943032357172814,-1.1928229484383033,-0.6057550553464006,-0.0357153815538251,0.021286789947006293,-4.40478778891097,1.048884238222055,667,529.136,529.904
0.03066172411059363,0.03200000229315899,0.36128258077123077,5.1420969239536936,1.2120506290431632,1.003644472649199,0.302143452420872,0.29854715465192116,1.034445521495747,0.0844620921786452,3.951036207523502,0.29761368002826194,0.37599999999997635,0.37599999999997635,1.8548146846269822,0.14400000000000546,0.7759999999999536,0.9960555831547471,-1.4444500097793933,-0.6495283141225305,-0.02480436375796258,-0.0013561553211704042,93.98953250260404,1.0713568395067383,668,529.904,530.68
0.030207249144276922,0.03200000832899419,0.37269962703724446,5.405381828461744,1.288678333270541,1.1070602780707026,0.3030711326788809,0.31728334188113355,1.275073082547063,0.08338831937912189,4.222090128178405,0.3522940319244363,0.39200000000005275,0.39200000000005275,1.967688505128583,0.14400000000000546,0.79200000000003,0.9962424091823043,-1.6439960720077804,-0.7086541314422136,-0.03552620787131393,0.005378577699456468,-24.939832353455788,1.0713568395067383,669,530.68,531.472
0.03599427158692537,0.03999999823895196,0.35023529274237675,5.672118261141879,1.0933774209785274,1.1819633290550873,0.2734410031945021,0.26429849338262873,1.2522708901251072,0.08234071924368357,4.330928786227856,0.36781366339403476,0.39200000000005275,0.39200000000005275,1.9653177729938367,0.14400000000000546,0.8000000000000682,0.9967951957171542,-1.5387348214114742,-0.7120667340461551,-0.06253131576137076,0.04685365142908897,-1.9058229897069037,1.0117555926212747,670,531.472,532.272
0.031046610349970895,0.03199999957841205,0.3239310142107192,4.825417613225446,1.122157865940865,1.1752498625586458,0.27567405352815993,0.260714772225529,1.154196032017791,0.07502383170531848,4.2297853014318045,0.30495849816301746,0.37599999999997635,0.37599999999997635,1.7925396958342632,0.12799999999992906,0.7759999999999536,0.9959394870166778,-1.2409945830586706,-0.6280557290011475,-0.06498181526988821,0.05643782958655327,-1.333288490209812,0.9423225826737619,671,532.272,533.048
0.034541111070903255,0.03200006564409412,0.3278699079198848,4.643394994114332,1.4633559357207293,1.3779704104579396,0.2906520571834825,0.3132786373303244,1.4225643117178481,0.07643736523434368,2.7925746042809076,0.3547657724991902,0.37599999999997635,0.37599999999997635,1.6999893410655071,0.13599999999996726,0.7839999999999918,0.9960610375550684,-1.2323993534434987,-0.6163005899321538,-0.0907596169113705,0.07676139405916169,-0.9506476790322933,1.0498613078431283,672,533.048,533.832
0.02967646591939338,0.031714515572492136,0.3520000579474342,4.944250753105877,1.1648558491094714,1.0708310348816543,0.28664398542811137,0.30780821685618326,1.329407984706471,0.08107701106419037,3.4302204274603367,0.34972624428358917,0.41600000000005366,0.41600000000005366,1.7784268615842909,0.12800000000004275,0.79200000000003,0.9955347311380166,-1.2928571916425193,-0.643547701122977,-0.05274870832211939,0.040038547941232905,-2.1913713754397306,1.1153249724550318,673,533.832,534.624
0.031013390681106562,0.031999979110936216,0.3446843614307474,6.1732085876849965,1.0210123899388215,0.7374544084323316,0.23568246628302422,0.28814233806049705,1.2400627271870486,0.08640019020516174,2.4223095889465984,0.22407884915937878,0.21600000000000819,0.21600000000000819,1.8732023100279513,0.12799999999992906,0.79200000000003,0.9952516050187038,-1.2643701154973417,-0.6710320440017599,-0.04571420977012067,0.05355992147660279,-1.0316996221904835,1.0889440926860554,674,534.624,535.416
0.02544503932866219,0.10128625791613512,0.3260941726402062,18.1190646531458,3.6238150952610337,3.6238004213629806,0.31594383286042654,0.23720895253100444,2.7839999999984006,0.2031262311506863,9.944032783911172,0.494000452543783,0.18399999999996908,0.18399999999996908,1.8119075477361308,0.11999999999989086,0.6479999999999109,0.9976828134194541,-1.6432708005154149,-0.3290839841222342,0.26713476404569814,-0.21094415088189608,1.67909578200049,1.165216589981081,675,535.416,536.064
0.12000000000000453,0.10388772744145783,0.2430797133368193,4.759173849621329,1.1754771774801922,3.4371905349746417,0.6239999999997163,0.07800000000000593,0.21900000000002254,0.09809437563868165,0.8960000000001387,0.5477197417151368,0.3120000000000118,0.3120000000000118,1.718595267487321,0.2400000000000091,0.8960000000000719,0.9922049414998597,-2.0674192993424754,-0.41849383137180507,-0.11737503559299067,-0.09091691305170324,5.19675810735765,1.1554458937703487,676,536.064,536.96
0.02942151849530864,0.03200000413016311,0.35620001092884374,5.2361216408269415,1.0482554003121904,1.0675024118992202,0.27626436685581385,0.27579523489548813,1.2061245286314934,0.07879668912911911,4.19370737909177,0.3545816646733135,0.37599999999997635,0.37599999999997635,1.8877419218133422,0.12799999999992906,0.7839999999999918,0.995441890505053,-1.3984366734809577,-0.6727700263634502,-0.049561655675306154,0.035639857815825585,-2.5079775117038516,1.1554458937703487,677,536.96,537.744
0.02779870599035766,0.10076777738244339,0.340795927231002,19.76168276302121,3.9523365526665377,1.019628212597549,0.2443744126267425,0.2044883622391153,3.4079999999999013,0.16621165783127603,0.7679999999999155,0.19182584746304318,0.1999999999999318,0.1999999999999318,1.97616827633327,0.12000000000000455,0.7679999999999154,0.9980404552686926,-2.428366347881756,-0.791979701561643,-0.5359981155043969,0.1993444792249885,-0.4984951494098925,0.9081251459362009,678,537.744,538.512
0.030184047664001665,0.024000906662334814,0.3109400721336298,5.627255525022053,0.22343978271728004,0.3764819597143981,0.1470410242027753,0.15304868542024427,0.4811883977507634,0.061246317377305674,3.3830254534491138,0.0379815611469122,0.16800000000000637,0.16800000000000637,1.731485119180217,0.10400000000004184,0.7600000000001046,0.992635232012983,-0.5582167249831135,-0.44716300691652483,-0.0052219819591315325,-0.004432349875258968,3.872660219180045,1.1818267735393246,679,538.512,539.272
0.025228091312310335,0.09624803903048558,0.3405655096443392,15.736498843936563,3.1472997687873123,3.1472997687873123,0.30570006187655396,0.19072113451497988,3.4560000000001305,0.1944866678165098,2.2026609284642444,0.6395620200777448,0.20799999999997,0.20799999999997,1.5736498843936564,0.11199999999996635,0.7839999999999918,0.995791849252865,-2.1076758682535868,-0.628254269835721,-0.6801780256925232,0.17016565910749437,-1.1153972822222977,1.1818267735393246,680,539.272,540.056
0.02044621385796273,0.09814975221576235,0.33434701389709653,14.531941319818142,2.99294090804423,2.9929409260213737,0.370950854081421,0.1769779056851272,2.4959999999996394,0.22399999651288624,5.736617004009952,0.5197463951014756,0.35199999999997544,0.35199999999997544,1.496470463010687,0.11199999999996635,0.7679999999999154,0.9946287617789238,-1.8362258196262653,-0.44167832779650007,-0.3656413929840152,0.004356865640232275,-75.93127497870601,1.1867121216446905,681,540.056,540.824
0.028931195164362607,0.024000061505822446,0.3261952104993463,4.948640505636754,0.47313816725874447,0.34123092760056434,0.15272847246665083,0.26431985917283884,2.047521135003076,0.05877820914445274,2.5251049134100474,0.02825771412244877,0.3280000000000882,0.3280000000000882,1.632650858295945,0.11200000000008004,0.7520000000000664,0.9930275344630417,-0.5094151812321356,-0.42571476853769324,-0.009245444448731302,0.02497533738025937,-0.4085569791151524,1.0312969850427385,682,540.824,541.576
0.028307535907485103,0.0242253738512282,0.3360000188211718,3.5288680574518705,0.8460936393942748,0.7738596979322974,0.26162205871369576,0.2550761233250498,1.1087816812577942,0.058539706565225426,3.0825736518753106,0.2329913961813935,0.37599999999997635,0.37599999999997635,1.5611035316615587,0.11199999999996635,0.7680000000000291,0.9910598046164164,-0.762888638659512,-0.5017892241878134,-0.04525260435222833,0.0643784069009523,-0.5773942415601241,1.2130930014136665,683,541.576,542.344
0.029715046741171067,0.1040000243277288,0.357429811582728,3.940878208666849,0.35683415339518876,0.2641914524757647,0.16683828001827214,0.33333774191062293,0.989696015680932,0.059662340437961106,2.3093969896201805,0.04215936907882294,0.2159999999998945,0.2159999999998945,1.4998949818922023,0.11199999999996635,0.7519999999999527,0.9919341015077627,-0.39154067345938026,-0.37472190377238307,-0.001635486580162257,-0.0060915091710578295,2.5752420390840114,1.1681477988442999,684,542.344,543.096
0.0362612038575253,0.03199999960042794,0.33438534864356584,3.5633294565552607,0.4915313619370308,0.3343530038164843,0.17552876654478503,0.2694742200074105,1.6382963856185204,0.05053566211151883,2.50433885055615,0.03623613173810814,0.34400000000005093,0.34400000000005093,1.4814572116836346,0.11199999999996635,0.73599999999999,0.9931180360992198,-0.43514814663605206,-0.3852237979597119,-0.008265765698849858,0.017937295935810362,-0.9648182053471441,1.1681477988442999,685,543.096,543.832
0.03573177624148792,0.03999997706844687,0.11557141906577843,2.359146652921659,0.18548059059490668,2.9446616931863803,0.4319999833991461,0.7480449637240284,0.20099999999997922,0.05137528553406128,1.753022596645524,0.3556294296342742,0.21600000000000819,0.21600000000000819,1.4796138886127912,0.12000000000000455,0.7519999999999527,0.9908103054247516,-0.6385026557529572,-0.3659013251893596,-0.048682115484862384,0.013138494792119305,-6.837342255433832,1.2737323847715203,686,543.832,544.584
0.029418594321889226,0.02400008068430413,0.3440305693869221,3.4188780008941353,0.9365055595986654,0.9367008750549605,0.25379675915924804,0.3543896456281656,1.0051864660273253,0.05902574384960824,3.6503999194329855,0.2680849109396919,0.38400000000001455,0.38400000000001455,1.51689453848548,0.11200000000008004,0.7520000000000664,0.9909666340859355,-0.6741580721133361,-0.4664950238714281,-0.030368297318790982,0.03992540389963753,-1.1217592750972583,1.38121004308957,687,544.584,545.336
0.02722253985963646,0.02400006827812282,0.3509728063085661,4.240511308477768,0.3292141762701716,0.23372790606262228,0.18108876019155656,0.18266682543506169,1.4175943940611302,0.056020025777761585,3.588960455334709,0.03064785705464323,0.20799999999997,0.20799999999997,1.6818916136437883,0.10400000000004184,0.73599999999999,0.9942205951168154,-0.5872306378438077,-0.4528581368104585,-0.007339359806445203,0.01938154670126951,-0.9571329547042201,1.2130930014136663,688,545.336,546.072
0.030499110582902837,0.03199998959417622,0.3355553226249419,5.417485851968742,0.39766796036081886,0.2894766696694445,0.1476985599470647,0.14985261664325292,1.50235355386663,0.06077650717505657,2.8875728040994737,0.029775786403698618,0.34400000000005093,0.34400000000005093,1.6363835404898799,0.11199999999996635,0.7279999999999518,0.9919294612337585,-0.5299480782943202,-0.4287322880528997,-0.01323119753330206,0.03317068363306575,-0.4492855206488855,1.2277490457297637,689,546.072,546.8
0.029163450604833805,0.024000035359777648,0.3221648838653624,4.0191117574003705,0.9220135867427515,0.9692934455400226,0.21226881081641405,0.3186973155655201,1.2027646593021668,0.05819641192730165,3.681984133547888,0.2571510797949603,0.36800000000005184,0.36800000000005184,1.6315825468203395,0.11200000000008004,0.7440000000000282,0.9911390029471099,-0.6925442108649889,-0.4868594476930499,-0.04184937816889404,0.07134258271537511,-0.2781307445471845,1.3304024227937643,690,546.8,547.544
0.02903751028824341,0.03199997385305646,0.36650452302111797,6.497998454477501,0.8348409366247338,0.263260047119864,0.18603174722253404,0.17477469975473406,3.2051912482440676,0.07231746868850726,0.8874184756204676,0.030232864007886648,0.21600000000000819,0.21600000000000819,1.9614992453951319,0.11199999999996635,0.7520000000000664,0.9926833613413995,-1.0417215052289224,-0.6141832747191099,-0.04376059089178074,0.08733452920300074,-0.07346178308498348,1.172056077328593,691,547.544,548.296
0.02758698915055649,0.09599998181906852,0.33795536497000517,3.9546330606781575,0.8724230398908646,0.5656945113055879,0.23190994982542837,0.38434990669662317,1.0705670813000527,0.050881107928203446,3.6803661424390457,0.11915475531271337,0.20799999999997,0.20799999999997,2.027488650094414,0.10399999999992815,0.73599999999999,0.993889360185738,-0.8765807091895147,-0.5356271314136573,0.003807975217906846,-0.02826021807223218,2.080009519473275,1.0215262888320065,692,548.296,549.032
0.035169665992070116,0.032000015540623254,0.34157869589980183,5.618073233269472,0.544851071361667,0.3604253280680989,0.16587436409786158,0.32244390397341255,1.2468406090024824,0.06128842864519393,2.3679461574523404,0.03458911517108814,0.20799999999997,0.20799999999997,1.9411515351182203,0.12000000000000455,0.73599999999999,0.993214457456319,-0.7543911338602826,-0.5136499922950831,-0.006573182451972971,0.0071300825926140215,-3.238080512840547,1.0215262888320065,693,549.032,549.768
0.03604151429763304,0.03200002591554875,0.3265135185709046,4.853265452738287,1.17120858357302,0.7682573743308716,0.23583284303058763,0.35983706763036166,2.3159847403373957,0.060571457797151305,3.933709998010792,0.1785341936395141,0.20799999999997,0.20799999999997,2.043975903886996,0.12000000000000455,0.7519999999999527,0.9932042259991777,-1.173205609890839,-0.620493308968358,-0.039542806768975536,0.04514357097282026,-1.1137444438946635,1.0596320040538605,694,549.768,550.52
0.03145287500789426,0.03199997664689783,0.18529953193075469,7.204185801283334,0.8791786086389232,0.6515401807595628,0.19793407022506754,0.2776420580147475,1.0634306631628276,0.07822754234574467,1.129187765661746,0.42382766163537094,0.20000000000004547,0.20000000000004547,2.2003139692665674,0.12800000000004275,0.7680000000000291,0.9925433896167948,-1.3203051944621764,-0.6942582096201662,-0.01224693931892568,0.021117806374474475,-1.9651888821921923,1.1349274317278122,695,550.52,551.288
0.029232118240490844,0.02651604128537631,0.3440000048405051,6.051029034271715,0.9129822672051122,0.488150001659235,0.2144654298861797,0.3425349454986485,1.2063656763177506,0.07792193851830526,2.011615191544625,0.1462912936283542,0.20799999999997,0.20799999999997,1.947450239226036,0.12800000000004275,0.7680000000000291,0.9956703097259479,-1.1348698029558781,-0.6369818170239666,-0.016827726823622238,0.020981356925858723,-2.424491958514526,1.095783580033568,696,551.288,552.056
0.02887855930530549,0.10399990460880268,0.3257049864429406,5.98610562452603,0.7667317275291684,0.5074941674283752,0.22288832058381866,0.16297450871287433,1.1933709370511947,0.08168354840805517,2.756671768084714,0.11158843565488102,0.1999999999999318,0.1999999999999318,1.9949657623756052,0.12000000000000455,0.7599999999999909,0.9960948198307111,-1.1289984078425304,-0.6246772135060679,-0.01818953697144968,0.006839128287422294,-8.963539418969168,1.0117555926212747,697,552.056,552.816
0.030414047070673012,0.031999991746983855,0.31770675014005917,6.954391941422392,1.212376044045653,0.9945943186143796,0.2188255244183177,0.2678107020615436,1.3360500668957551,0.08327968726577371,3.162439338109885,0.1895486080540889,0.20799999999997,0.20799999999997,2.03773019730463,0.12799999999992906,0.7679999999999154,0.9948780509867639,-1.4208737999267669,-0.7076139639669291,-0.07233389191184869,0.07911132880488048,-0.6071032404195308,0.9794512282745427,698,552.816,553.584
0.029942108307260077,0.031999995626374046,0.1761018980884761,6.413188596191203,0.701750914709722,0.7950100061975229,0.1993644539208832,0.43946522363132284,0.7773679607203936,0.07505484526501387,1.888509963100701,0.37644012191275045,0.20800000000008367,0.20800000000008367,2.1107511334226494,0.12800000000004275,0.7760000000000673,0.9952865043600556,-1.1378319657554457,-0.6492626004678896,0.004339026196732256,-0.021267228804260723,2.1664565824724638,1.0068702445159086,699,553.584,554.36
0.02972887659655858,0.03199995745928578,0.3435596167840878,5.9061898146191165,1.2742403030927882,1.1686952398851345,0.2812814479123357,0.29183552567576626,1.07586595788644,0.0771228844060547,4.3009294858001486,0.3033114680313975,0.38400000000001455,0.38400000000001455,2.2069259756128616,0.12800000000004275,0.7759999999999536,0.9961007077655826,-1.8699794060806947,-0.766364991710935,-0.04184423094858684,0.015156068466980309,-7.944098455267948,1.0068702445159086,700,554.36,555.136
0.031753176729770315,0.0319999966803327,0.3369541999557359,5.141764433623066,1.3588609563204206,1.0244109693485075,0.2974496855208183,0.305255226332591,0.9984466808458302,0.076231005497396,3.4950070892887117,0.24977377428512534,0.38400000000001455,0.38400000000001455,1.994666783117013,0.12800000000004275,0.7599999999999909,0.9943875811944496,-1.5519022079029856,-0.6675441878407593,-0.021609064348610575,-0.004927540840213743,26.209441919981916,0.9667493232005915,701,555.136,555.896
0.03021048152558161,0.03199999739786474,0.3279503292195985,7.467697604326602,1.0779652346145898,0.7516989003853695,0.20231276336325404,0.2988393157356329,0.6369730907587092,0.08783446188958896,3.6623196253870494,0.11356742331984605,0.20000000000004547,0.20000000000004547,1.9417827758448587,0.12800000000004275,0.6720000000000255,0.9962711416388506,-1.185953627624075,-0.5850769027860622,0.002649142087315447,-0.02312954883417818,3.6953266533424793,1.0312969850427387,702,555.896,556.568
0.04715748641964032,0.047999980322304396,0.38408098871051927,6.099297183327374,1.372099611006315,1.1179781791635253,0.2978040635121185,0.29083117338086706,0.9472592294623587,0.08780226887014658,4.163127076743445,0.2905749614523939,0.40800000000001546,0.40800000000001546,2.0926571046256033,0.16800000000000637,0.7680000000000291,0.9962459502667984,-1.8593611991332635,-0.7044173365591668,-0.010244360715197902,-0.02735843959225708,5.818443019805463,0.9638181143373719,703,556.568,557.336
0.034820876429631845,0.03999999273458432,0.33716040888897947,5.267188296073773,1.4597296650596092,1.2572482521161445,0.28851426725773754,0.32984620072992654,1.186388647664291,0.07562306280989954,4.202045501870575,0.2940616326400691,0.38400000000001455,0.38400000000001455,1.9968192087217256,0.12800000000004275,0.7440000000000282,0.9960221062514101,-1.5462956490874171,-0.6562479039490093,-0.03477095006246289,0.004987818574258201,-23.160866731484184,0.9638181143373719,704,557.336,558.08
0.028491399655687078,0.03199997506560017,0.31939353848532986,6.309726618692186,0.7091696980989817,0.5927050892697924,0.18624756343477783,0.2389976875817987,0.8913803867618384,0.0766236556566283,3.3688551461371854,0.09785839824397474,0.17599999999993088,0.17599999999993088,1.7924597110032727,0.12000000000000455,0.7279999999999518,0.9963234977966228,-0.8923152054467208,-0.5574867267421499,-0.017948887481980005,0.02285279015117731,-1.7338626460752484,0.8152424650829319,705,558.08,558.808
0.03439531747294755,0.03999983255482657,0.339894003577704,4.290794095373078,1.1090578127801087,1.0557556248825466,0.2769980024394004,0.2770404353073299,1.32201967686526,0.07696534255396222,3.523797830095782,0.3284064274733402,0.39200000000005275,0.39200000000005275,1.5533949112725471,0.12800000000004275,0.7440000000000282,0.994434251312529,-0.9440927160905208,-0.5206292349057893,-0.05195275115058309,0.04090095551085774,-1.724399510875294,1.06256321291708,706,558.808,559.552
0.03426359112523984,0.032000003247929634,0.3446103958849467,3.8861232866189526,1.0762722160156506,0.9165529208526824,0.29623412759724804,0.3080721443119136,1.2028882818349165,0.07082492673220571,3.2132825790168074,0.31691110253467114,0.39999999999997726,0.39999999999997726,1.5584986703059345,0.12799999999992906,0.7599999999999909,0.9955464651480442,-0.9431608381131954,-0.521872086294654,-0.03250361841172724,0.02115610242972192,-3.904671988454567,1.0908982319282017,707,559.552,560.312
0.03032812380224557,0.03199997200055105,0.3438238176406036,5.612354224217815,1.1540563409274904,1.1642938836597143,0.25740983279702223,0.30635890081076667,1.1803339747921493,0.09234508918094254,4.536050939669875,0.31087474821575367,0.37599999999997635,0.37599999999997635,1.6991627492001733,0.15200000000004366,0.7519999999999527,0.9942656396798462,-1.1262821948515829,-0.5850441855639316,-0.049973355987353356,0.03760699880283892,-2.069400553217555,1.0332511242848847,708,560.312,561.064
0.030112525078406897,0.02400013926559353,0.34970881792873637,7.967151850452836,0.5959098967756267,0.3027793583635632,0.1726194781929294,0.23985832143679237,1.470210143860668,0.08679017066107807,1.3310934956846743,0.04094863904307225,0.20000000000004547,0.20000000000004547,1.8136884129677726,0.12800000000004275,0.7680000000000291,0.9963019905190676,-0.8910568128695523,-0.5809233925739515,-0.014722781071881942,0.03911445611870059,-0.3818505406515511,1.0078473141369817,709,561.064,561.832
0.031162531799466785,0.0319999914795918,0.339951832665793,5.004444083958567,1.1465675742113217,1.1987393660868517,0.2845099966261269,0.2681620810974127,1.160673879434591,0.07757384271520554,4.377465301352333,0.31221546308047476,0.39200000000005275,0.39200000000005275,1.8597698692093616,0.12800000000004275,0.79200000000003,0.9947578632496756,-1.369835407904651,-0.6642062109953161,-0.07036482667714512,0.05795759816273808,-1.4245730694533454,0.9853136460009818,711,562.608,563.4
0.029269117911002094,0.03199998100119221,0.32770084139167244,5.611454632594919,0.963473855376429,0.7730164914543903,0.2286372558069212,0.27514517551146667,0.960940975477955,0.08168500580623886,2.217762588650974,0.1983136503000645,0.19200000000000728,0.19200000000000728,1.7754259757518984,0.12800000000004275,0.7839999999999918,0.9953279539475646,-1.05739448205047,-0.615792393295569,-0.03795757647075309,0.05097014325823282,-0.9109575345184477,0.9862907156220551,712,563.4,564.184
0.02824863174218269,0.03199999623550763,0.3238258457111185,4.41924227272852,0.9464753894670458,0.8464951794192683,0.2683103197972723,0.2901220849750035,1.0108226190436302,0.07459628106740895,4.0141576214600265,0.22389869549468336,0.35199999999997544,0.35199999999997544,1.6753740042044016,0.12800000000004275,0.79200000000003,0.9941636937625664,-1.0077143269437527,-0.5843250563858696,-0.026252471769247065,0.022959543015019453,-3.2851685961737935,1.0381364723902506,713,564.184,564.976
0.03034617014219649,0.032000002896645924,0.3642629409858835,5.243027624235174,1.0837512155852969,1.0428264868244257,0.2917871727916786,0.2793117354067222,1.2180610226715778,0.08410799246075025,4.325004057642467,0.34405783931041917,0.39200000000005275,0.39200000000005275,1.8607944413074724,0.13599999999996726,0.8079999999999927,0.9961815972268654,-1.4503951447726877,-0.6880430425835574,-0.051845333969725564,0.034031295246691,-3.0269090214505097,1.166193659602154,714,564.976,565.784
0.030561018000786953,0.031999997814315735,0.3462481202042518,4.960802105539242,1.4436016927916602,1.4292957628726701,0.31191956601895215,0.31941986103248254,1.4689805477117939,0.08099601457083641,3.016195615042141,0.4147275906475409,0.39999999999997726,0.39999999999997726,1.8655619292108843,0.13599999999996726,0.8160000000000309,0.9957162339225912,-1.5147271946193772,-0.6947408028702359,-0.08985353147680172,0.06647603463237389,-1.445869198530324,1.0596320040538605,715,565.784,566.6
0.02845351898609257,0.03199999737858647,0.32471902652639084,5.706129320520098,1.0064336148237933,1.027414319610239,0.22326337429303023,0.30378708635885693,0.922500565541627,0.07973311818435035,4.310334037781915,0.1906128123244226,0.19200000000000728,0.19200000000000728,1.8065844595241953,0.12000000000000455,0.7839999999999918,0.9945024063757099,-1.073493089116861,-0.6246055125264722,-0.035843456913937026,0.04186726716946831,-1.3037709147200964,1.0195721495898602,716,566.6,567.384
0.03550301467697084,0.040000001240568815,0.3608371100153103,4.9572127630886,1.1492719655192376,1.2518649764927563,0.2840329036319563,0.28774297826417433,1.0921399572322095,0.07781967967918024,4.8826800851078875,0.321703801167183,0.40800000000001546,0.40800000000001546,1.8441309986290917,0.13599999999996726,0.79200000000003,0.9953355823019737,-1.3325716246476798,-0.6507705015234112,-0.0587562783897175,0.04079847563563269,-2.245725393762937,1.1192332509393241,717,567.384,568.176
0.02930126782307467,0.03199999157462182,0.21679961967513445,5.9659313884779035,0.5924261510911796,0.6487114396639767,0.19081298976052102,0.4723235552893271,0.9513259275501197,0.07600183479350918,1.5929791672992395,0.493659470635974,0.1999999999999318,0.1999999999999318,1.9015817193785152,0.12799999999992906,0.7759999999999536,0.9939734273418827,-0.8668681582756199,-0.5700982941034767,-0.0003117329261345522,-0.0025030742986167933,10.978723211971344,1.0938294407914215,718,568.176,568.952
0.034493990562456514,0.03407041378529308,0.3440000316398705,8.074705352189307,0.7704912495882015,0.630482977785778,0.1800632226351508,0.33443353793193564,1.1687089850077599,0.08782761655147801,3.6086467742172887,0.1748648601857645,0.20000000000004547,0.20000000000004547,1.8968118452113685,0.12800000000004275,0.7680000000000291,0.9961183867842033,-1.0195381441461002,-0.616208789047926,-0.02101385283896981,0.036141654930083686,-0.9024398902466032,1.0938294407914215,719,568.952,569.72
0.035190216885587794,0.032000101448770336,0.32561735661352786,5.712472706053226,1.1374723553954968,0.8288607201320196,0.22584502188656533,0.27670379056501726,1.751656826770951,0.0744978938496538,4.1512719082550085,0.142326247217093,0.21600000000000819,0.21600000000000819,1.8808969037556231,0.12799999999992906,0.7519999999999527,0.9951074485456386,-1.1951152401583975,-0.6312769012997407,-0.057075487825171356,0.06053455804528429,-0.8547897085247667,1.0645173521592266,720,569.72,570.472
0.031162725003065377,0.032000001819360524,0.34444478717033267,6.490563259828662,1.0440097566722448,1.0061061798653943,0.1925655255803823,0.2161225744577227,2.9059106143399065,0.07551269550493245,1.3690416128388747,0.42666734238638104,0.19200000000000728,0.19200000000000728,1.881392904835924,0.12000000000000455,0.73599999999999,0.99473155742649,-1.0534830029201394,-0.6050313607135164,-0.09493875860314893,0.16838287972579544,0.1904051488810414,1.2407082859308431,721,570.472,571.208
0.030252205067008136,0.03199998953816919,0.34921199364503447,5.5257801444680466,1.298943839027823,0.8852208766148624,0.31922044215992984,0.3141701880108641,0.6685815914476502,0.08608677618239424,4.169143594998764,0.22766205604770956,0.38400000000001455,0.38400000000001455,2.0155171182102123,0.14400000000000546,0.73599999999999,0.9957834422711211,-1.7202149162227383,-0.6503811012301681,0.05925608833545097,-0.07820135856353104,2.233765063973497,1.535709176921766,722,571.208,571.944
0.018206467861192385,0.0640000048670403,0.33655102703367656,3.1530004323150704,0.8498325352414046,0.6060621734276268,0.3026706019111016,0.3075589129815317,0.8850877948674779,0.07505282584095845,2.8102950882411886,0.29355424754213383,0.36800000000005184,0.36800000000005184,1.2955384270248749,0.12800000000004275,0.7119999999999891,0.9930552926835287,-0.5943311927878118,-0.39469204008087183,0.012613165110934911,-0.03948214082532847,2.194667298359577,0.7869074460718097,724,572.664,573.376
0.02869947841529657,0.03199999978632433,0.34400750753559184,4.309894566967137,1.0243560195906403,0.8109414866882513,0.2964836538702671,0.29251233065947135,0.8173506209821784,0.08071575268914484,3.6329985926503414,0.26629272775730817,0.37599999999997635,0.37599999999997635,1.5885498461480436,0.12800000000004275,0.7280000000000655,0.9955411660857786,-1.0012896820387895,-0.513158155416397,0.002297572342530194,-0.023864230565587723,4.564444944023788,0.690116486734248,725,573.376,574.104
0.02723748777126143,0.03199991441749511,0.351501609819352,4.187521152570746,1.0023894633758816,0.685469559231126,0.29735254953093776,0.2744602341732377,0.7676738766979903,0.08184420773935504,4.279394663596386,0.25164355642527986,0.38400000000001455,0.38400000000001455,1.4752857160696267,0.12000000000000455,0.6719999999999118,0.9950846949004967,-0.8867459724694309,-0.43948436569088367,0.02418708267191775,-0.04801347874325752,2.354051073066744,0.715520296882151,726,574.104,574.776
0.07416370237876423,0.16251462958274338,0.40537638257423503,16.38941554458072,3.27788311590638,3.27788311590638,0.27645772878088243,0.33076551047234687,2.1599999999993993,0.19140733272665333,1.4695278839045454,0.7199999999997998,0.44800000000009277,0.44800000000009277,1.6389415579531903,0.18400000000008276,0.8079999999999927,0.9826213475036389,-1.4581190334549223,-0.4979681457257131,-0.07272668203859241,-0.05774905908896431,3.8081737477382274,0.9462308611580545,727,574.776,575.584
0.02974275873798974,0.031999991988185164,0.33502186531439504,3.6122327233785576,0.8085038358931883,0.7242429007362161,0.2759101508944017,0.3019314590916191,0.9165776790362049,0.07550527870497407,4.399761111631017,0.23983383063796243,0.37600000000009004,0.37600000000009004,1.3706967425889007,0.12800000000004275,0.7520000000000664,0.994295273874199,-0.6838871329547243,-0.45321951078823985,-0.012605917599587062,0.005522215866148117,-12.542225642779849,0.9462308611580545,728,575.584,576.336
0.03061481575879458,0.03199995271320435,0.48992014407365925,3.673725053006149,0.44147047110268495,0.21940543648350486,0.18972390666586392,0.8490787286025303,0.10505148841478125,0.06937056945952551,1.3059749282158866,0.01400000224196454,0.4800000000000182,0.4800000000000182,1.3116320882201031,0.12800000000004275,0.7599999999999909,0.9943497780171977,-0.3719809465017704,-0.36754468246564415,0.000736405892130857,-0.024697718918124875,0.967307063638014,1.162285381117861,729,576.336,577.096
0.030066464237664053,0.031999999945187006,0.3515583108373157,4.726576519291843,1.1929006806979157,1.1228277340650215,0.3077447476178227,0.31377599579299387,1.2727227449257308,0.07644977575346774,3.6274068356372235,0.38814675473779986,0.39200000000005275,0.39200000000005275,1.8602868647427888,0.12800000000004275,0.7759999999999536,0.9947367510045542,-1.3925841666233878,-0.6397545496615671,-0.033880710975077,0.012311114147722926,-8.841472887277229,1.162285381117861,730,577.096,577.872
0.029563595756114294,0.03192539544555516,0.34400000672839476,5.032262289741035,1.2164511651869752,1.1411871670358469,0.2974424638053532,0.3066934783386624,1.2549273708588862,0.07802986866079549,3.4278295937096095,0.37972793397042076,0.38400000000001455,0.38400000000001455,1.926411832296627,0.12800000000004275,0.7839999999999918,0.9950608732607195,-1.4756815855364591,-0.6737382820740129,-0.040638955752065664,0.019827929418868125,-5.4352584535840025,1.18964333050791,731,577.872,578.656
0.029334530549387963,0.03200000115449693,0.33266912834871765,5.632023340174182,1.048398554414213,1.0038883715055251,0.2438419465099046,0.25215571548219534,0.9225323809955647,0.07526486780177463,3.245255289092309,0.21884210064209453,0.2560000000000855,0.2560000000000855,1.9694104849600815,0.12800000000004275,0.7760000000000673,0.9962051153688984,-1.3501544392256204,-0.6810040624982164,-0.057000398772049696,0.05855153956825377,-1.0472131682566908,1.1847579824025438,732,578.656,579.432
0.02923867226710441,0.10818393161800718,0.32614356529662325,19.270981326485828,3.8541962653933814,3.8541962653932598,0.2784216697744832,0.24320262772102608,3.4079999999999013,0.18690056273748729,1.6759000851883568,0.6807903332041462,0.20799999999997,0.20799999999997,1.9270981326967074,0.12799999999992906,0.7759999999999536,0.9981019647553304,-2.472210547502117,-0.7149199208415536,-0.5952938124419307,0.15076744474593956,-1.123578775130271,1.0694027002645925,733,579.432,580.208
0.034555914865251176,0.03200000508788811,0.3331220105929333,5.999585859866328,1.0430930853972633,0.8864750411947009,0.22755158127950842,0.33629245194329127,1.0586392781080294,0.07721178976115765,3.123479685900513,0.19019524426778175,0.22400000000004638,0.22400000000004638,2.0048295321008958,0.12800000000004275,0.79200000000003,0.9956344147608356,-1.2929983809220522,-0.6831043299384789,-0.03382623039945598,0.043640021413864354,-1.138701262538547,1.134927431727812,734,580.208,581.0
0.02955713178929796,0.02972459929858655,0.3439999886349949,6.391555913237994,1.0909283679457875,1.200594016487313,0.25565597883813945,0.24145631238401552,1.0355101463840883,0.08609371089551146,3.448929022933462,0.31419046664403,0.3039999999999736,0.3039999999999736,2.005538638049851,0.12800000000004275,0.79200000000003,0.9959091103898847,-1.6224204181059978,-0.7452991286632804,-0.08215738687554491,0.07637860266344838,-0.8978161903433027,1.0957835800335682,735,581.0,581.792
0.035344002009886896,0.10400000304682988,0.33614809249626854,5.614284458985064,0.9727162340396256,0.7210538511100208,0.22066397692585962,0.28642150216017676,1.4724566558496524,0.07944622074527262,2.3953868438897405,0.21305763542880227,0.20799999999997,0.20799999999997,1.910091810630397,0.12799999999992906,0.7919999999999163,0.9956932524437377,-1.0175055694392403,-0.6089822149835199,-0.022873168985001132,0.02466423732915678,-1.801214486683285,1.0498613078431291,736,581.792,582.584
0.03820053256007878,0.03999998798788189,0.34918283261074673,7.291869301804822,0.5371872870672924,0.31316169411684136,0.17427654880112498,0.17299131827793893,2.812695776948491,0.07769576149428675,2.238837845572488,0.034041109639068895,0.21600000000000819,0.21600000000000819,1.9329661980169464,0.12800000000004275,0.7840000000001055,0.9949135572445501,-0.9753585565810813,-0.6079089651774279,-0.021513498172772656,0.04681875013156862,-0.4190372229062621,1.0195721495898604,737,582.584,583.368
0.03888587390571134,0.039999988653155544,0.34400000178299844,4.885726725960656,1.2127901308292564,0.9711211715166866,0.23493000143215587,0.3374677660495304,0.731803531348794,0.06731150960684107,3.4664889189408425,0.2044216506916399,0.2159999999998945,0.2159999999998945,1.875094993777376,0.12799999999992906,0.6479999999999109,0.9940650009328826,-1.0074724894081744,-0.49653644419297394,-0.010409616281891519,-0.009962367417120808,7.451040166420721,1.35971451142596,738,583.368,584.016
0.14000000000004317,0.1218899252341142,1.3621139922545749,8.576729509752075,4.339080431065123,0.5848826995922969,0.5407611295564494,0.13402805817568897,0.34000068763992863,0.10717916498718556,0.9200043081459183,0.4196359206911211,0.5360000000000582,0.5360000000000582,2.1696004224398533,0.2800000000000864,0.9200000000000728,0.9606604432476956,-5.80374846712528,-0.7637403852902623,-0.9765287685808448,0.06904805180810554,-8.776025119469423,1.35971451142596,739,584.016,584.936
0.030781311787625342,0.03199999950961641,0.33340278647415383,4.006204068868465,0.9783387672298294,0.8393653473395367,0.2937379744787057,0.3045060165895407,1.2864391804329345,0.07790343489673897,3.383517945017113,0.32999695387159095,0.38400000000001455,0.38400000000001455,1.5274533760007298,0.12799999999992906,0.7919999999999163,0.9948108532064325,-0.921446804948346,-0.5389993505461389,-0.028305947320894535,0.021464841172024452,-3.824102933514771,1.1964828178554223,740,584.936,585.728
0.028844480319632944,0.03199996712288558,0.341996459912331,5.513077938700782,0.3320728410054165,0.20847135918361573,0.17487290797965713,0.18236206392065327,1.6343130973139601,0.08379194007286468,2.4027016827643766,0.03973420570606176,0.20000000000004547,0.20000000000004547,1.3431980778428363,0.12000000000000455,0.7760000000000673,0.9949878017589895,-0.48237471563063483,-0.42974214310952963,-0.006855892453163671,0.021080752023888403,-0.8446970123466017,1.0166409407266406,741,585.728,586.504
0.03076100851780033,0.031999999785691506,0.3489005572551959,3.660473102983667,0.7343784235058699,0.7734592515882434,0.2747873282340616,0.3156728365852275,1.1165650653945187,0.07936819076684098,4.5112462837288465,0.3335949920662575,0.39199999999993906,0.39199999999993906,1.3578897883626353,0.12799999999992906,0.7999999999999545,0.9952369369385325,-0.6759858143485672,-0.4761006154067631,-0.018716056232941102,0.020466471035570897,-2.9618841521720025,0.9931302029695674,742,586.504,587.304
