t0,t1,t2,a0,a1,a2,b0,b1,b2,c0,c1,c2,dicnotch,winSys,maxAmpl,sysTime,duration,R2_of_fit,Es,As,Ed,Ad,td,fd,pulse_index,start_time,end_time
0.044256696219884616,0.04799999587412726,0.40800021564624306,5.940820479608984,1.519138081286982,1.6215413089357131,0.3309722880549996,0.33102592326152536,1.83049519509506,0.10900695865347505,4.985571694945744,0.4314731207563023,0.46399999999999997,0.46399999999999997,1.803033690534713,0.19199999999999995,0.9359999999999999,0.9928009290333791,-1.799823854325237,-0.8117542955522118,-0.16370678153698665,0.1156329897580189,-1.0010429283610904,1.06172975759744,0,1.0,1.936
0.05228951600617779,0.055999971414774946,0.42399998934439537,5.140500581176044,1.1907061734665074,1.0523481611671757,0.3318602200659812,0.3257912017421874,1.1182192781395,0.10026035849173262,5.871116709938917,0.29893811339147836,0.45599999999999996,0.45599999999999996,1.7586470990318464,0.20000000000000018,0.8959999999999999,0.9921993080040193,-1.467206744819223,-0.6951479514813836,-0.032189854238061325,-0.0018850164438338167,87.4565913898836,1.1045772066232264,1,1.936,2.832
0.06225897378624408,0.06399997064306487,0.439564789638168,5.881798589940247,1.2090840646848586,1.2625404656046955,0.3205631910248409,0.3033878991574983,1.4595773637343867,0.10940197918373178,5.934759487757201,0.39345909726901585,0.504,0.504,1.7850623713397251,0.20800000000000018,0.9359999999999999,0.993421976851856,-1.6326615902230672,-0.7599674248924112,-0.0903535728221398,0.05242099420462467,-2.6933692511678617,1.1045772066232264,2,2.832,3.768
0.05109595698664947,0.05599997326558458,0.44563479188844773,5.755459999189742,1.225831186521132,1.644450241206599,0.3278665022611096,0.34836164320910123,1.5919240566994393,0.10481424796789696,5.636612324929187,0.5417126388869012,0.38400000000000034,0.38400000000000034,1.8885755528740777,0.20800000000000018,0.96,0.9920006846275164,-1.7596646693932596,-0.8214389523171641,-0.09816396239886936,0.06939652568845103,-1.8242998591130466,1.1045772066232264,3,3.768,4.728
0.0534105937644112,0.055999978420887254,0.44301847562900143,5.597218085542867,1.4339684918840716,1.4545376020772314,0.35262024392927716,0.38730606965341074,1.8111555840090712,0.10622874183863916,5.029780887555134,0.4810847606010579,0.5120000000000005,0.5120000000000005,1.9078909821095436,0.20000000000000018,0.992,0.9934611321079465,-1.8947215289769312,-0.8545428696643664,-0.09893792795269929,0.05683157650550406,-2.939166534603998,1.0449759597377628,4,4.728,5.72
0.05935596087615302,0.06400000302253096,0.4373995383254793,5.830624989688479,1.218505021674446,1.2199045055573445,0.3380657235322011,0.3143151644655734,1.4679968308514595,0.10718333869607588,6.003148877347319,0.3709689248777876,0.5040000000000004,0.5040000000000004,1.915292717842529,0.2160000000000002,0.992,0.9933618234416394,-1.8773321716336004,-0.8558983173352682,-0.09210836289090248,0.057818752621508616,-2.674657762838687,0.9892219244852746,5,5.72,6.712
0.051907202204488245,0.0560000090212541,0.43402389141986025,4.871743430552096,1.1170366717010651,1.2297801950319345,0.35351921879424364,0.35973032126965576,1.334562771713321,0.10105103324575389,6.158273121535319,0.3977133292118665,0.5120000000000005,0.5120000000000005,1.7663439905459704,0.20800000000000018,0.992,0.9945400834356862,-1.5283858546237115,-0.7716714979273611,-0.058990473365440804,0.0393736240557783,-3.631014253518868,0.9853136460009819,6,6.712,7.704
0.058414113272901046,0.0640000016473373,0.4361219911890592,5.495846135760722,1.2249556928377952,1.056569081712152,0.3414812390593862,0.33018266053608747,1.3944950009677672,0.10785096879041335,6.271875334754605,0.29031936495331395,0.4720000000000004,0.4720000000000004,1.7979729265399333,0.2160000000000002,0.9680000000000009,0.9933568932222545,-1.6684526381867024,-0.7837594364677142,-0.06216742359734487,0.028206194096772545,-5.867132353288401,1.0537695863274212,7,7.704,8.672
0.05960127835188488,0.06399996956030632,0.41175461306300976,5.692083589798852,1.4160944192454437,1.2941056440570067,0.3332870139954088,0.35805335865733184,1.416480025148253,0.10472980400098318,5.240997853244811,0.34166736982667983,0.46399999999999864,0.46399999999999864,1.8644110321557366,0.20800000000000018,0.927999999999999,0.9935589354950093,-1.7397353463406566,-0.7722484359398496,-0.06253955637001092,0.023367080650238067,-6.993934494430939,1.0957835800335678,8,8.672,9.6
0.04780478665764247,0.047999998714679165,0.437040780753925,5.897103768323055,1.3523350721035503,0.941075012916739,0.361098284497175,0.3747310984624471,0.8351680475263547,0.11355472859743923,5.191589370885677,0.24489316192139615,0.47199999999999953,0.47199999999999953,1.9473220775437259,0.20800000000000018,0.9120000000000008,0.993488489211077,-1.930966436291503,-0.7769228281870999,0.05342192499456299,-0.08216110651634273,3.1458328989935285,1.0654944217802993,9,9.6,10.512
0.051175145700277314,0.055999995661429894,0.44832494134002,6.9663285855996975,1.4586557088005314,1.1824812239289857,0.3561875698650512,0.34021257927241216,1.3648546782844877,0.12049529193087301,5.032236907977427,0.3927342380102353,0.4559999999999995,0.4559999999999995,2.1265646245313157,0.23199999999999932,0.952,0.9935125523772119,-2.4836323421986326,-0.91959640095456,-0.029933921345704814,-0.02217808087452274,11.470748015056097,1.058654934432787,10,10.512,11.464
0.051572419085789196,0.05599996026749821,0.4533058333997289,6.233412571132429,1.361245918262836,1.107138328590637,0.3640075606264649,0.40647998215739706,0.9847863306041297,0.11074205391250418,5.268484410044909,0.36754018034631847,0.4800000000000004,0.4800000000000004,2.1691774241148765,0.23199999999999932,0.952,0.9929660258404912,-2.3139158875689003,-0.8894112884880772,0.05588626774778599,-0.08819100472556772,3.172119169649373,1.018595079968787,11,11.464,12.416
0.06143729840777035,0.06399997796574558,0.45690314640035606,5.84642734959938,1.1750028296130868,1.0944486325871638,0.34901390399110455,0.39561433163067167,1.1633078584233005,0.11551061316461941,5.3017282034735205,0.4044835204637413,0.5039999999999996,0.5039999999999996,1.9086192858413982,0.2400000000000002,0.9919999999999991,0.992666557786881,-1.8149427530736038,-0.8222839709366351,-0.0007825260920826564,-0.035269759135840476,6.177592821035857,0.9061710066940548,12,12.416,13.408
0.05414683458393664,0.05599999986111927,0.4458580466400759,6.162637544197437,1.0441428191793,0.9990987401689513,0.3364868298294854,0.3413046374271629,1.218144994285756,0.11915085444919529,5.974876614124723,0.39668165147871964,0.4560000000000013,0.4560000000000013,1.886056851776557,0.2240000000000002,0.984,0.9941681152126857,-1.7965250928059704,-0.8288530866093575,-0.021623817697944574,-0.008802940407954138,21.557598928342095,0.8171966043250785,13,13.408,14.392
0.05786132316542223,0.06400001262135002,0.431985032189795,4.63287443063736,1.1223915653016443,0.9153566884546074,0.34003010118410787,0.3444499730153737,1.0011141180219092,0.10355039917786293,5.320651632557482,0.28096896767403534,0.4880000000000013,0.4880000000000013,1.5489515076510667,0.20800000000000018,0.8960000000000008,0.9928917414413094,-1.1886723806299628,-0.6101558073290998,-0.0021136681379731155,-0.03121798957888812,5.5279283646075195,1.1925745393711296,15,15.36,16.256
0.05980805012264351,0.06399996703973906,0.45889895469342096,5.419761395929192,1.1353974989491238,0.9792131533344273,0.347297769016995,0.36778968755692365,1.0494079691597704,0.11578356191306341,5.960913563610515,0.36994474504432623,0.4800000000000004,0.4800000000000004,1.7454590815236595,0.2240000000000002,0.9280000000000008,0.9917714603163028,-1.4845141122629195,-0.6905197201169898,0.023087506049258324,-0.06009375925666821,3.6311106295085587,1.222863697624398,16,16.256,17.184
0.05317781168374527,0.05599997683038693,0.4631644214779624,5.408326299062294,1.2047344518574221,1.0616640578250451,0.3649705418115589,0.38155753316597707,1.4981763591293318,0.11152084239397034,5.183622358008021,0.4595738464673496,0.48799999999999955,0.48799999999999955,1.844719718820704,0.2560000000000002,0.9759999999999991,0.9928181991919933,-1.7571971297504587,-0.7937028266858637,-0.018868487189986648,-0.018647083849030657,11.283830143294455,1.1456751975596173,17,17.184,18.16
0.052454285174051984,0.056000007091012244,0.41769079415430743,5.821435983817803,1.1460538147973869,1.105627139744071,0.3257457374405591,0.31111430272844837,1.4675965319384459,0.10149729142363127,5.400084489285266,0.37142936744533844,0.4480000000000004,0.4480000000000004,1.9432885476119846,0.1999999999999993,0.9759999999999991,0.9948222773139761,-1.8618441899426426,-0.8613517166574541,-0.07463019641386394,0.04968710038285603,-2.928302162546235,1.1456751975596173,18,18.16,19.136
0.06046354595603231,0.0640000119416776,0.4474926659330154,5.8574096241605265,1.1746310010876817,1.1589902372478227,0.3424168242181048,0.3731643375271648,1.3080059240549116,0.11091488797083804,5.225491116245454,0.4190447349870991,0.4800000000000004,0.4800000000000004,1.9417878112304203,0.2240000000000002,1.0079999999999991,0.9941401710930554,-1.8691892853232799,-0.8603235128893645,-0.03394399458013983,0.0013361793900668207,-143.7923707255567,0.9628410447162989,19,19.136,20.144
0.05690803895943567,0.06399997456149571,0.4136758743518772,6.189097882000574,0.9828414512547872,1.0930244423897129,0.30934201176863285,0.3468141714924669,1.4741180179564464,0.11459567328668609,4.619397422605638,0.46926856410478685,0.3760000000000012,0.3760000000000012,1.8650265248126496,0.21600000000000108,1.0080000000000027,0.9950384511213418,-1.6192732035292934,-0.8301981257315466,-0.04635604825146975,0.037668689089799035,-3.257378450033445,0.9276665383576644,20,20.144,21.152
0.05984747786525885,0.06399996780127443,0.41876698069535634,5.60803935860202,1.3074499551296477,1.14256110597988,0.33466925750386034,0.3430095401964993,1.2245393063222754,0.1046937518231006,4.909262511551608,0.3124766738265242,0.4800000000000004,0.4800000000000004,1.8638799593441302,0.1999999999999993,0.9519999999999982,0.9931201491386258,-1.723549190335214,-0.7891640436062176,-0.04293349700035565,0.006592642289572184,-27.50806201375857,0.9227811902522987,21,21.152,22.104
0.0689154495159631,0.07199999966472671,0.42002217162391997,6.459212670402264,1.4016283199712183,1.124718351258637,0.30830424120396177,0.3380721974456196,1.3409306111914514,0.11504106979805884,6.975102462353642,0.22713922172237777,0.4400000000000013,0.4400000000000013,1.773294603545913,0.21600000000000108,0.9200000000000017,0.9926767620755886,-1.66437417549519,-0.7506146960236868,-0.04600287251515738,0.0029198067234096244,-61.05268963609436,1.024457497695226,22,22.104,23.024
0.052189975342319804,0.056000012218499984,0.4465738547010319,5.3890902443607525,1.352355337214048,1.0289777833112033,0.3660350155148298,0.3604298978528754,0.9787456098493992,0.1027755707863945,5.296783026482396,0.3097810326260784,0.5039999999999978,0.5039999999999978,1.9199381493487697,0.1999999999999993,0.9039999999999999,0.9936574778695283,-1.8475193336758888,-0.7523455939025396,0.03056823151548031,-0.06638227004823428,3.6737703225029565,1.2511987166355203,23,23.024,23.928
0.05479600223767697,0.055999992548176065,0.438719749270743,6.615224834810602,1.4437930568089568,1.0064810301217928,0.37574543164455726,0.34787046518504383,1.0649905284263839,0.12020601774827838,5.168280457470268,0.36289761591986114,0.5120000000000005,0.5120000000000005,2.112508936615283,0.21599999999999753,0.9519999999999982,0.9902761669811215,-2.465062616098529,-0.8878758025092458,0.0771354206557457,-0.10206711925482029,3.228637452421595,1.0058931748948357,24,23.928,24.88
0.052761385063873054,0.05599996104169123,0.4600642559826165,5.836947395164101,1.3953063317781005,1.1293700561932702,0.38808637638789045,0.3973829478653942,1.6244142256826042,0.11191579309294632,5.779313156808544,0.4214789184024451,0.48799999999999955,0.48799999999999955,2.0679287180188854,0.240000000000002,1.0160000000000018,0.9938439068618419,-2.311697025057649,-0.9283410256422073,-0.025608401987332396,-0.019816209445789174,13.055466587085908,0.8660500853787371,25,24.88,25.896
0.05134745596755726,0.055989553896877195,0.7280000430306098,7.130092305269172,0.9122264812951001,0.9293592905644944,0.24614122834052038,1.0246859572992626,0.6240437766070811,0.11107697047222262,6.7711487404538255,0.25469141161469444,0.7439999999999998,0.7439999999999998,1.9591780333035034,0.2079999999999984,1.0079999999999991,0.992546742544321,-1.274311246934618,-0.7811060421756187,-0.024696922956312137,0.04305826065442261,-0.8237809201163484,0.8660500853787371,26,25.896,26.904
0.06032158894534763,0.0639999762006118,0.4323132807100374,5.493445525553349,1.0244807250376717,1.1104132821541797,0.3325936020521284,0.32852970508948043,1.6239190205474527,0.10681956173723041,5.560046760325445,0.4333922757161227,0.4800000000000004,0.4800000000000004,1.827626913490417,0.2240000000000002,1.0399999999999991,0.9947253717139577,-1.6501416085258092,-0.8446126630897719,-0.07493419300904454,0.0685013641584114,-1.7413634906879671,0.8572564587890786,27,26.904,27.944
0.05932618797643857,0.06399998900985321,0.434619275457163,5.539450029024371,1.5502047307954818,0.8840549461737608,0.3372914807081346,0.3447963762099626,0.6159105705552488,0.10724427225152755,6.927700434949258,0.14526354791412846,0.4559999999999995,0.4559999999999995,1.7233473394940058,0.1999999999999993,0.7520000000000024,0.9934661701090249,-1.3719578370594303,-0.5078889173382622,0.11277696731332615,-0.12658262287602084,1.8022975721121952,1.1740102165707391,28,27.944,28.696
0.18799999999952283,0.16799997146290538,0.4173794260988508,6.911943698348739,1.0322637982255067,2.6949280336741253,0.5924062239195621,0.22255142512707687,0.19460702944497968,0.18891848065930172,3.830132978642996,0.5567029413249762,0.6479999999999997,0.6479999999999997,1.9054220299329976,0.37599999999999767,1.0799999999999983,0.9882632483122407,-1.9675433284500308,-0.3024353009200339,0.7492019140576761,-0.49994557534438533,1.8840235564801613,1.3411501886255695,29,28.696,29.776
0.06036900619346927,0.06400001447813337,0.452085130581302,5.91520535066635,1.1085239301913496,1.28196561870431,0.318036162460297,0.3443846104269169,1.382414602496523,0.10849243792041492,6.010963396458375,0.45733564081359485,0.49599999999999866,0.49599999999999866,1.8539281073587233,0.2240000000000002,0.968,0.9937870451294742,-1.6710345149501775,-0.8027281141948016,-0.05663761658363429,0.028112447021398583,-5.356276004166153,1.3411501886255695,30,29.776,30.744
0.044102499320229326,0.0479999654509723,0.4460498326747534,6.192269205236511,1.396637378508117,1.1729481784051377,0.36078521450403134,0.3655860621809238,1.3582005678491387,0.1105656345059988,5.015925282318801,0.39858257711116335,0.46399999999999864,0.46399999999999864,2.072765376410051,0.2240000000000002,0.9600000000000009,0.9926996933276203,-2.2754996536658023,-0.9052874555083259,-0.031499370215490305,-0.013052659076139747,17.884753394657984,0.930597747220884,31,30.744,31.704
0.05945445283167544,0.06399996710519419,0.4424412387600525,5.708721242806904,1.0567322369236107,1.1490808813426447,0.3224548126010189,0.32044287793438897,1.6886082908890176,0.1058898175319883,5.490670028384254,0.45034866469697826,0.4720000000000013,0.4720000000000013,1.8190819495001294,0.1999999999999993,1.024000000000001,0.9947362739732492,-1.68711599378193,-0.8510586388024379,-0.08659837225492158,0.07486809945477049,-1.592731219696947,0.930597747220884,32,31.704,32.728
0.04698269524399083,0.04799998352587534,0.4425435941231423,4.805779076885958,1.284709210864928,1.4255193191835378,0.3622553939724567,0.36003306740893626,1.460062478872857,0.10178322680493723,4.751779085819127,0.4628483870031266,0.4799999999999969,0.4799999999999969,1.7013977146574177,0.19200000000000017,0.9600000000000009,0.9930173289251828,-1.5183527020638523,-0.7412665775747057,-0.08753127574601333,0.055947746096343995,-2.5938306761506187,0.9218041206312253,33,32.728,33.688
0.10790988811869727,0.11199999095330615,0.45689008341239956,6.023853761156474,1.1722928435280484,1.2843773391392226,0.3014835924137569,0.308611869075765,1.6197504111899101,0.11028136875723007,5.90403276636989,0.39724124257400634,0.5039999999999978,0.5039999999999978,1.7961841807784633,0.2560000000000002,0.9919999999999973,0.9905753291156097,-1.4945627916702249,-0.7390190581557683,-0.08837832764577172,0.059444558447248975,-1.9826383245948869,0.881744266167225,34,33.688,34.68
0.05787706213010993,0.06399999869242393,0.41383594356033815,4.875892903860383,1.1370144119169674,1.0259412059061972,0.31021457701901234,0.30362038807588765,1.3012785722876172,0.09538793385527766,5.88516521846201,0.2820026641364038,0.46399999999999864,0.46399999999999864,1.6360080831691393,0.19200000000000017,0.8960000000000008,0.9927391805012628,-1.24055855878395,-0.6536486380527591,-0.05815102187855667,0.03244954767783191,-3.8284829333743944,1.0772192572331776,35,34.68,35.576
0.05491784982923168,0.05600000195400044,0.4388639331163245,4.765149096012579,1.253601629405739,0.9841400485132719,0.3526454765718012,0.3666212705969179,1.0588746704138259,0.10127460748722798,5.141005777915341,0.2932324136901401,0.4960000000000022,0.4960000000000022,1.6902610985253956,0.20000000000000284,0.9039999999999964,0.9930428299733557,-1.3825515272495261,-0.6598213684433301,-0.003041141285894534,-0.03256229193934869,5.925053263930286,1.18964333050791,36,35.576,36.48
0.05351332693366998,0.055999995302353646,0.43515098336034375,6.256335658353868,1.4261124820628823,1.3224155909309243,0.3164003458709669,0.3545158372628907,1.582648831866564,0.10699487703750334,5.853269651699457,0.371847694270349,0.4720000000000013,0.4720000000000013,1.9283705663213935,0.19200000000000017,0.9040000000000035,0.994197625286184,-1.836424437046631,-0.7930772696182912,-0.0826750605163959,0.034926034014049964,-4.549992598155192,1.18964333050791,37,36.48,37.384
0.06906691242233441,0.07199996357048016,0.44000021208989487,6.2401598585245655,1.211504537716576,1.2125513468002205,0.31364773407717994,0.3645406212658061,1.3692808312018225,0.1071932469753616,4.8590966972657,0.4395169965340324,0.4960000000000022,0.4960000000000022,1.9751938097590274,0.2079999999999984,0.9759999999999991,0.988502253553812,-1.8370625566806011,-0.8432594197962144,-0.03548196879663777,0.00029336322022738477,-616.193948851921,1.2297031849719104,38,37.384,38.36
0.04672200951563298,0.047999974735934134,0.42920521070148904,5.606786992840318,1.5318942162590432,1.5943026744556335,0.35482664302576483,0.35743503782726327,1.482058413816109,0.10005756380958403,4.548359746370487,0.44296737292857374,0.46399999999999864,0.46399999999999864,1.9798812211434687,0.19200000000000017,0.9519999999999982,0.9937614097540574,-2.0274879530988326,-0.8577291434826108,-0.11382304743273079,0.05999939992390406,-2.8759434931210013,0.9814053675166895,39,38.36,39.312
0.06597921804667518,0.2499000647481225,0.7646730154380688,3.0486134754970284,1.2708898171380747,0.6172845898501498,0.5563392909057189,0.18400000000000108,1.2959999885681368,0.0773117475826395,1.446015052464547,0.4320000000000021,0.7360000000000042,0.7360000000000042,1.89425458825267,0.2080000000000055,0.9520000000000053,0.9933227795857931,-1.209891038439039,-0.5251223634670332,0.03217570344057781,-0.12588481881296668,2.1049090238328665,0.9765200194113235,40,39.312,40.264
0.10069148387333836,0.10399999812065337,0.4456131641372578,7.094363648854327,1.5424943489672929,1.8982792788044398,0.2922259531222844,0.29831115509021566,1.8780418104737695,0.11139313440808227,7.716382123719661,0.4090891181858577,0.519999999999996,0.519999999999996,1.8612967900502975,0.23199999999999932,1.0,0.9934050561228124,-1.9179046212419812,-0.8630310790211444,-0.22113068320173074,0.15913041770423877,-0.5319506362678704,0.9765200194113235,41,40.264,41.264
0.057761606167756746,0.06400000261416881,0.40318925281936147,5.982856136756679,1.3390174849688439,1.2598174174422843,0.2938511775211954,0.2847985700182231,1.4879697213971594,0.09868338280558805,5.8748112592884425,0.2769056347126054,0.4719999999999942,0.4719999999999942,1.837450636881139,0.1839999999999975,0.9039999999999964,0.9926757625446472,-1.6188730916545033,-0.7664248007733434,-0.1192932399835338,0.08355062224837148,-1.3163619958138544,0.9892219244852745,42,41.264,42.168
0.06884066869765651,0.07199999849266625,0.4388504953963243,6.507116059617193,1.484252903058583,1.4376545154351703,0.2993439678480802,0.34995690221885156,1.3808481079776573,0.1038927734905899,6.460239066928403,0.30869487033620774,0.5039999999999978,0.5039999999999978,1.9834883880281595,0.20000000000000284,0.9040000000000035,0.9938721092581004,-1.8389947549469534,-0.7930659123006868,-0.10024230006589314,0.04995786548499563,-2.8079171762949757,1.0606090736749334,43,42.168,43.072
0.09282582726021942,0.09599999385183701,0.46402104228488944,6.992426165080828,1.3772230485908956,1.6264200954591461,0.29702886102526455,0.31504974893632065,1.8176485855829037,0.10769963351017188,6.347947127939022,0.45770360083294404,0.40799999999999415,0.40799999999999415,2.0262357806295475,0.23199999999999932,0.9839999999999947,0.9928677963644402,-2.029325692855063,-0.8800714881447824,-0.14792324554514164,0.09417698197181894,-1.3223173493445044,1.1544688241492753,44,43.072,44.056
0.05961418878877166,0.06399998346480598,0.4390721967629227,6.503104274709615,1.6391531301587894,1.970014320500715,0.3183710365939757,0.33434568814116916,1.7408386954904154,0.11205161014921437,4.62633957600254,0.48337246023420744,0.48799999999999955,0.48799999999999955,1.8445333863398095,0.20000000000000284,0.9600000000000009,0.9938895274101355,-1.9274303890254543,-0.8525364263194886,-0.20718827295641612,0.1356933919961613,-0.860237536903388,1.1945286786132763,45,44.056,45.016
0.061508619951077724,0.06399998927147495,0.43013055844862536,6.516899935978011,1.6405458435972695,2.003002590296236,0.31656705635640553,0.3269141061425257,1.7008469906836892,0.10861780853486043,4.460193203333292,0.4713630563264251,0.480000000000004,0.480000000000004,1.9017044071809968,0.20000000000000284,0.9520000000000053,0.9942868316762525,-1.9912025394265844,-0.860891640950846,-0.21422416777061343,0.14822397236822252,-0.6759769314109823,1.116302042076105,46,45.016,45.968
0.08570237489927549,0.08799998702535054,0.4386612575935227,7.0608612767050625,1.9798205838990894,3.047430925941693,0.33251826294733416,0.3162052825502801,2.253673600941861,0.1170013889468718,9.276414046966568,0.5792509988980292,0.5119999999999933,0.5119999999999933,1.8745014746044353,0.22399999999999665,1.0159999999999982,0.993725172982159,-2.3591089104883642,-0.9442664786933436,-0.42305447170767896,0.2577063048409478,-0.2958997563493121,1.023480428074153,47,45.968,46.984
0.053822363662337475,0.05599998927601755,0.3999982781405543,5.748603190033298,1.7997519603169936,1.7443275552065816,0.32094777083657405,0.34849257733640704,1.5430809641305256,0.10202030795889927,3.3137611245503975,0.37444125632832703,0.4799999999999969,0.4799999999999969,1.7953891999833589,0.1839999999999975,0.9279999999999973,0.9919597272176041,-1.7182342243990565,-0.7884896158724282,-0.17940735621825515,0.12532762013172102,-0.8600274728167968,0.9696805320638111,48,46.984,47.912
0.036482904944842166,0.15545588451690553,0.3935526901073197,17.510297165290005,3.502059433058544,3.502059433058544,0.32086044187358864,0.3573301905404019,3.9840000000000084,0.22509515943423983,2.1253000906578254,0.814935718646388,0.24799999999999756,0.24799999999999756,1.7510297165292723,0.17600000000000193,0.911999999999999,0.9963367245681876,-1.8968048746118622,-0.6743642201871733,-0.2553591039290483,0.03007872969491778,-8.190674280621531,1.0039390356526896,49,47.912,48.824
0.05920228486487298,0.06400000618737842,0.4321092047170553,5.9064851367893105,1.3167868674379006,1.5571818952068062,0.2980777217526966,0.3401776512065726,1.4480507289584892,0.09641769469636066,6.111877748180383,0.39003511464065027,0.4720000000000013,0.4720000000000013,1.9294607943516895,0.19200000000000017,0.9520000000000053,0.993158189798802,-1.7023607101166853,-0.8224016436453693,-0.11849023409891091,0.0927588367136942,-1.1209352912385582,1.0576778648117138,50,48.824,49.776
0.05189065105037549,0.05599997317204022,0.4259168916728076,5.853682648466923,1.2414141473123772,1.6068637644352188,0.30278277718346724,0.3207356246079783,1.4959933191036656,0.09588707055407154,5.98152976974675,0.43844153449250045,0.48799999999999955,0.48799999999999955,1.955753115360764,0.1839999999999975,0.9679999999999964,0.9923229509996265,-1.749495646037223,-0.8506676303296129,-0.1300761154955324,0.11339548070142376,-0.8034162086599806,1.0840587445806897,51,49.776,50.744
0.05896149023619919,0.06399999699598727,0.4234462311257478,6.802956190536592,1.5821175747277125,1.7776161156296906,0.2995638858187587,0.29680226740933185,1.7823808688843648,0.10654263238003851,3.304744880062355,0.43294509303059014,0.4960000000000022,0.4960000000000022,1.954259476224017,0.19200000000000017,1.0080000000000027,0.9939077516237668,-2.028606552627691,-0.9398650678937255,-0.25491846551442165,0.22744528414090068,-0.1466181421490987,1.0234804280741527,52,50.744,51.752
0.06019418597161232,0.06399997685182682,0.4159800027952375,6.607984545817282,1.5318551501212987,1.8450923417701262,0.2958683373191373,0.3158472794636452,1.618208207211029,0.10400433883808165,4.662436083472834,0.4054055664013095,0.48799999999999955,0.48799999999999955,1.9529593759712904,0.19200000000000017,0.9839999999999947,0.9934735501300923,-1.914534618187638,-0.8963620798837167,-0.20631543949546904,0.1766698279474621,-0.361400543745775,0.9872677852431281,53,51.752,52.736
0.05278037935649402,0.055999995899646486,0.40044914118786584,6.271095197566976,1.4645811321863236,1.6825197773567588,0.2900173156372265,0.28736258480022936,1.5012443951279293,0.09978054503897289,6.228827653044223,0.3496547948911182,0.4720000000000013,0.4720000000000013,1.8524291051214508,0.1840000000000046,0.9040000000000035,0.9923356776370306,-1.7099577343014252,-0.7965208922348918,-0.17949095833680118,0.13242833178443822,-0.6751548421690793,1.0283657761795186,54,52.736,53.64
0.08375674989258619,0.08799999042080281,0.43532847943797226,6.319337077787882,1.8070761077353268,2.3892859444452017,0.3259163090830963,0.3342684555674744,2.613088012424436,0.10712130066707166,7.418621385359212,0.564906061842199,0.5120000000000005,0.5120000000000005,1.8632812029733625,0.21600000000000108,0.9840000000000018,0.9937259274391319,-2.025826582191364,-0.8615115322737817,-0.2857759217734825,0.1804070226326417,-0.5396652161560753,1.1075084154864459,55,53.64,54.624
0.05273314684861035,0.055999972742664446,0.42436137058097106,5.637756463614758,1.3082945002950657,1.62611737909528,0.3141316900774216,0.3272820283289094,1.5272967237370296,0.09435719205675658,3.9485362938195325,0.4807442456134741,0.5120000000000005,0.5120000000000005,1.9768039588583688,0.19200000000000017,1.0,0.9928928787525174,-1.7908922147919124,-0.876217322404974,-0.1406381158829521,0.12748851441483597,-0.6970702177316,1.0723339091278121,56,54.624,55.624
0.06009246972441864,0.06399996411490223,0.42534328712880887,6.223842393790265,1.5578095253784405,1.803558040227953,0.3149740277963219,0.34720635240887265,1.4142020409030502,0.10207853352680406,4.576001076526386,0.39710915592241586,0.5120000000000005,0.5120000000000005,1.9961069317608806,0.19999999999999574,0.9919999999999973,0.9935397942522367,-1.9854722463519108,-0.9037984439284381,-0.1620432331895069,0.12120706358154831,-0.9529874366386403,1.080150466096397,57,55.624,56.616
0.0604336821678046,0.06399996663288837,0.4240023643716754,6.3066691648591915,1.669654454613063,1.860468172097826,0.3233424457310689,0.34884013782058076,1.4983698507993948,0.10629219918669959,4.217778160512309,0.40549280184454534,0.48799999999999955,0.48799999999999955,1.9510137988948277,0.20000000000000284,0.9600000000000009,0.9944524700549151,-2.010756128734757,-0.8693105585232799,-0.1785868706440658,0.12433816017987395,-0.9129209725616579,1.0391135420113238,58,56.616,57.576
0.05536060320032025,0.05599999697020882,0.4150783644223419,7.5228455970623305,1.3101891318576528,1.1171353304404454,0.26063808727983934,0.4315815737225135,1.1943034949939644,0.11038994471082894,3.898736000305143,0.2611371273627061,0.27199999999999847,0.27199999999999847,2.0076759060820466,0.20000000000000284,0.9359999999999999,0.9937976454410519,-1.652851621958927,-0.8260006475195728,-0.04572144289224996,0.03548587180394691,-3.0168085171639825,1.0146868014844943,59,57.576,58.512
0.0588934882155793,0.06399998059418974,0.411639896493677,5.934858465957751,1.4558893575460432,1.205914590521648,0.3165428123676068,0.34612169705020823,1.1155893757216668,0.10007958862529659,5.139604275119569,0.2557653402899782,0.46399999999999864,0.46399999999999864,1.9565373542048314,0.19200000000000017,0.8879999999999981,0.9934692864462564,-1.7863213556461612,-0.7653933056535246,-0.03685894929447158,-0.00526698505506443,33.72080976988435,1.1153249724550318,60,58.512,59.4
0.05149126378868889,0.05599996818631341,0.43236062744537457,6.249633197084466,1.4712192260404755,1.141725846023391,0.35265909973319415,0.32093230814567103,1.1369139573381088,0.10843456972357934,5.123780530407297,0.30484772894049667,0.4720000000000013,0.4720000000000013,2.0460850027902096,0.20000000000000284,0.9040000000000035,0.995050017308105,-2.1934426290126825,-0.8286460790032477,-0.023543516992720358,-0.025989132273080025,9.016245738418208,1.1182561813182512,61,59.4,60.304
0.05776290795533999,0.0639999995938364,0.44797579249318104,6.784151747600932,1.3931214141959247,1.274872373291753,0.34809171405697437,0.3660408009159976,1.186734860159367,0.11252671121231493,5.585139833434713,0.39570435766416395,0.48799999999999955,0.48799999999999955,2.214119839230845,0.2079999999999984,0.9600000000000009,0.994134391557843,-2.482076709003576,-0.9360518120470722,-0.003948019915793447,-0.04071377919376114,6.167375145733747,1.0772192572331774,62,60.304,61.264
0.05172144282380737,0.05599997445855093,0.423155023061326,6.946153141206776,1.940500780304699,2.0411624277783487,0.3484172921876695,0.3660178719870799,1.4298577574452744,0.104895719327178,4.334346621900488,0.4168722271766595,0.4719999999999942,0.4719999999999942,2.3097447802828306,0.22399999999999665,0.9519999999999982,0.9886860688720985,-2.847825703824907,-1.011238120278299,-0.17882753854319483,0.08449099602674687,-2.2525973498950758,1.0772192572331774,63,61.264,62.216
0.060533327849211505,0.0639999984124529,0.44947753287148334,6.655194549891541,1.323475005250171,1.1387495046876668,0.3575347589715151,0.36313167759814957,1.2319381544314743,0.12155774208078562,5.176906214618648,0.392903551493907,0.4960000000000022,0.4960000000000022,2.07297631437523,0.24799999999999756,0.9840000000000018,0.9944025160885849,-2.2835979715242902,-0.8996677515377698,-0.006211161416795272,-0.03638947051409429,6.859443736663064,0.8416233448519077,64,62.216,63.2
0.0528785855270596,0.05599998910734293,0.4082584439356007,7.334788940214361,1.2999205564162315,1.0123903931158416,0.3228786761082572,0.33901802443648876,1.1808547239088079,0.1262550149663386,3.573717583769627,0.31519906226464506,0.4239999999999995,0.4239999999999995,2.019972186010615,0.21599999999999397,0.9839999999999947,0.9946544048322898,-2.126793149315323,-0.9113296188181135,-0.036898988933385675,0.004336552495264116,-45.321959145995926,0.8416233448519077,65,63.2,64.184
0.06154625982940501,0.06399997259851982,0.4431489230244109,5.68855882940521,1.193794512913802,0.9835612049567342,0.3704462022010699,0.40089351380911237,1.4041744178258333,0.1159556301517189,4.300232577665112,0.4654207132172409,0.48799999999999955,0.48799999999999955,1.949685781217863,0.24800000000000466,1.024000000000001,0.9947701556337963,-1.9390094565191511,-0.8590492684512878,0.0029309026110931036,-0.03887965929536007,6.0403151659740635,0.8377150663676151,66,64.184,65.208
0.0546134114066282,0.05599998232546309,0.41026854918438566,6.554793057393072,1.3474198305072638,0.9475539820431492,0.3336319726205894,0.3260154957406455,1.2013335866165804,0.12120342406759321,6.4207501277798364,0.1712384131661704,0.4399999999999977,0.4399999999999977,1.8730967857222163,0.2079999999999984,0.9519999999999982,0.9918768976478237,-1.9134286898943744,-0.824497701776494,0.0018776990180171416,-0.03913881015157635,6.010221237992627,1.0869899534439096,67,65.208,66.16
0.05229262666982227,0.055999970871293936,0.4239969115337168,5.426331569624572,1.3048908946771702,0.9210887482538798,0.3700272526338373,0.3672149330500198,0.8827964266260638,0.11127325872212632,5.4922844410612,0.2698899049745289,0.4960000000000093,0.4960000000000093,1.850577048064354,0.22400000000000375,0.9039999999999964,0.9939995120729324,-1.7295964671793569,-0.714866337886586,0.06257851677948169,-0.09154304292999804,2.7871924986989796,1.1769414254339585,68,66.16,67.064
0.05169462379963311,0.056000002790945747,0.4326037724220854,6.794622401543762,1.2973415621411828,0.8469656814190278,0.3713601608525381,0.3766573690108292,0.8393166914925378,0.12833137179811308,5.479286508487405,0.3555425430132696,0.46400000000001285,0.46400000000001285,2.1095047828479787,0.2400000000000091,0.9280000000000115,0.9922653926670706,-2.2794028969552604,-0.825301067126284,0.1429795765020212,-0.15251592550601029,2.1760997962822515,1.0479071686009824,69,67.064,67.992
0.05684486991266283,0.06399999988763382,0.4505584692643074,6.752290484917923,1.258400531223025,1.0632915189638774,0.36277401339353926,0.41415490424556906,1.2903997904419409,0.1304149972563701,4.333571970108109,0.555194444402383,0.47999999999998977,0.47999999999998977,2.0751432970610333,0.2639999999999958,0.9759999999999991,0.9932788454478845,-2.169931162614199,-0.8579118458011468,0.06271014956906826,-0.09779218857040516,2.8784113711865507,0.9550244877477132,70,67.992,68.968
0.05735896029042168,0.0639999701190192,0.7484824002635615,6.998199774146631,0.9690094924390995,0.9430328560150147,0.33228382017836644,0.39505037844130614,1.319401819147452,0.12759159447101723,1.9587749830524457,0.6403647872298603,0.4719999999999942,0.4719999999999942,2.1679461878773303,0.2639999999999958,1.0720000000000027,0.9935144416155609,-2.0978772528570424,-0.9716221674056706,-0.038671348151920096,0.02069293035082126,-7.030905260552426,0.9550244877477132,71,68.968,70.04
0.06015602937521423,0.06399991059819939,0.6674447776019407,5.731546526606888,1.0579018831031408,0.8484313330360738,0.3356705388713833,0.8133741598025683,0.7932903153252187,0.11776531146430617,7.452215963329177,0.3139599734658147,0.7040000000000077,0.7040000000000077,1.9968043945406382,0.2560000000000002,1.024000000000001,0.9910769988487454,-1.5956502503906067,-0.8096004312574877,0.011984754271488705,-0.05047729836937173,3.3528376658591963,0.9862907156220553,73,71.088,72.112
0.04529041720567196,0.04799996700228179,0.41337190394714246,5.900116085322876,1.2988781254147717,0.8860434788326865,0.3758123936181419,0.33842384510989604,0.9995346530128426,0.12439545979609741,4.9540704194224725,0.30068899223992257,0.46399999999999864,0.46399999999999864,1.8272119058387488,0.22400000000000375,0.9280000000000115,0.993365612674993,-1.850952372526766,-0.7540652343930068,0.04560319139674348,-0.07461613701752301,3.5711311370030527,1.0645173521592268,74,72.112,73.04
0.062404469717762465,0.0639999929700817,0.44013996889846413,6.697633656475936,1.3915713171792605,0.9069143174197828,0.3576045142961758,0.3694343145117241,0.9843659116066129,0.13158778445493907,5.6829518420397624,0.3312055407086788,0.46399999999999864,0.46399999999999864,1.8964854691466064,0.23999999999999488,0.8960000000000008,0.993685840925966,-1.9018816368877176,-0.7099147378472015,0.10980275608237289,-0.12906873621931483,2.3100868475885936,1.1691248684653728,75,73.04,73.936
0.05856598344177371,0.06399997357948944,0.47773631085883667,6.499378777507807,1.4548201514249648,0.8423895611247413,0.38648051357081287,0.38974683267919535,0.8197865185380654,0.12736860896856617,6.0158216835532246,0.336021787209255,0.4959999999999951,0.4959999999999951,2.064457424970228,0.24799999999999045,0.8959999999999866,0.9918368863164726,-2.169287457671178,-0.7386514440210926,0.2026515286687986,-0.1891813596436146,1.912212049969274,1.1456751975596173,76,73.936,74.832
0.04672905341997274,0.04799994767690944,0.5264895348874804,7.6328463008897325,1.496505506839095,0.9019660242748255,0.38376517386014464,0.37297615140184365,0.8288415805263382,0.136462121416789,5.252870154686147,0.3639786744621966,0.46400000000001285,0.46400000000001285,2.3052190247469984,0.24800000000000466,0.9200000000000017,0.9905911212050433,-2.76092428260552,-0.8785556715246656,0.1789407461859503,-0.16616137493389235,2.3062271524094187,0.9814053675166892,77,74.832,75.752
0.05078097683173565,0.055999996669573275,0.7273615845956208,5.916746902960698,0.8377637976561231,0.9120053294214173,0.34425995413326477,0.41674096126010923,1.152198744624905,0.1206143990170552,4.922017764521106,0.5134962220339214,0.4720000000000084,0.4720000000000084,1.9406594499738807,0.27200000000000557,0.9680000000000035,0.9938044679397254,-1.6922601406266788,-0.7857589034006959,0.015468826705572772,-0.05440770992404381,3.4800993703582668,0.8768589180618593,78,75.752,76.72
0.04721144183666132,0.04800000713126717,0.4912594471255907,5.507764742762352,1.0938919911921383,0.8099658288611841,0.38709648228936716,0.4084854368971776,0.8838133276987622,0.12569215541557868,4.818663608816917,0.3899014104106882,0.46399999999999864,0.46399999999999864,1.8555174360932565,0.2560000000000002,0.9839999999999947,0.9918713304954317,-1.7421151445504464,-0.7717359666575584,0.06404546316442988,-0.09680950955607129,2.846882139500198,0.688162347492102,79,76.72,77.704
0.059688500061505945,0.06399997112125644,0.4655105774397565,5.253884818957041,0.986065895400314,0.7538952991906236,0.36256800307966114,0.4027600458895519,1.0246559554533223,0.1263655459120507,5.214335338888121,0.45100022696249314,0.480000000000004,0.480000000000004,1.6915318460168502,0.27200000000000557,0.9520000000000124,0.9920199917822844,-1.351251700380742,-0.6564808272918157,0.06324907833205119,-0.1016749432420468,2.3765386137815034,1.1759643558128854,80,77.704,78.656
0.061065307935843444,0.06399999728477734,0.4221916803894706,4.376420525848976,0.9362996380510703,0.87414566177157,0.32466073789897587,0.28570244923651666,1.5350693090678345,0.11412659785119242,4.912623290532206,0.3872907143654522,0.47999999999998977,0.47999999999998977,1.2536090489567266,0.2079999999999984,0.9119999999999919,0.9943237710984731,-0.860131565133615,-0.530401791220956,-0.0479666289034497,0.031578911913981524,-3.5500764475171267,1.1759643558128854,81,78.656,79.568
0.05427142077519378,0.0559999982350773,0.42669880169118624,4.2880066088199,0.7565523154715291,0.3503287898001848,0.33121423635676683,0.4231855915424886,1.0126192183823612,0.12137230490049446,6.955445522222551,0.036374459383737213,0.4159999999999968,0.4159999999999968,1.2944085686121882,0.21600000000000819,0.9279999999999973,0.9950170264294586,-0.7936286490479618,-0.5170604849714713,0.058584459462787515,-0.11689925481737044,1.6411351036830863,1.035205263527031,82,79.568,80.496
0.2319999999999993,0.2188322235299418,0.4985071928880499,19.916708495865993,3.983341699173208,3.983341699173208,0.6979935087048273,0.18599999999999997,0.22644670569768172,0.33124109290577525,1.9531674347496482,0.8959999999999865,0.7439999999999998,0.7439999999999998,1.9916708495866042,0.46399999999999864,1.191999999999993,0.973928260106361,-0.8931526792929034,0.5373462983315003,6.21569685686667,-1.4478170869040556,2.121426558625894,1.3694852076366915,84,81.168,82.36
0.06615813084204278,0.07199999882068985,0.4231362086202748,4.937819465363126,1.3638693314814292,1.4896120684726923,0.32654800441092624,0.3431017724980567,1.6015668725337056,0.10336601460543147,5.7678817961373365,0.39929885016103916,0.5040000000000049,0.5040000000000049,1.5574842294445121,0.20000000000000284,0.9519999999999982,0.9935065542806987,-1.2933730820154823,-0.6841350495600141,-0.10696926660879029,0.07421945275039357,-1.630649785832663,1.3694852076366915,85,82.36,83.312
0.05109308864124233,0.055999978403595635,0.4210014019001594,5.65923743124735,1.642379047389096,1.272570102139425,0.33051939504646854,0.5233433777334322,1.3400217928024676,0.11956246753470486,14.95812315986471,0.1915095309123846,0.4720000000000084,0.4720000000000084,1.613996743338933,0.20000000000000284,0.9279999999999973,0.9924178470097406,-1.4126573644334366,-0.6961563831732904,0.0018921965678149856,-0.041191160650700775,4.8902597935193945,0.9784741586534697,86,83.312,84.24
0.05423389709911919,0.05600000744483847,0.39538551015558165,5.517651892976713,1.2721253925114187,1.1257528280959679,0.30530217122182607,0.3221075832147998,1.217707857146288,0.10056633760318066,5.983145991057233,0.25590465154982783,0.32800000000000296,0.32800000000000296,1.7453497865610295,0.19200000000000728,0.8880000000000052,0.9920390496136317,-1.438539778283957,-0.7020221784255348,-0.05283758307256916,0.022820058982605754,-6.154157760808876,0.9784741586534697,87,84.24,85.128
0.04662293944267199,0.047999996656350866,0.40711025165766485,6.099843142069444,1.3879000151819458,1.1333318281951201,0.287260942770699,0.37009479312267474,1.1511712611976495,0.10717848549916892,4.913598220014859,0.2468478978958847,0.2560000000000002,0.2560000000000002,1.7286179361838194,0.1839999999999975,0.8400000000000034,0.9938853745602301,-1.3861123688264745,-0.6675762915301493,-0.0485323937404646,0.018053845411824605,-7.118616186891001,1.0889440926860556,88,85.128,85.968
0.07868428343519908,0.07999998883654735,0.4395288309547447,6.800406049639231,1.8634848839199907,2.8453010179485925,0.3388089173839727,0.3603540339200413,2.4179776278323,0.11493700228351132,6.066365831581716,0.6960412295587788,0.48799999999999955,0.48799999999999955,1.980237825073378,0.23199999999999932,1.0159999999999911,0.994793695410285,-2.3390883179099506,-0.945244469941146,-0.2924112231716547,0.18396888688487117,-0.6109303814756557,1.1368815709699582,89,85.968,86.984
0.05241130733168259,0.056000005506822485,0.40584441699052204,6.340713548029445,1.2969043362067318,1.1620203800241535,0.28143690773812396,0.38810999659155304,2.3050754967071843,0.09863576711592001,5.908670901263586,0.32542286352601163,0.2960000000000065,0.2960000000000065,2.0160649402584943,0.20000000000000284,0.9840000000000089,0.9927934943255184,-1.7073682476885885,-0.8667731177744261,-0.09611771522588873,0.09888285753860268,-0.8172767165918309,1.1260727382868363,90,86.984,87.968
0.05260023039405575,0.05599999985420552,0.40816666791600476,5.653127031253577,1.2120077491005912,1.2088655978155425,0.3223067854762892,0.2984868279237282,1.4617938810342328,0.09781732130158641,5.732079462268616,0.3459409195778183,0.47999999999998977,0.47999999999998977,1.9342280497246163,0.19199999999999307,0.9759999999999991,0.9930518813239018,-1.799021365494763,-0.8514063113959466,-0.0979157766267955,0.07160293716216698,-1.8957895433168666,1.0098014533791284,91,87.968,88.944
0.05311243756888664,0.05599993273930479,0.39235299461978346,7.72898089868149,1.701386879555102,1.9840793461952502,0.3109945144403715,0.331435898856359,2.586462523383275,0.12499915554968788,7.555665079002369,0.5023426313286006,0.32800000000000296,0.32800000000000296,1.9007743456737898,0.20000000000000284,0.9920000000000044,0.9926941103194574,-2.2097833387050594,-0.9503794082900698,-0.24745761668708302,0.17350130831225524,-0.630340299635627,1.0391135420113238,92,88.944,89.936
0.05426071263315758,0.056000000423078386,0.4080252144988524,5.768028222837173,1.3202392628208552,1.154054370365954,0.3187672550614663,0.35218620035816883,1.2741060740627357,0.0980455851580511,5.91094668013264,0.2773309946724063,0.4719999999999942,0.4719999999999942,1.9919814226919854,0.19199999999999307,0.9359999999999928,0.9913717497660357,-1.800633807724913,-0.8185761533832441,-0.04812625708634757,0.01577516982038388,-10.509061332885526,0.97847415865347,93,89.936,90.872
0.06691305218357636,0.07199999696456545,0.4185472259316762,6.382267868126148,1.4868948659469545,1.2767956232108777,0.30321833594173936,0.36300130663652497,1.1611366504873708,0.10504023486741408,5.519575376598285,0.24326554700785166,0.480000000000004,0.480000000000004,1.9578471585663744,0.2079999999999984,0.9120000000000061,0.9936280193421411,-1.7964616914629268,-0.7892034583643951,-0.04793164977433845,0.006228250525052223,-27.0515959584468,1.0479071686009822,94,90.872,91.784
0.05131427050729411,0.05599999989581054,0.4233630456766397,5.705056665712672,1.4292939225555286,1.0747922301422652,0.3477154451131212,0.3592253642217794,0.9128390322509927,0.10292901017303162,5.229082220361164,0.24747897940604824,0.4719999999999942,0.4719999999999942,1.97962393637536,0.19999999999998863,0.8799999999999955,0.9946885460804521,-1.8737841203445214,-0.7522427287448535,0.02178934383634482,-0.057667311992045986,3.897323032883411,1.215047140655813,95,91.784,92.664
0.05406008444830523,0.055999982311523304,0.44595816785949655,7.482709720550468,1.806878691669649,1.078162733809632,0.3812944406237487,0.35179487574457324,0.9031540770770252,0.1274761390848472,6.031660990927068,0.23226240934775622,0.48799999999999955,0.48799999999999955,2.205872723866234,0.22400000000000375,0.9039999999999964,0.9943390775751536,-2.8502136099041957,-0.8739818001929093,0.14781939737794467,-0.14224888528164167,2.683986497839625,1.0850358142017629,96,92.664,93.568
0.05649900531960191,0.06399999877002584,0.43774101722565784,6.835041960597709,1.5464722850932122,1.2094319843436832,0.3625124757730603,0.38084220949260816,1.5867830928955147,0.12405249882113349,6.714706184470777,0.4093952571843683,0.46399999999999864,0.46399999999999864,2.044274348304947,0.22400000000000375,0.9279999999999973,0.9939097063296757,-2.31445606869259,-0.8391865316965591,0.02383827543539907,-0.06697996450418614,4.1413061760180945,0.9735888105481038,97,93.568,94.496
0.05092875366646744,0.056000008800036756,0.441808098330968,6.614863246861252,1.2973085522887082,0.9313995259759159,0.3566687224990006,0.39417477853931165,0.8550223973472268,0.11857258175521913,6.478742652929917,0.2974478233815794,0.46399999999999864,0.46399999999999864,2.14625984859439,0.23199999999999932,0.9280000000000115,0.9931045350596551,-2.260411592992526,-0.8525885384416051,0.09521288975319502,-0.11898420361205797,2.4566441704775572,0.8181736739461515,98,94.496,95.424
0.06854605730083468,0.07199999966391879,0.45697317366578927,7.19896169531981,1.1341560115012896,1.0387828150639513,0.32424065260068785,0.3238601545222844,1.139285304727928,0.12871871085387376,4.087279375983666,0.42056670241726335,0.47999999999998977,0.47999999999998977,1.9707712245993463,0.24799999999999045,0.9839999999999947,0.9894943137874108,-1.9827089068714938,-0.8546897516810983,-0.01978843755891482,-0.018832041495119366,11.068248338736487,0.9022627282097619,99,95.424,96.408
0.05145061156115212,0.05599998249238573,0.42636861424291567,5.060053371822547,1.1920803749799147,0.9741412736199084,0.35520402621787844,0.3416194224784039,1.1909825834060497,0.10668197261454744,4.888486910567109,0.3335935868113742,0.4719999999999942,0.4719999999999942,1.7174775009671983,0.21599999999999397,0.9359999999999928,0.9923441716485062,-1.517069385750765,-0.717375900067238,-0.017751789515606884,-0.01629880931747543,11.717502232987608,0.8592105980312252,100,96.408,97.344
0.06065311990519417,0.06399996915595256,0.4061774747637732,6.199001491206897,1.4341128857829666,1.11825690901909,0.33205232470628,0.32162325877248626,1.976359012534492,0.11514401515589136,7.8533561300843,0.30088432590926445,0.33600000000001273,0.33600000000001273,1.80368273005448,0.20000000000000284,0.9040000000000106,0.9927980167784918,-1.7695440277790908,-0.7444422830367321,-0.06905792637343242,0.017859268342353362,-10.091170652099406,0.8592105980312252,101,97.344,98.248
0.05356793437864859,0.05599998537379963,0.4099519594284591,5.742362019775582,1.240259300626481,0.9819036704317532,0.3119173469105436,0.3614478543356454,1.1945435982448864,0.11417146992917263,5.763865250152769,0.29140605459280244,0.3359999999999985,0.3359999999999985,1.6444882161930001,0.19999999999998863,0.8719999999999999,0.9943540234285182,-1.338310424317766,-0.6468972531974054,-0.007193301487872398,-0.025877444548906937,6.54331954271132,1.1574000330124952,102,98.248,99.12
0.050828563427748254,0.0559999983163617,0.4161338566944561,5.835935028471361,1.2734657285383244,0.7972995770023307,0.3307038096575094,0.36875823542073916,0.9162582890942526,0.11707296849848037,4.036003735235129,0.2583458402933449,0.4159999999999968,0.4159999999999968,1.7254052660944932,0.22399999999998954,0.8639999999999901,0.9938133168127652,-1.4844808003613248,-0.6559826586173167,0.04246303884486071,-0.07427632375673493,2.798803865254064,1.1446981279385442,103,99.12,99.984
0.06193727468290978,0.06399997169541945,0.4561199407345961,6.2395880418838665,1.3629500587050032,1.0534409732281778,0.3552045459173412,0.3441796822709766,1.1421719605674572,0.11692028657937538,5.348830077221721,0.3645802944430804,0.48799999999999955,0.48799999999999955,1.9463088232549857,0.23199999999999932,0.9200000000000017,0.993524979597167,-2.0047814902068826,-0.7804355216708249,0.026876233566266693,-0.06719921657953065,3.868396885577467,1.100668928138934,104,99.984,100.904
0.05260635532602819,0.0559999582924748,0.43857555669727455,5.923134288406067,1.32408205445462,0.9663063749636087,0.3655499626479803,0.37701375282786054,0.8903275848928945,0.11202139922058552,4.894635212597596,0.31918976749551164,0.4720000000000084,0.4720000000000084,2.023872700167951,0.23199999999999932,0.936000000000007,0.9916572639023551,-2.050884260564093,-0.8162582121061563,0.06898611606254113,-0.09750632375554755,2.8801644210237547,0.9091022155572743,105,100.904,101.84
0.05842495921248354,0.06399996211577481,0.4321202425121531,5.928121231218975,1.267204034104738,1.1249179016354287,0.34491135214110386,0.3513904396638841,1.3184374123225475,0.10919881120173835,4.986268437817298,0.40347524579542,0.4719999999999942,0.4719999999999942,1.967455789893426,0.22399999999998954,0.9599999999999937,0.9938363706212759,-1.9377345194984645,-0.8324162757149856,-0.020637864668875218,-0.019091441524400343,11.068553588827108,0.8924920319990299,106,101.84,102.8
0.05122770599282325,0.05600000828868804,0.42034838150207593,5.535162431875827,1.192157766994237,1.1408375221925817,0.3264271184132701,0.35021571830457554,1.694411816591392,0.10416369674464813,4.569734365185993,0.4589810879675734,0.4720000000000084,0.4720000000000084,1.8358395806996546,0.2079999999999984,0.9519999999999982,0.9911296400600702,-1.6212184638475293,-0.783269200838022,-0.05801619166848609,0.03093231965857077,-4.784224259239305,0.8924920319990299,107,102.8,103.752
0.05504507952272675,0.05600000813947426,0.41617178051523457,5.508310219947638,1.3125835190168775,1.0570795859946605,0.32926083658261235,0.348993956505382,1.2137628220754242,0.10472808134856568,4.962753487915685,0.3062276759101675,0.4480000000000075,0.4480000000000075,1.8039887867766309,0.2079999999999984,0.9040000000000106,0.9914743112120035,-1.5769029272442072,-0.7228078044985196,-0.0245725755274729,-0.012002573577774341,15.229270772017454,1.0205492192109333,108,103.752,104.656
0.059419227304189935,0.06399999968461997,0.4098265755941668,5.1255826706239,1.2157402625788838,0.9412256598870105,0.3217840218277788,0.32106188468282343,0.9693731995852707,0.09843022311852395,6.213167481894813,0.19986810405306793,0.4719999999999942,0.4719999999999942,1.724100548647767,0.19999999999998863,0.8799999999999955,0.9920113565309422,-1.3937017663416054,-0.6651790456489622,-0.001639384090501709,-0.033163864597358636,5.399442628004096,1.1270498079079099,109,104.656,105.536
0.07590175572341123,0.07999999245542064,0.428667531961508,6.464178098366209,1.4150530930897702,1.154615548024025,0.3118364873963762,0.321777014840667,1.1021464542839323,0.10532489404760936,6.53222018495876,0.22905704032993554,0.4719999999999942,0.4719999999999942,1.9722465323537937,0.2079999999999984,0.8960000000000008,0.9945364864319552,-1.9099225887463889,-0.7748943237025645,-0.028953969444818282,-0.01959082285491053,9.896030618008044,1.2854572202243986,110,105.536,106.432
0.054387198091109916,0.05599997681053632,0.4461074307838837,6.3950224933121245,1.4684993783580305,1.131010812326005,0.35480147781520377,0.32138954095349404,1.1741475335308191,0.1123650948371939,5.345064004217694,0.3296764019585408,0.480000000000004,0.480000000000004,2.0261852191496184,0.20000000000000284,0.9119999999999919,0.993119986957402,-2.221843305322605,-0.8311254449244796,-0.014763764919550865,-0.035473009829546334,7.119459650614351,1.3040215430247888,111,106.432,107.344
0.05408758773145493,0.056000011477329,0.46307476459578556,6.712194613825873,1.508631115089412,1.417542962856951,0.3287413191859556,0.33237225077941684,1.3219729723556986,0.10365425866572689,6.429300881208882,0.31972978521556933,0.48799999999999955,0.48799999999999955,2.1831670686474913,0.22400000000000375,0.9520000000000124,0.9807367744275709,-2.427150256704278,-0.9521718378329943,-0.12655147697294677,0.057212787369172416,-3.282394463124359,1.3040215430247888,112,107.344,108.296
0.05471741684875898,0.05599999599278429,0.43084049017736525,6.398291053099511,1.311016915667149,1.1512451746741372,0.3466393817673489,0.35251865629820633,1.3250278639471227,0.11446261821147474,4.503456879797321,0.3934257995095719,0.4719999999999942,0.4719999999999942,2.0589055150111784,0.22399999999998954,0.9839999999999947,0.9941425526838159,-2.172393401769597,-0.9043374110725838,-0.0424285973689068,0.003275572092762557,-63.73975963615119,0.9550244877477135,113,108.296,109.28
0.05719103948112291,0.06399996112766657,0.4134684359614267,6.17442672914977,1.2391648854517725,1.1165064202328174,0.3177376635034188,0.32241586992575105,1.4820984331614422,0.10770090673352009,5.9487059033117005,0.2978548615055565,0.4479999999999933,0.4479999999999933,1.9197266180560986,0.20000000000000284,0.9839999999999947,0.9919778314847659,-1.8498744498964903,-0.8631980117746271,-0.07391609768826354,0.0460655505332223,-3.29216338591458,0.8690423610932742,114,109.28,110.264
0.054702508159373366,0.05599999739690706,0.41673901138213854,5.7652142811117955,1.3685430794516886,1.3140674843850668,0.3342006639762127,0.3275030636677202,1.89802446512534,0.10984564489173916,3.698879495621486,0.4499459773089948,0.4960000000000093,0.4960000000000093,1.7982850442603682,0.2079999999999984,1.0,0.9938002267982744,-1.7491149137385036,-0.8399970301646905,-0.13642583161772054,0.1100623157785109,-1.0517151592587133,0.9941072725906406,115,110.264,111.264
0.05085916438619425,0.055999962893335344,0.4089107047060335,4.975830839423468,1.2364340302549788,1.0629492743953486,0.32160420811034807,0.3699162559850283,0.9791830523744769,0.09576259874027869,6.50933508019504,0.19682255479164132,0.5040000000000049,0.5040000000000049,1.7368727340778742,0.19200000000000728,0.9200000000000017,0.9909102587647927,-1.3929605809159082,-0.7102416343301394,-0.009689966111438594,-0.021027653566131163,8.08526157456769,1.110439624349666,116,111.264,112.184
0.057122280506925714,0.06399999053493018,0.4092535046810404,5.715512019254772,1.410732099268473,1.1134754723455247,0.31344029078538677,0.3553623734008122,1.0199406176490893,0.10094336121397127,5.17700911148793,0.22946361673265903,0.46399999999999864,0.46399999999999864,1.8454136078273664,0.20000000000000284,0.8719999999999999,0.992838307133457,-1.5958208308607207,-0.7128572810331764,-0.012740069250111535,-0.02527559659088847,7.065115996268637,1.2257949064876175,117,112.184,113.056
0.05157565173845978,0.055999991144432375,0.4267025158116646,6.574071941265417,1.5553383840439519,1.1532962084995,0.3442637816785932,0.34655699475271456,1.0355659422521606,0.11620352808661484,5.9168503233463134,0.23921587155773294,0.4720000000000084,0.4720000000000084,1.9632481571545666,0.2079999999999984,0.8880000000000052,0.9941684826814999,-2.090975208011502,-0.7908421176918408,0.00047858496147594595,-0.044213813050353934,5.408052287760074,1.1476293368017634,118,113.056,113.944
0.05088113265495505,0.05600000674523849,0.44306988068525816,6.113480602474867,1.4248537309000675,1.0970998622664396,0.3662310301165779,0.3767242742817353,0.9279851626554401,0.11270713117028902,5.1477104625430625,0.266687142338647,0.4719999999999942,0.4719999999999942,2.0492753535812582,0.21599999999999397,0.8799999999999955,0.9922108388720011,-2.083369565575311,-0.7619411028919773,0.012294345827846375,-0.05058643340683773,4.260902310974953,0.9941072725906406,119,113.944,114.824
0.05250509993875587,0.0559999808468944,0.43566904917887256,5.8933991757604405,1.1804347292367168,1.1015560379989349,0.34676824691058966,0.3719412092466816,1.362803104752337,0.1133015970545937,4.6208715086411205,0.43321623467671405,0.4720000000000084,0.4720000000000084,1.9405279621559886,0.22400000000000375,1.0,0.9932128685779434,-1.8860435593448908,-0.8610981346301179,-0.03244606715132254,0.001604521685366943,-119.3301387004708,0.9941072725906406,120,114.824,115.824
0.05159774238775838,0.05599996403314216,0.4220391762078428,5.6050744162221875,1.2401646324660265,1.0293410181427158,0.3533057416287407,0.34072237724954885,1.2851461183498556,0.11121656448739753,4.593257093205697,0.34848990458268675,0.45600000000000307,0.45600000000000307,1.858006613659896,0.21600000000000819,0.960000000000008,0.9932848398961296,-1.774598480999896,-0.7959694350840569,-0.03428879586173235,-0.00038852306853813696,493.5844272648272,0.9091022155572741,121,115.824,116.784
0.06755698382769412,0.07199999430087177,0.42415811113387925,6.519354880615092,1.2873776753808823,1.246359667883339,0.3189253466830881,0.3104514624096997,1.5106868909821642,0.11677497614215229,4.948970803881378,0.3607995970837292,0.4719999999999942,0.4719999999999942,1.848125269011733,0.2079999999999984,0.9919999999999902,0.9935345387608397,-1.8464090518698522,-0.8497109918153412,-0.10080825765495341,0.0666208380545459,-2.1796516833872146,0.9091022155572741,122,116.784,117.776
0.06037139868203432,0.06399997067842392,0.41650550177553247,5.441174269058113,1.116000279783,0.906725419977119,0.31448962101605105,0.3628066349174399,0.8906172146695831,0.10595364145603405,6.4350008351189825,0.20926623299179348,0.45600000000000307,0.45600000000000307,1.7575886720530964,0.2079999999999984,0.9040000000000106,0.9930971244460431,-1.3855450160656095,-0.6832526811387232,0.013690994578467465,-0.04662794069476663,3.8113908864695945,0.9950843422117135,123,117.776,118.68
0.0846708324917236,0.08799997286813081,0.4600723547621673,6.824503023437303,1.5268121361063964,1.1304576505697586,0.3491750629402065,0.34918656715437973,1.0993760421132954,0.13094023930690515,7.346812941833894,0.28892630342453796,0.5039999999999907,0.5039999999999907,1.8302220030928726,0.29599999999999227,0.9039999999999964,0.9925803307230101,-1.8667765074980172,-0.6844419460177779,0.056699011214013814,-0.0982095592211531,2.9022761191836883,1.1270498079079097,124,118.68,119.584
0.06911592450818874,0.07199999782529398,0.4594287382575589,6.994491452378115,1.6324344849731673,1.3069140297072277,0.3520021529249286,0.3180068242935166,1.34886048459854,0.11839107041338143,6.130463811911203,0.3274744287644976,0.5120000000000005,0.5120000000000005,2.054133520395503,0.23199999999999932,0.9279999999999973,0.9938838647756003,-2.433732959329167,-0.8588861723686546,-0.05507888408775579,-0.01939013382945776,13.633910355202497,1.2766635936347397,125,119.584,120.512
0.051997571960307735,0.05599994366988951,0.686755033921923,6.366233400661111,1.5409082679398762,1.2508363137899472,0.39461077800410344,0.4139884025006937,0.8928612319547133,0.1172603412505567,5.195477485781995,0.313569765982278,0.4719999999999942,0.4719999999999942,2.220368276078756,0.23199999999999932,0.9279999999999973,0.9942936478330953,-2.5123232917825273,-0.8549888489725022,0.001745078335231581,-0.06415574031965164,4.440581404695916,0.9022627282097616,126,120.512,121.44
0.07372426716796325,0.07999999069761762,0.4518390119329154,7.222071539996844,1.3701976215394136,1.1921646567655548,0.34614537847531923,0.3753940858288497,1.4274053539156966,0.12774690569619795,4.0262857776083685,0.43560778942317874,0.5040000000000049,0.5040000000000049,2.099982059459363,0.2400000000000091,1.0319999999999965,0.9943862407265124,-2.3813769769050634,-0.9572447031713823,-0.037182059948968116,-0.007802290320160221,29.43647383587737,0.942322582673762,127,121.44,122.472
0.05331985818826702,0.055999997890658515,0.4341554345051472,6.188611037996685,1.2450861088423018,1.1894994995481931,0.3434831505799576,0.33732123951907655,1.5916738526595355,0.11812870110258693,5.13887590847946,0.4196509877436337,0.46400000000001285,0.46400000000001285,1.8891573163461732,0.20800000000001262,1.0,0.9947371064625938,-1.9273096752312397,-0.8687039173155998,-0.08104543235223143,0.04684660169539367,-3.62131180272595,0.942322582673762,128,122.472,123.472
0.05235387330155677,0.05599998272515204,0.4237964055919829,5.230010771368914,1.0894169344239244,0.8389723694960199,0.3544786718469037,0.384228075141322,1.0421637705318716,0.11069070455906606,2.86380957498408,0.43635729358757996,0.46400000000001285,0.46400000000001285,1.8175716833397806,0.22400000000000375,0.9920000000000044,0.9935718811898568,-1.5888409038249685,-0.7791364064221983,0.010833890345254995,-0.041772874330788426,4.870904023762619,0.9423225826737623,129,123.472,124.464
0.05108383641589056,0.05600000062930536,0.4160000082149541,4.944006983173368,1.206407114534391,0.9663161036903612,0.36119939299257037,0.3544334356113206,1.0330854514714536,0.10448609424747432,4.902512717758848,0.28713076891546047,0.480000000000004,0.480000000000004,1.7509220217025845,0.20000000000000284,0.9279999999999973,0.9943596209910649,-1.5195799593421566,-0.7080451099270816,-3.5154524407966185e-05,-0.0325906841563271,6.023749640116335,1.086012883822836,130,124.464,125.392
0.060076124155907726,0.06399999778118534,0.4260705947597872,6.1514790665957,1.3448240393110071,0.9425863556400117,0.3390061159765246,0.3428079737978021,0.9420724314064146,0.11480924917936894,6.505626587889479,0.24027815018268212,0.4720000000000084,0.4720000000000084,1.879224800233823,0.21600000000000819,0.8800000000000097,0.9933220151210778,-1.7858288449894895,-0.7163492241253733,0.04884912340640209,-0.0818639921817579,2.958843367524629,1.1847579824025436,131,125.392,126.272
0.06715725400653717,0.07199999923632708,0.45520702457633805,6.663937722235631,1.309906811228324,0.9597944880947377,0.3422638480469875,0.40044809575975954,0.7868188265589314,0.12074466719133105,5.279071457672026,0.27472587877509436,0.4959999999999951,0.4959999999999951,2.0396308200861384,0.23999999999999488,0.9039999999999964,0.9935905811047032,-2.001577777575477,-0.7626904463425149,0.07555097367819542,-0.10875383199592568,2.3493718853267316,1.1075084154864459,132,126.272,127.176
0.051315511172043936,0.05599996784247504,0.45452929584139395,6.512421680905285,1.3783279304426008,0.9303605432353289,0.36869111992083115,0.3510763955340361,1.0047866396677132,0.12163599782391547,5.079232156195724,0.3721176061520722,0.46399999999999864,0.46399999999999864,2.051267957949987,0.23999999999999488,0.9119999999999919,0.9928523531744233,-2.210361953546834,-0.8067977881746673,0.09419528854916233,-0.11514193639573116,2.6636567147980617,1.0049161052737623,133,127.176,128.088
0.05269796272294091,0.05599999398039551,0.44798518050931607,6.885183360456307,1.7069524738019262,0.8099075183851524,0.3669862819517614,0.3807169120743932,1.7947657090885973,0.12431785073536734,1.9840792599542307,0.5735390544523935,0.4800000000000182,0.4800000000000182,2.152026458534424,0.24800000000001887,0.9519999999999982,0.9933070030660495,-2.446729873875813,-0.8929703418916923,0.018623466072940836,-0.059725465802996196,4.615031376258302,0.8074259081143464,134,128.088,129.04
0.05206832078654437,0.0560000081988281,0.43922096693591844,5.67410498099754,1.1506941570444886,1.253302153762514,0.3558449214987643,0.3838650407092075,1.404587463598083,0.1121204042833735,4.537892832538651,0.5607247208250297,0.46399999999999864,0.46399999999999864,1.919330642567516,0.22400000000001796,0.9840000000000089,0.9954565753326534,-1.845905360383197,-0.8304596670113247,-0.015174007189707545,-0.017727442922966345,11.235110042307657,0.9814053675166892,135,129.04,130.024
0.050943851345943016,0.056000011465213904,0.416970494468081,4.513711187490009,0.927786295702492,0.851950557348391,0.32991972725909774,0.3612331373020892,1.2856812891302758,0.10532794787342793,4.200642781145677,0.3982737063436126,0.4399999999999977,0.4399999999999977,1.5184384162321194,0.19999999999998863,0.9679999999999893,0.9935875592815073,-1.092097811383682,-0.6510186446853266,-0.020395117162757038,0.004298001164219313,-31.163056660776274,0.9814053675166892,136,130.024,130.992
0.06370225415626202,0.06399999928418577,0.4319999793820745,4.9465974984229675,1.0863313231842702,0.9482534447032761,0.31840704357638194,0.4533519609521576,1.4886864432109639,0.11787033915395836,6.620748681458162,0.39096996798612194,0.36000000000001364,0.36000000000001364,1.4557156041824777,0.2720000000000198,0.9200000000000159,0.9904375996040693,-1.0082164242354024,-0.5793356221844227,-0.0034170852500858156,-0.02467403551647424,5.999854368485134,1.116302042076105,137,130.992,131.912
0.08483094893426223,0.08799996500078107,0.43249929769307904,4.869329391489693,1.135370605284724,1.071594318443053,0.29292711365525187,0.32731679577201944,1.2828542471891669,0.1029525844813183,6.18969009371026,0.2632722546397552,0.4959999999999809,0.4959999999999809,1.4395349694036552,0.21599999999997976,0.9199999999999875,0.9940086427311856,-0.9971679224567936,-0.5853533706294392,-0.05483791281312515,0.03323984283378591,-3.3244360281802434,1.116302042076105,138,131.912,132.832
0.061812683687045414,0.06399996025832982,0.4175803617252302,4.538316785912391,1.0192720760850351,0.8551042641100441,0.30811453255664517,0.3211386467869944,1.141630311996256,0.10112889231131562,6.381427003979773,0.22565101088272033,0.4480000000000075,0.4480000000000075,1.4425795770300633,0.20000000000001705,0.9120000000000061,0.9909750025620591,-0.9905881170249858,-0.589719656523845,-0.026791919944785653,0.004577322600220019,-28.931594933636788,1.2199324887611787,139,132.832,133.744
0.06251691883721676,0.06399999352951614,0.42773341986691443,6.363441132250564,1.6271904948465998,1.9350035738503728,0.3169003344184685,0.33991733183412937,1.7457926759768512,0.11009765276738577,6.757557050938225,0.4358208012850966,0.4720000000000084,0.4720000000000084,1.8391203577302646,0.19999999999998863,0.936000000000007,0.9935783985421274,-1.8508890040891268,-0.8118757811993744,-0.18610310436775226,0.11576305135423762,-1.070951887253133,1.2698241062872273,140,133.744,134.68
0.05781235678138903,0.06400000830461776,0.4076333235597598,5.728382640375264,1.3592357626376117,0.9958655101146149,0.3246520953380137,0.3379945966717035,1.0961854382637999,0.10234236618567995,3.5185235593414403,0.25029347913660394,0.47999999999998977,0.47999999999998977,1.8883697590140922,0.19999999999998863,0.9519999999999982,0.9862915357676935,-1.7515554339085178,-0.8089366198246132,-0.026437619075182352,-0.008393699506752056,22.887435943343426,1.0283657761795186,141,134.68,135.632
0.06486287227343487,0.07199996481144602,0.41238219322753267,6.4694813570385845,1.3021399624784074,1.571396382489184,0.2997028346327953,0.3129395141040724,1.7368982371528017,0.10303998065306308,5.497704334650759,0.40411611587254015,0.4720000000000084,0.4720000000000084,2.001203965910353,0.19999999999998863,1.0559999999999832,0.9936777061047395,-1.9422196474808238,-0.9514930433315754,-0.15607948028702112,0.16156327578682067,-0.3737361795270503,1.0283657761795186,142,135.632,136.688
0.05366937825453851,0.055999995309603444,0.40091625988601254,6.439242866223156,1.4493674735696709,1.7649309397614499,0.3048243420791149,0.30876966316199533,1.6514502400168851,0.1018549815127706,6.091267653592545,0.40028067212364143,0.4800000000000182,0.4800000000000182,1.9890455091289827,0.19200000000000728,0.9840000000000089,0.9933538983374145,-1.9953158627061263,-0.9155338267097739,-0.1866574737888484,0.15838040632146494,-0.5123621166454918,0.9892219244852745,143,136.688,137.672
0.05975562234039406,0.06399999587445761,0.40773052336117765,5.75905496664098,1.4481358855822841,1.2185521137776056,0.30254497619348714,0.3066163139208998,1.1448980584824489,0.09541723171328381,6.323833827341994,0.20883684197473332,0.4960000000000093,0.4960000000000093,1.8412740316663825,0.1839999999999975,0.8559999999999945,0.9923039157039759,-1.6158666297396524,-0.7142220808649506,-0.07063829823574705,0.023440891909072607,-6.363123367805496,1.0703797698856656,144,137.672,138.528
0.12427664924365986,0.1279999773116009,0.476365481102534,7.8078616035960495,1.7423267412704018,1.669133356189345,0.29702260566227545,0.3011632502180428,1.789166837361396,0.11930337521003694,6.547917986507219,0.29189759354287464,0.5360000000000014,0.5360000000000014,1.8791358332602988,0.26400000000001,0.9840000000000089,0.9960246029482652,-2.1063937702659183,-0.8406985305238148,-0.21619187984093538,0.1115266908699847,-1.2130428167318426,1.172056077328593,145,138.528,139.512
0.05871664733892529,0.06399999550648947,0.4256405457500946,5.934071924139407,1.590556124836874,1.690004059200945,0.335788366297939,0.3320438978283008,1.63229269552746,0.10188662986533606,3.6547395649930388,0.46999078408244693,0.48799999999999955,0.48799999999999955,1.9608825655725581,0.19999999999998863,0.9759999999999991,0.9937284310736062,-2.030709577133622,-0.8820386129984317,-0.16254481951718125,0.10390230558379572,-1.3557964538437641,1.1172791116971779,146,139.512,140.488
0.05067930950103896,0.055999997237003774,0.4131974913151354,7.570131922090204,0.9795633226113861,0.8105295627649637,0.2420234674877631,0.30059450438278235,1.3921493143203139,0.1044938054825103,2.913871286996147,0.23061820623040705,0.26400000000001,0.26400000000001,1.9733266026053413,0.1839999999999975,1.0,0.9932539639008813,-1.5391468089566969,-0.8560359921987384,-0.06749463378995185,0.0942830586898398,-0.5668863894376409,1.0879670230649823,147,140.488,141.488
0.05279701747148787,0.05599996422067887,0.40047275261314647,5.539523916795743,1.2998194315102527,1.0886439367967498,0.2935586643260432,0.3133824826599687,1.3570225247682468,0.09318023109834993,2.8283980664139228,0.2930096239559506,0.33600000000001273,0.33600000000001273,1.8425592775611044,0.1839999999999975,0.960000000000008,0.9919755588289864,-1.5228331743470633,-0.7945818081933017,-0.09966989941636889,0.09414739286197593,-0.9592593005417803,0.9980155510749332,148,141.488,142.448
0.052295000090810374,0.05599999579862655,0.4155481283125512,5.958349682142489,1.417149393140536,1.1969535579080992,0.30182531610850755,0.3088137425291093,1.4300015613351227,0.10319769011262826,6.233174662813988,0.2457801911596367,0.47999999999998977,0.47999999999998977,1.7736781338607086,0.17599999999998772,0.8719999999999857,0.9932940353004829,-1.5717663451785573,-0.7229902007208067,-0.1036077108098788,0.057366663084208104,-2.285300433600101,1.060609073674934,149,142.448,143.32
0.1333642406294174,0.13599995422383418,0.49600016729194313,6.169778531993356,0.9608801081980288,1.0168720834238543,0.27563108833526806,0.2848842768550016,1.508078334460546,0.09823458684934135,3.5103583022436218,0.41582098285610747,0.5520000000000209,0.5520000000000209,1.9422542028123524,0.2720000000000198,1.0320000000000107,0.9924137523865173,-1.5368230321857999,-0.7856852258605671,-0.07295740339509307,0.06632649594189063,-1.279093823098649,1.0948065104124944,150,143.32,144.352
0.08614189595278081,0.23200210072192437,0.949596662892225,7.8928560522808775,0.5238782485707971,0.02202233062975938,0.1886006933932334,0.6748816966762544,1.907833131744451,0.09745804609769251,0.9710520441239372,1.007991159723981,0.29599999999999227,0.29599999999999227,1.9662462485567223,0.21600000000000819,0.9679999999999893,0.9875208884751877,-0.8989183264904133,-0.6353154246642998,0.002638929377758206,-0.031503428850820074,1.2896814746511858,1.002961966031616,151,144.352,145.32
0.1081359065654361,0.1119999284249504,0.46095961935311175,6.948633999440206,1.5497715649080004,1.6144466004107043,0.30967765806892544,0.30304026821790014,1.9243064252148456,0.10992751249990128,5.489354138801775,0.38441674157286804,0.5360000000000014,0.5360000000000014,1.9987471636631857,0.2400000000000091,1.024000000000001,0.9933472692433422,-2.143347792793276,-0.9085583129591632,-0.198946088544052,0.13066737106609763,-0.8934274463841624,1.002961966031616,152,145.32,146.344
0.06717464988207346,0.07199996302217204,0.4222648542180787,6.490206554156668,1.7117979057679358,1.9213958880614306,0.3206400050181006,0.3360441851253035,1.658098396085636,0.10674366125772437,4.509933662507822,0.41884659551425757,0.5120000000000005,0.5120000000000005,1.9633227428621316,0.20000000000001705,0.9840000000000089,0.9944673171918679,-2.0972997106223823,-0.9044095033570055,-0.2081320206293748,0.1435543570737253,-0.7826629410423575,1.0088243837580553,153,146.344,147.328
0.061368780083470034,0.06399996004642827,0.4187973731231819,6.376123157328464,1.3561838564737685,1.2891282513217592,0.3215998378372682,0.2996975886978202,1.6696903144177224,0.10720076447469451,6.033920822555175,0.33953893081464603,0.48799999999999955,0.48799999999999955,1.973817679265678,0.19999999999998863,0.9919999999999902,0.9936334098607725,-2.036211899116654,-0.9045454530623802,-0.1314133603292478,0.0878865572778173,-1.6761861800331472,1.0156638711055677,154,147.328,148.32
0.06034938007671918,0.0639999973058125,0.4108065602276731,5.9771087550340045,1.3556465514308944,1.1774686875266815,0.3194724305114304,0.3184041927670581,1.3117264255692125,0.09908679515155565,6.184457168454618,0.24656701938442893,0.4720000000000084,0.4720000000000084,2.0049818422750065,0.20000000000001705,0.960000000000008,0.9931877393729581,-1.9300651361271786,-0.8604505547205729,-0.06830459894599954,0.02960976004191991,-5.849532130262016,0.9511162092634204,155,148.32,149.28
0.04681564425216552,0.04799999921962439,0.409518060511123,5.504427204604833,1.3397862614493798,1.0594603071895932,0.31859039873251266,0.3600117609986726,1.0287437352754876,0.09690071740136193,6.245416061077395,0.20444961221025507,0.4720000000000084,0.4720000000000084,1.8953995297033546,0.17599999999998772,0.8959999999999866,0.991110634281429,-1.6378140967393797,-0.755964252719886,-0.014678156397998566,-0.01884232912523585,9.718143392951795,1.0957835800335682,156,149.28,150.176
0.05179601208676652,0.05599999950553518,0.42426827924949667,5.736907440268672,1.4638555811254692,1.0473596865209804,0.35027238232846697,0.35705324807394323,0.8339456867215325,0.1019045463338581,5.36352413573622,0.22440183106537204,0.4720000000000084,0.4720000000000084,1.994431080195409,0.20000000000001705,0.8720000000000141,0.9928634236407092,-1.9281163091765419,-0.7523816597580073,0.046519085693896504,-0.07798784373131559,3.127118463031214,1.1153249724550314,157,150.176,151.048
0.06067665806642358,0.06399996193749578,0.4490625545011786,7.018550315465162,1.5150711979091784,1.1675819227412423,0.34008540784202695,0.35304937491726,0.98169773483694,0.1178656377514166,5.834195774621294,0.27224201777321105,0.47999999999998977,0.47999999999998977,2.0920030929353146,0.22399999999998954,0.9039999999999964,0.9940310324865669,-2.2910141051612447,-0.8339395525517034,0.01740148581274777,-0.06064160802833612,4.234904827392817,1.0899211623071292,158,151.048,151.952
0.05118481267003777,0.05600001574414984,0.4479397400862723,6.24733315807496,1.4582918329156112,1.0798914969628663,0.374096455936815,0.4008823519772757,0.8599885137433195,0.10881149892907471,5.628763724524498,0.3090115348067281,0.4960000000000093,0.4960000000000093,2.2115391894014955,0.2079999999999984,0.9279999999999973,0.9932622509259129,-2.445589315256883,-0.8788580732364732,0.0969713721929406,-0.11818880432542896,2.6162368604817368,0.957955696610933,159,151.952,152.88
0.05233634980614202,0.0559999888621389,0.43218665753529273,6.374085497712735,1.3198755261345858,1.3427661724738156,0.3432171512851582,0.3946049200603505,1.457004906627929,0.11543311362356176,4.651443656175191,0.5083321551113797,0.4800000000000182,0.4800000000000182,2.0419293850772573,0.23199999999999932,0.9840000000000089,0.993344383427171,-2.093901451328432,-0.8938348257365374,-0.030012884473232956,-0.0073135308468684525,28.456357004301893,0.7673660536503466,160,152.88,153.864
0.05079036065185944,0.05599999867622874,0.4243992184843684,5.936202485700044,1.35009305249656,1.147213604617363,0.35557135530904177,0.34417692278010215,1.330674472577174,0.10933036807314483,4.645855496669849,0.3582901542646754,0.4720000000000084,0.4720000000000084,1.9855476342975313,0.21600000000000819,0.9679999999999893,0.9929400251150967,-2.0672213488200493,-0.8676237675447336,-0.04898140587582755,0.007971203680935592,-25.5229408812771,0.7673660536503466,161,153.864,154.832
0.04551382703409231,0.04800000539877936,0.4546180661031702,5.393232242768698,1.2956668460464191,1.0502241785523516,0.3896726724512884,0.37914614511082223,1.274847078848054,0.11538402392879367,4.845224761766187,0.37303449011579776,0.5040000000000191,0.5040000000000191,1.901982813068173,0.2079999999999984,1.0,0.9890194591278676,-1.9087267995027164,-0.8337771031179476,-0.023406656041917526,-0.014620814875302935,15.994132771868054,0.9882448548642015,162,154.832,155.832
0.05372840321764379,0.05600001038558668,0.4157367001089455,4.444638465342431,0.9594336836191854,0.9062611932667031,0.3247942041420544,0.33105035261503607,1.3707133436220453,0.09969853902397796,5.767675426488361,0.31579282123538066,0.4720000000000084,0.4720000000000084,1.5332711775561982,0.19200000000000728,0.9759999999999991,0.9924304445214146,-1.1023702160998339,-0.6630203756669109,-0.04437376165956182,0.036354643564991816,-3.212909017294436,0.9882448548642015,163,155.832,156.808
0.05946915376611853,0.06399994564078512,0.3893963045172412,5.909700041126968,1.4412446982569538,1.2984911269459094,0.30020560970242344,0.314062084474731,1.4367758003237447,0.09910641067784558,6.03603373879586,0.254966963502393,0.32800000000000296,0.32800000000000296,1.8239475718554619,0.19200000000000728,0.9120000000000061,0.9918572044883746,-1.6425906625389093,-0.7710055464340115,-0.09189430952900955,0.05433085937015636,-2.499331402341703,1.018595079968787,164,156.808,157.72
0.058738822562724544,0.06399996854558547,0.4162654293960001,5.06290433252098,1.2057467980358023,1.0157145581861682,0.3163569448000923,0.3373809768739985,1.1247371041175076,0.0953307113382429,6.139500369983429,0.24831939837868977,0.45599999999998886,0.45599999999998886,1.7463408497889013,0.19200000000000728,0.896000000000015,0.9935987362614315,-1.3855942876747105,-0.6847163146612913,-0.02743250147812486,-0.004533121850946013,34.37546313948499,1.2443592292880084,165,157.72,158.616
0.05188385775956189,0.0559999699877212,0.4400872694515598,5.646654839889359,1.4012543359637457,1.1742751202533577,0.334687118847955,0.342021984812658,1.096481973587822,0.09955610789329339,6.2775957547798695,0.2638449852487492,0.46399999999999864,0.46399999999999864,1.923081754268803,0.2079999999999984,0.8959999999999866,0.989907889293482,-1.812197156683748,-0.7710113466425155,-0.04322182887096472,-0.0029447977566882883,64.5944761585686,1.1417669190753246,166,158.616,159.512
0.05441127659195212,0.05600000213938449,0.44022488373240043,5.898412809643177,1.4141068312427525,1.1375062821580626,0.36026674961628585,0.3200836849285516,1.235021986549359,0.10824929343087329,4.931917742886432,0.355222234596633,0.4960000000000093,0.4960000000000093,1.9707553725371694,0.2079999999999984,0.9279999999999973,0.9938488757721605,-2.0581970978022683,-0.8159697995010823,-0.03120199011158925,-0.01914767651096207,12.352215853442216,1.1250956686657634,167,159.512,160.44
0.05163517480050336,0.0560000053642786,0.4239999593795998,5.561039581420699,1.201861460490553,1.0349746471613892,0.345123123064541,0.37816018705804705,1.1311918631664353,0.10376057336498883,4.02549847814572,0.40263452370483666,0.4720000000000084,0.4720000000000084,1.9643422724544441,0.19999999999998863,0.9519999999999982,0.9926990400831073,-1.819027461122919,-0.8122620709938516,0.0022203828898164934,-0.0352857234862931,5.779527604550402,0.8504169714415661,168,160.44,161.392
0.05102833619671894,0.055999984784423716,0.4160000012794201,5.418613126720812,1.2633712865347617,1.0543448035145797,0.3529277104926517,0.3368906344040515,1.3683745338420663,0.10306070898221349,4.3944979339765124,0.35375774846219915,0.46399999999999864,0.46399999999999864,1.888469634870777,0.20000000000001705,0.9759999999999991,0.9946274743779229,-1.8315945777327323,-0.8309446566312166,-0.04891021060259162,0.014985872666918008,-12.42359663949653,0.8504169714415661,169,161.392,162.368
0.05140382735684067,0.23102924251223558,0.663999181464011,11.54682367066386,0.4917303194129073,0.8774623337395895,0.17034537013245907,1.2932493785628927,0.19084113635334224,0.11149296558735966,5.386134727328766,0.1405419432788855,0.6640000000000157,0.6640000000000157,1.8167306381503678,0.19200000000000728,0.9519999999999982,0.9914047500493265,-0.8161441695041058,-0.6179140104604786,0.0019723151850228695,-0.027265292047809232,1.4047128774618152,1.0010078267894698,170,162.368,163.32
0.0755211102505637,0.0799999869965191,0.42115147227081823,5.924431588109423,1.3672209151962555,1.300131422402154,0.29761379492018103,0.32800143208872334,1.4738412978043978,0.09885362847331577,6.47141450503301,0.2789022766228843,0.48799999999999955,0.48799999999999955,1.869810450786968,0.20000000000001705,0.9519999999999982,0.9923848155098304,-1.6423285341092824,-0.7890969329042374,-0.09374216517556547,0.0598610566174909,-2.1607560455337347,1.0010078267894698,171,163.32,164.272
0.058799268331879616,0.06399995493131369,0.40486221787231363,6.191583698049355,1.223569560085576,1.1414905412095446,0.2769911631871934,0.28895568329019716,1.1643859914890438,0.09774688633300734,5.324322102003673,0.23534024907948492,0.35200000000000387,0.35200000000000387,1.8643613345376533,0.1839999999999975,0.9039999999999964,0.9922121086445095,-1.5546096696803577,-0.7651417745926816,-0.07868759985625146,0.05378324257607071,-2.1448643607383615,1.0547466559484948,172,164.272,165.176
0.05353589356352212,0.055999974693000214,0.41366803071503383,7.20106040279116,1.6184837219707446,1.4483400082287412,0.30380134938405723,0.33686184194828406,1.8799096897839376,0.11493348486878792,5.789524786576016,0.3286276577269845,0.33600000000001273,0.33600000000001273,1.9381811571181329,0.19200000000000728,0.9200000000000159,0.9949663668270716,-2.026670578466913,-0.855359951462181,-0.15260615811984762,0.09124030670307032,-1.5089191147579295,1.1603312418757148,173,165.176,166.096
0.05319368863535044,0.055999992912232344,0.43195091363983174,6.301708393144938,1.6599551500413554,1.9023593920850002,0.33538497521066307,0.339897665849898,1.687513172867514,0.10608785553940105,5.565663121969449,0.46196830245903947,0.5039999999999907,0.5039999999999907,1.9817066214801553,0.19200000000000728,0.9519999999999982,0.9934976571616408,-2.156824061435484,-0.890156236104923,-0.18394756791188702,0.1034047555160322,-1.5087713932106592,1.206253514066154,174,166.096,167.048
0.04581197047887884,0.048000013281364974,0.4399999943699516,5.2000527178837475,1.347449515688899,1.3532548896956043,0.35144466923987217,0.35735841521095857,1.6591794376015325,0.1024106996423067,5.218937188907926,0.4544362779107943,0.46399999999999864,0.46399999999999864,1.8042889727615876,0.19200000000000728,0.9519999999999982,0.9921054403442023,-1.6724690963954953,-0.7814263608056093,-0.08835108593069302,0.04691064849847072,-3.496819952102514,1.2922967075719105,175,167.048,168.0
0.05979938399019065,0.06399996897068395,0.4305740830502396,5.801344231317682,1.3676094498283458,1.2094294668349883,0.3484014647549198,0.3444457464301411,1.3203102227307912,0.10396422648034921,4.726445400344671,0.3570521234217464,0.4960000000000093,0.4960000000000093,1.9957253959510253,0.19999999999998863,0.9759999999999991,0.9938465346911193,-2.022191642816672,-0.8651415497998889,-0.056224354112685206,0.01299027235780415,-15.369310711708698,1.0088243837580553,176,168.0,168.976
0.046095937887523336,0.04799999980257242,0.407930261046731,5.950186400142696,1.2224956776883704,1.2583317180515137,0.31583124654120864,0.3224757057372814,1.4655495889539738,0.10428845607316072,5.439529127224065,0.3799465832653695,0.45599999999998886,0.45599999999998886,1.9208870871657977,0.19200000000000728,0.960000000000008,0.9945175576658193,-1.7648806288882137,-0.8393564027246794,-0.09006366755105791,0.06627045427136437,-2.000499289021627,1.0293428458005922,177,168.976,169.936
0.044784242512715323,0.0479999750935577,0.40766416759254936,5.313828660575466,1.2978041758316161,1.0416026442733903,0.35722454104567036,0.3451651241624909,1.4240708170348453,0.101592027408169,3.898555069903001,0.3804274416436686,0.47199999999998,0.47199999999998,1.8997414828571846,0.19199999999997885,0.9679999999999893,0.9931740110544195,-1.8270738262492683,-0.827861170669726,-0.047211646099057585,0.013995849990837035,-13.465569228170947,0.9872677852431284,178,169.936,170.904
0.05935801784337655,0.06399999543510543,0.4033255234297095,6.632472506349884,1.5282339893981223,1.0706514773625422,0.32848371012348127,0.3244999833763654,1.895077628020352,0.11674759013257639,7.460112944142208,0.2380683317806855,0.33600000000001273,0.33600000000001273,1.882486985501865,0.20000000000001705,0.9120000000000061,0.9948409134274473,-1.9557059751538433,-0.7952864725508193,-0.05478775921480735,0.002025859834613007,-101.28237770387248,0.8876066838936645,179,170.904,171.816
0.0766343499661,0.07999998967139789,0.45613846360527716,5.990474824400549,1.428715904145105,1.109872401429288,0.3676438403221643,0.3213660152559855,1.04039373504584,0.10846095330558982,5.7103493603395625,0.31427843026102964,0.5200000000000102,0.5200000000000102,2.032160283227145,0.23199999999999932,0.9199999999999875,0.9938028108760627,-2.1316773083446354,-0.7772727557378576,0.028223419063419665,-0.07371083945994002,3.7014845724823333,1.1525146849071293,180,171.816,172.736
0.05261594734143386,0.05599999975224057,0.4454818389221979,6.811115351847369,1.2792226554926183,0.981079432867045,0.3309613150905895,0.38478688241084935,0.930247089767542,0.1196270684624297,4.59806966888582,0.3136721663162505,0.46399999999999864,0.46399999999999864,2.052100966617413,0.21600000000000819,0.9279999999999973,0.9946708215449689,-2.0477837442552222,-0.835359357718582,0.03076426229114734,-0.06528134620555737,3.5847970774071447,1.0703797698856654,181,172.736,173.664
0.05278812380141014,0.05599996840046107,0.4325857641093464,7.003346230944867,1.762401856057409,1.5157047758646687,0.35826160056248,0.38183851012328707,1.786943078673226,0.12132706126744662,2.358958319248196,0.6362419224708896,0.4800000000000182,0.4800000000000182,2.1590069912228262,0.23199999999999932,0.9840000000000089,0.9939980416938722,-2.5590084908088264,-0.9642924156648104,-0.08837198692035479,0.029238909817819042,-7.426355199844167,1.0703797698856654,182,173.664,174.648
0.060751725486572934,0.06399996085054338,0.4402236130427846,6.376532613778766,1.1437760472138347,1.0542136874633226,0.33897463964443336,0.3814403509681756,1.2959668537190798,0.11663098467334905,6.135467161417072,0.37929763705327896,0.46399999999999864,0.46399999999999864,2.0348191612219435,0.23199999999999932,1.0080000000000098,0.9939622504546867,-2.028556159161318,-0.8947864949507007,-0.0158945650379325,-0.01672217535647267,12.174006508466892,0.72138271460859,183,174.648,175.656
0.05477116987882228,0.055999984905965444,0.4492595565389464,6.264117207032522,1.8224498241422635,0.9543054023952188,0.36542362040271,0.4140467661490472,0.5662186210222597,0.11768276234396433,6.7576252673409485,0.15228511770715958,0.46399999999999864,0.46399999999999864,1.934385842144767,0.21600000000000819,0.7839999999999918,0.9932086783325458,-1.8103914122349993,-0.5845712829029013,0.21479608321999105,-0.1841898174445763,1.6523159613275693,0.9198499813890789,184,175.656,176.44
0.19599999999999793,0.1890180895433678,0.39610255666310273,16.029085955163207,3.809335653560814,3.809335653560814,0.6068168688539254,0.16600000000000395,0.23338820405710867,0.2599509161278572,1.1040000007597424,0.8799999999999953,0.6640000000000157,0.6640000000000157,1.9046678267804071,0.3919999999999959,1.1040000000000134,0.9787868433076041,-3.903563154877401,-0.08353735286344288,1.8774167384111853,-0.7516684618524447,2.5260656245493753,1.1006689281389337,185,176.44,177.544
0.07012918142114274,0.07199999938835878,0.44037313525692257,5.597942014978717,1.1826733198644184,1.1134909376517013,0.3363798933393457,0.3298270740398319,1.275867670690628,0.11026302136102402,5.517941550987008,0.3723137470226692,0.4959999999999809,0.4959999999999809,1.7858737492794179,0.22399999999998954,0.9599999999999795,0.9934121614854134,-1.6169687918555322,-0.7526049257222904,-0.03771065326019992,-8.167203936772357e-05,2244.7802273162965,1.078196326854251,186,177.544,178.504
0.03593227293197701,0.03999997595677003,0.41905736611993133,5.830772963180967,1.3531684952514436,1.0461037301882947,0.35304976100825247,0.3436681629006311,1.0922999178416588,0.10668987510334005,4.596480177110844,0.3218993701333146,0.4560000000000173,0.4560000000000173,1.9697162049829113,0.19200000000000728,0.9120000000000061,0.993870621539964,-1.986877075873762,-0.8213492042104985,-0.009648822115095412,-0.02659337245479541,8.287634801137532,0.991176063727421,187,178.504,179.416
0.05765673490778293,0.06399996843528571,0.42508861919041147,6.401545403289742,1.563741657963657,1.5016698678896891,0.3422673104455929,0.3578073187517602,1.5354913852889234,0.1120477782247179,5.315385561309018,0.3860916599662571,0.47999999999998977,0.47999999999998977,1.9979443579149359,0.2079999999999984,0.9679999999999893,0.9945373114298255,-2.16365087575248,-0.8889389891109981,-0.10091164656761116,0.04457622075055281,-4.214099551244616,0.991176063727421,188,179.416,180.384
0.0545359750598182,0.05599999026880799,0.42253228568642315,5.992568530649689,1.345299751838478,1.1407749391036734,0.3432050683570024,0.31702842396546554,1.3515960347568374,0.10789616705271689,4.51254884882402,0.3632226788931748,0.4720000000000084,0.4720000000000084,1.9478924076987476,0.20800000000002683,0.9520000000000266,0.9937046937003684,-1.9892073415630975,-0.8437014946619015,-0.06243710851401493,0.01717268493649484,-11.510844812365566,0.9520932788844938,189,180.384,181.336
0.07443664925534473,0.07999999676033873,0.4250942852221128,6.127348574913622,1.3705613527180338,1.2668693604478287,0.306771678992235,0.32222426551306677,1.2654160708569973,0.10635003556504474,5.701819837781911,0.2714285519698607,0.47999999999998977,0.47999999999998977,1.834982860973309,0.2079999999999984,0.9439999999999884,0.9929535085887234,-1.6843597580608387,-0.7796987044115559,-0.07572783146721664,0.034699036726134176,-4.447718433689632,0.9452537915369815,190,181.336,182.28
0.0536149490207894,0.05599999798450647,0.41272492020107365,6.277448571790211,1.0821118534882328,0.9760562551087839,0.2832949018052855,0.34858058201046843,1.017583485035488,0.11199753396877664,5.720308305698068,0.21810052255585843,0.3120000000000118,0.3120000000000118,1.7392349508968645,0.19200000000000728,0.9199999999999875,0.9945478823698422,-1.371880438009608,-0.7233889775661183,-0.02888526618453631,0.009580214033985976,-13.470187102746364,1.0645173521592264,191,182.28,183.2
0.0528284537567189,0.05599997038276822,0.4315360385474203,5.085792388153733,1.133299049078919,1.234262143271742,0.3324942695950674,0.33618536190448667,1.337372123840927,0.0984755162540657,6.1744343730506275,0.389315402865288,0.4960000000000093,0.4960000000000093,1.784901679918389,0.20000000000001705,0.9759999999999991,0.9934293846261348,-1.5291648677334784,-0.7764193230587236,-0.06824508100562773,0.04511791730245369,-3.1511569548698244,1.3577603721838136,192,183.2,184.176
0.047154881397818274,0.048000003538792003,0.5154497294140942,5.400023878199112,1.0621287675505566,1.0573667245809002,0.3331534011465766,0.3584071722544487,1.3206129841541756,0.1045770476130913,5.39705130561457,0.4175379417426303,0.44000000000002615,0.44000000000002615,1.8588215042472918,0.20000000000001705,0.960000000000008,0.9933356135920897,-1.6039290544106262,-0.7842701202348559,-0.05399387554493014,0.024408827990785018,-6.340204291811436,1.2648776913305444,193,184.176,185.136
0.07311380908049395,0.08000000434183253,0.43134007372140043,6.69050392190788,1.537827899160095,1.5694127922981977,0.3293107818100454,0.30957870410519567,1.6870009047406207,0.11319084514323367,5.620574738895054,0.383682577045502,0.4960000000000093,0.4960000000000093,1.958994482679461,0.21600000000000819,0.9840000000000089,0.9932631660661755,-2.160877763027613,-0.8954548216067586,-0.1618107936829698,0.09404986624260005,-1.6314971698417324,0.9432996522948351,194,185.136,186.12
0.09137323266462523,0.09599999023867133,0.4584475922009742,6.554235076445729,1.4535977211529691,1.4964127596788739,0.3061927208358051,0.293384712168756,1.5527296961502386,0.10687210138656357,7.203719604724208,0.2521806609876932,0.5519999999999925,0.5519999999999925,1.9125167064526327,0.22399999999998954,1.0559999999999832,0.9920977366899152,-1.9710580001004647,-0.9249636986585804,-0.18244436168236228,0.13836473784260606,-0.7887596302478518,0.8465086929572738,195,186.12,187.176
0.05159821240025279,0.05599996603912722,0.4087583430149542,5.389498292925202,1.20339938596111,1.5487578845390086,0.3246759537950984,0.32275357787663045,1.6545793026042896,0.09591579537013761,5.246416215808483,0.47046192656420527,0.4560000000000173,0.4560000000000173,1.8993547381794038,0.19200000000000728,1.024000000000001,0.9931769768947378,-1.7208876426989632,-0.86953494586705,-0.12883735416492387,0.1318001498023053,-0.584956867816748,1.0625632129170801,196,187.176,188.2
0.05721093672519113,0.06400000764672305,0.40800002702193927,6.05596031783232,1.0794603582280469,1.2938169150044396,0.3051802796178601,0.36696609436084177,1.8386191731242956,0.10612485914876249,4.202788667260396,0.5962174296705415,0.48799999999999955,0.48799999999999955,1.9514387853889965,0.2079999999999984,1.0160000000000196,0.9939280380119174,-1.6869317393730083,-0.8605166770295278,-0.06112782519289684,0.054162508654952105,-2.1552126587202594,1.3343107012780573,197,188.2,189.216
0.05144022624351983,0.05599999290222002,0.4080000023078445,5.084292132034178,1.2827645471660432,0.9724863180255013,0.3452853416518747,0.36090233956782064,1.1603675408447658,0.1029816935152033,4.437893749180664,0.2660626280690509,0.47199999999998,0.47199999999998,1.7673022880589955,0.19999999999998863,0.9359999999999786,0.9935705015931194,-1.5229445000022526,-0.7303263890763114,-0.016133830859944766,-0.015426854786576336,11.995045230804834,1.1486064064228367,198,189.216,190.152
0.04930174947777458,0.16963944959519273,0.40565049531833813,17.295103755245464,1.901618105370639,0.4654652000532466,0.2252134160386671,0.26771383144798333,2.7359999999999327,0.16643758705022552,0.8960000000000151,0.06328529583425752,0.44000000000002615,0.44000000000002615,1.7295103755668304,0.19200000000000728,0.896000000000015,0.995846449628799,-1.2296790578804313,-0.6782575595199001,-0.030077708896259332,-0.004472946028698352,24.801687862621137,1.0967606496546414,199,190.152,191.048
0.05112452144954968,0.056000008019673475,0.43517148015525997,5.718352623847053,1.3239175557267746,1.0152998721627235,0.36275805802862915,0.3945530086351517,0.8905962645898169,0.10561195590171106,5.127332468689392,0.30785703282668175,0.47999999999998977,0.47999999999998977,2.0543998324804704,0.21600000000000819,0.9279999999999973,0.993524217165612,-2.0212837392707126,-0.8138546751831367,0.057140695052867514,-0.08820917352738428,2.943690481239891,1.036182333148104,200,191.048,191.976
0.0548005269994704,0.055999975927175885,0.4482165932444676,6.762314011331148,1.3678706856596208,1.1630313117191078,0.3597275477467373,0.4126271606726087,1.1309923734956981,0.11838239513363973,5.255487284742252,0.41061376565085894,0.4960000000000093,0.4960000000000093,2.2222318405943273,0.22399999999998954,0.9840000000000089,0.9943715711187607,-2.484691294592529,-0.948476389095523,0.038098605320912284,-0.07343232667827031,3.842018913669088,0.849439901820493,201,191.976,192.96
0.050260258608919556,0.05600001228707904,0.43909280698746717,6.348899436526633,1.260442067408994,1.1748315794895698,0.3362600782308736,0.38172172724877285,1.2559561711589877,0.1121014871772033,4.809466559826207,0.4116223417816398,0.45599999999998886,0.45599999999998886,2.0681056205732338,0.21599999999997976,0.9759999999999991,0.9938715447717065,-2.072736889091693,-0.8939974782938331,-0.023193174341330704,-0.01229688879857141,16.630276766106654,0.9071480763151274,202,192.96,193.936
0.05435518643863888,0.055999992525240884,0.4411812972565494,6.774765120545961,1.5077673086409573,1.0531440414445852,0.36708964253021326,0.3294418828046772,1.003943960745889,0.12025157621986429,5.517787203800884,0.2985248388098379,0.48799999999999955,0.48799999999999955,2.0928150503226153,0.22399999999998954,0.9039999999999964,0.9940488484460231,-2.3894144729750804,-0.8272869696643337,0.05057009671707212,-0.08306217862416702,3.547659402536175,0.9012856585886888,203,193.936,194.84
0.12128908268853304,0.27486142270419645,0.49802154854591596,19.147222727237942,3.8294445456330464,3.8294445456330464,0.29581817242258224,0.6050425026790949,2.927999999999997,0.21699580756813655,2.8489047740064626,0.7958864402829505,0.5519999999999925,0.5519999999999925,1.9147222728165234,0.29599999999999227,1.039999999999992,0.9951391592770015,-1.8132993877725276,-0.7123954300888159,-0.0035701617691927257,-0.10883122792287114,2.7380468920313876,0.9130104940415671,204,194.84,195.88
0.06234954163028703,0.0639999898388621,0.42400010242975156,6.037512488809257,1.3127255127273325,1.098897561608427,0.3392714769729822,0.3017178716135554,1.3676383597864126,0.11697627103525486,5.137913807530878,0.32824491083198054,0.48799999999999955,0.48799999999999955,1.7728860698564657,0.21600000000000819,0.9440000000000168,0.9935582306611979,-1.7524061420151518,-0.7692884429838879,-0.06437799535406659,0.01780142702553746,-10.68405388609414,0.9130104940415671,205,195.88,196.824
0.05164572333466578,0.05599997781396619,0.4080002623177509,5.290616749720689,1.3237159376881675,0.9885468932313475,0.3395988975967806,0.36015497195394447,0.8831340542946858,0.09757900573712557,4.883097738756927,0.22120030705840618,0.46399999999999864,0.46399999999999864,1.876516301605457,0.19199999999997885,0.8879999999999768,0.9948247526891085,-1.661054596090996,-0.7281720435379144,0.021122422374412104,-0.054288440021704625,3.790026911322321,1.1495834760439096,206,196.824,197.712
0.050816255938346655,0.05600001785144583,0.4397267245593876,5.338532397000972,1.219365689679282,0.9737497003721891,0.3499122926403816,0.38517616861890697,0.9227243805319372,0.105302008033254,5.311866962365458,0.3200171312750721,0.4720000000000084,0.4720000000000084,1.8622954359678279,0.21600000000000819,0.9120000000000061,0.9924560753758292,-1.6487979258542014,-0.7325479327427431,0.037403888524807895,-0.07109043145010772,3.176134409274972,1.1417669190753243,207,197.712,198.624
0.05383056101948549,0.05599999907268319,0.4396498430714272,6.61190387818669,1.382815664905397,1.3210663697659195,0.33764327477870976,0.3372377094952087,1.4575072469640877,0.11602965046537007,5.4054047676225165,0.41067400627189027,0.46399999999999864,0.46399999999999864,1.9975739506923347,0.22400000000001796,0.9519999999999982,0.9926524529402366,-2.129365732781095,-0.8720086532550073,-0.07533154895888149,0.024891909074768997,-7.822707561533435,1.1417669190753243,208,198.624,199.576
0.055442599997465196,0.05600001645650927,0.4614750705574456,5.854027712691407,1.3089197577451193,0.9997131740963014,0.36773335094639026,0.41539873858027065,0.90926884234707,0.1128675217401331,5.434871348183275,0.3490851210389693,0.48799999999999955,0.48799999999999955,2.0311270361478697,0.23199999999999932,0.9440000000000168,0.992540590455688,-2.0103893412673317,-0.8088783136894767,0.07626052948144654,-0.10565644869646122,2.688763389086909,0.9442767219159084,209,199.576,200.52
0.0689014678946196,0.07199999947293628,0.44243682205723944,6.3128424457779575,1.1780441787099412,1.0846195173108133,0.34142432483989316,0.3790099465357109,1.2974179833192985,0.11963806992810452,6.56549208843217,0.34876294377486555,0.48799999999999955,0.48799999999999955,1.9523532687280125,0.23199999999999932,1.0159999999999911,0.9945592580932723,-1.9435927560358635,-0.8679490286503203,-0.020878038071511205,-0.013246085139124689,15.36341332279534,0.9061710066940545,210,200.52,201.536
0.0593341958273454,0.06399998735183478,0.4238689566133941,6.083614063848744,1.5291901810146111,1.0615167951842306,0.353559885836185,0.35199336189651714,1.3948467391319692,0.11493095299432933,4.726668536600821,0.24804325924128673,0.4720000000000084,0.4720000000000084,1.8890704606070468,0.2079999999999984,0.960000000000008,0.9931008637491581,-1.9938088955182471,-0.8288121303499256,-0.03683501346095368,-0.010331361589447445,22.03560293172098,1.1016459977600073,211,201.536,202.496
0.05449995109288101,0.05600000000164671,0.41012628866595907,5.373421489166655,1.2410409910354712,0.9239237233897469,0.33209679778512685,0.353148815383463,0.84886091526217,0.10466527161860072,4.877929664853018,0.21797460193032217,0.46399999999999864,0.46399999999999864,1.7832787375016896,0.19999999999998863,0.8959999999999866,0.9929127201005888,-1.5180787929153596,-0.7001672995872261,0.024728315763111044,-0.05717226355210702,3.5857201403825556,1.182803843160398,212,202.496,203.392
0.05097602428604357,0.05600000023509377,0.4210722778558628,6.17467885902172,1.4947877122491342,0.9445340733357623,0.3703760647324346,0.34055621180072415,0.8204696628678934,0.11726075626317582,6.426512421246578,0.2204269132767391,0.46399999999999864,0.46399999999999864,1.9300352677404315,0.22400000000001796,0.8799999999999955,0.9933687297446921,-2.0494604501172,-0.7449039591384965,0.11603936995785097,-0.12619488862281772,2.4413241251364717,1.152514684907129,213,203.392,204.272
0.04562039154792709,0.04799998716102477,0.4534988099665785,6.884977001778141,1.4964707021033097,0.9642354635354823,0.3741804070596276,0.34270681605704484,1.0209821475884837,0.12549253183015333,5.372380367210461,0.34047019593573286,0.46399999999999864,0.46399999999999864,2.0986934289853276,0.2400000000000091,0.896000000000015,0.9930731598304101,-2.399432036217357,-0.8191775999839026,0.09434408773741337,-0.11078182950109261,2.870265474592118,1.0840587445806897,214,204.272,205.168
0.04737998972342315,0.04800000776265877,0.4819389010945091,6.650256266395458,1.4006315625905073,0.9969046919862472,0.37975997956111185,0.4021211408917042,0.8849979146353513,0.1206391417941166,5.27242522159793,0.38937859067974506,0.46399999999999864,0.46399999999999864,2.248653414521544,0.24799999999999045,0.936000000000007,0.9909414953820472,-2.510544163808601,-0.8846206212966016,0.12852663879853335,-0.13938688954466666,2.4346508992709923,0.9638181143373722,215,205.168,206.104
0.05259802147561296,0.05600000861206988,0.46424043873895515,6.390127482275589,1.123456203605532,1.0932626667377776,0.3473727645261955,0.3995095425676135,1.2066703134127403,0.12188775768137092,4.975998853250278,0.5014676888011161,0.47999999999998977,0.47999999999998977,2.0185865591839605,0.23199999999999932,0.9919999999999902,0.9929920616149134,-2.001627343029341,-0.8714320649417459,0.016576737032492243,-0.05225993051341975,4.488754623167121,0.8582335284101515,216,206.104,207.096
0.05359929423405158,0.05599999259874563,0.4397236183436986,5.782373957472877,1.1882024498874442,1.2950006179820088,0.3578201724908411,0.3790808636499808,1.4818150550558096,0.11507022722577451,4.37696530191307,0.5792874518669884,0.46399999999999864,0.46399999999999864,1.9331452265157565,0.23199999999999932,1.0,0.9939612488159727,-1.8858389816856578,-0.8478960048490604,-0.026415550599903595,-0.007523903277563808,27.018685585931152,0.8445545537151273,217,207.096,208.096
0.053040583467693685,0.055999977963445906,0.4136608198299539,5.236610314320167,1.270965543092136,0.8865265151368809,0.35611606104745763,0.3932381325697536,1.5656097876710118,0.11005444848083534,2.244056417708682,0.49674783917629944,0.4720000000000084,0.4720000000000084,1.8027582608754549,0.22399999999998954,1.024000000000001,0.9956182246145411,-1.6401822670215396,-0.8164807769575824,-0.03994337553022984,0.020125023202559975,-8.056136947344859,0.8445545537151273,218,208.096,209.12
0.05130088449517542,0.05600000235940983,0.40201495089052847,4.679744896749434,1.0954995544052206,0.85069249314326,0.34031225453871455,0.3417661245701681,1.1333669139938436,0.10513220212280577,4.115168449870719,0.2834054279184166,0.45599999999998886,0.45599999999998886,1.5781438949248088,0.19999999999998863,0.9439999999999884,0.9930996299529325,-1.2317933647194772,-0.6654830152876491,-0.015143351563676017,-0.00987452955312479,16.50420136266629,1.113370833212885,219,209.12,210.064
0.06379764212627918,0.06399999324504148,0.41750140824943266,6.289567746464069,1.3209709237729712,1.0774272667514952,0.3170700870057939,0.3098929618954775,1.1056690262548345,0.11704823231566905,5.659591612465672,0.2552285049043742,0.4720000000000084,0.4720000000000084,1.7814116132228428,0.20000000000001705,0.896000000000015,0.9881443294477814,-1.6083910488125484,-0.7102168512268512,-0.03430218435074213,-0.00788293190208586,23.48096816062811,1.2913196379508372,220,210.064,210.96
0.05261476530831908,0.05599996785265889,0.4326284620903339,5.334214845602768,1.270062675405022,0.948210585500533,0.35967605693806626,0.3434558127455669,1.0089569339714934,0.10772984588672806,5.1844601582289975,0.30548143587397963,0.47999999999998977,0.47999999999998977,1.804628998982713,0.21599999999997976,0.9039999999999964,0.9929773976919575,-1.6629768241900122,-0.7140450467199556,0.023507463351992556,-0.058710639455450686,3.905678319612323,1.3020674037826425,221,210.96,211.864
0.05115904283494625,0.05599995392325662,0.48477286523300533,6.690638601695484,1.3264065551076631,1.1350106552139874,0.33070619827951053,0.32788708936448846,1.2776977281194029,0.11546513404769192,5.8029827810077945,0.3483352072395436,0.3760000000000048,0.3760000000000048,1.9806424943196008,0.23199999999999932,0.9199999999999875,0.9904068819124574,-2.0737730193968633,-0.8390892180989853,-0.057614624892325716,0.00387583606245189,-52.11436893714986,1.3020674037826425,222,211.864,212.784
0.05243014379163177,0.05600000142942607,0.4360872693530983,6.574153892088372,1.4066261453957594,1.0767200298462825,0.35802188277671015,0.3439917227207448,1.236224162212424,0.1162299143828686,4.289426205299728,0.38076612998585746,0.4560000000000173,0.4560000000000173,2.10447575124041,0.23199999999999932,0.9519999999999982,0.9939963407005462,-2.34593280908035,-0.894645352928434,-0.005682545099023705,-0.03745266550326501,6.7796021045084,0.897377380104396,223,212.784,213.736
0.05271653711904894,0.055999995132544875,0.42465665466448355,7.259276326884339,1.9560832409051838,2.042226760003445,0.3506920499551046,0.3913360507292755,3.7148192167965766,0.12569565325942939,9.155378354379271,0.5562706681254026,0.32800000000000296,0.32800000000000296,1.9710927327234273,0.21600000000000819,0.9519999999999982,0.9954047479651934,-2.4545302120147823,-0.911610290896207,-0.22535690934482744,0.10702467865365227,-1.7066482917583146,0.897377380104396,224,213.736,214.688
0.053134511644418965,0.05599998085652375,0.4258598299315228,5.7652951114479105,1.397060525050802,1.2397723299506813,0.3282577844512245,0.3949684552557554,1.5707320036253882,0.11404406287665453,5.63914658857447,0.34830966941619734,0.4800000000000182,0.4800000000000182,1.7232637544421314,0.20000000000001705,0.9440000000000168,0.9950438942752003,-1.5642345491256342,-0.7514035692932567,-0.06472816748848856,0.031044229307013164,-5.03818568942256,0.9696805320638109,225,214.688,215.632
0.05393973592652184,0.05599998115652725,0.4082367010707993,4.866022386094718,1.0496559678910566,0.9623427324877079,0.3111266586482506,0.3500939387690228,1.1715018335660214,0.09813268151948093,5.701969414179623,0.30135083425330855,0.46399999999999864,0.46399999999999864,1.6513620503410817,0.1839999999999975,0.9120000000000061,0.9916952212739014,-1.2111402703396295,-0.6597558396839843,-0.026015240913448975,0.00533146627889651,-24.92097024517482,0.9755429497902504,226,215.632,216.544
0.047658868596323456,0.04800000345467827,0.4197757752142634,5.031558748959102,1.2470438512404718,0.9726135094907675,0.34043087693073387,0.3545072348672813,1.0146247038148561,0.09569926054628684,6.019790043414683,0.24395062857132965,0.47199999999998,0.47199999999998,1.835796656479498,0.19199999999997885,0.8959999999999866,0.9914758422801021,-1.554097293299148,-0.7171427988739559,-0.00433003275102534,-0.02845168921717511,6.659161257370041,1.1632624507389342,227,216.544,217.44
0.05145796802459453,0.05599996148168058,0.42908079464500465,5.3293670739234615,1.25431853627735,1.0569724379142427,0.3377669220407919,0.3466262393101142,1.0088283238139515,0.09732845195533518,6.098756521020845,0.27047344065866324,0.4720000000000084,0.4720000000000084,1.8975535918939574,0.19200000000000728,0.9039999999999964,0.9921881290694579,-1.691904042389271,-0.7519995521746576,-0.01128028911078686,-0.02484512119962728,7.707725670953338,1.1749872861918123,228,217.44,218.344
0.05387119543471767,0.05599997966995417,0.42029562256617503,5.618883313123868,1.266039333704201,1.1100532619069328,0.3276036140022352,0.31325305361665207,1.3566782240388957,0.10356841248911654,6.137537055415995,0.30621571672464337,0.4720000000000084,0.4720000000000084,1.8117721212591522,0.20000000000001705,0.9200000000000159,0.9929128459760345,-1.6657123219021441,-0.7618599452471588,-0.06587759713462074,0.02723342098589925,-5.979605217141161,1.1749872861918123,229,218.344,219.264
0.05207659324235483,0.05599997858941194,0.4177489158775661,5.261155427255927,1.2627713400460916,1.052967983730291,0.3392957400457686,0.34175634449831804,1.191017554212316,0.0962571899888294,5.982603827994571,0.2860312335434875,0.45599999999998886,0.45599999999998886,1.8919714235309624,0.19199999999997885,0.9199999999999875,0.9937377710855183,-1.6964533486363913,-0.7662215204679013,-0.02715896778677552,-0.00829848492778609,22.166516579958667,1.0723339091278115,230,219.264,220.184
0.059266862056572805,0.06400000258690292,0.4234833046862628,5.52703045034396,1.2534580710642005,1.1603246827717162,0.32201244652960154,0.30377997525013817,1.4200339041274086,0.09779592034843537,5.983889283834012,0.31881029454103876,0.47999999999998977,0.47999999999998977,1.862501252126856,0.19999999999998863,0.9439999999999884,0.9923480217340914,-1.6909331586338618,-0.7915812840789255,-0.08438945923188489,0.047034823516707076,-3.193925282622532,1.0723339091278115,231,220.184,221.128
0.053430023776217916,0.05599999800165017,0.4084079107630259,5.834775064308451,1.4026805000383717,1.503802779079513,0.31118747723412177,0.36740642657484884,1.3926382949620835,0.09939221969700578,6.003134950474983,0.34757670827722204,0.46400000000002706,0.46400000000002706,1.9259108905883342,0.19200000000000728,0.960000000000008,0.9924280916148293,-1.748171629741082,-0.8337789791766592,-0.09584787981362991,0.0695534042164616,-1.8461014846911707,1.0361823331481046,232,221.128,222.088
0.05119502980494,0.05599999743302586,0.39727288799241356,5.780283360168176,1.2718632033329227,1.0334105696500409,0.28874282126144646,0.30499658518822453,1.123317161236634,0.09407406996756447,5.650279205307876,0.1534491270327079,0.40800000000001546,0.40800000000001546,1.8791742331028358,0.1839999999999975,0.896000000000015,0.9921347600327036,-1.5542430093469972,-0.7588426787677693,-0.04472457435406283,0.014196191530334927,-10.124342921747603,0.936460164947323,233,222.088,222.984
0.05213655754287915,0.05599999190013675,0.40758660173693184,5.897514431827338,1.401113548795341,1.0817247257503442,0.30271300503538745,0.28601097082071447,1.217663047134553,0.09943006629795466,6.140489866499605,0.18491154138620347,0.46399999999999864,0.46399999999999864,1.8164166210340509,0.1839999999999975,0.8640000000000043,0.9931092883385578,-1.6229189079516397,-0.7297385598264725,-0.07613346805374567,0.028896516733781318,-5.350692712776546,1.08405874458069,234,222.984,223.848
0.05342967936138977,0.05599999062747294,0.42655736114001797,6.078175828841518,1.4109435901692333,1.029266321825262,0.32465573471243103,0.34065311481051097,1.0340188241720414,0.1069918243977516,7.19792560145872,0.19167776216720084,0.3439999999999941,0.3439999999999941,1.898399489124197,0.19999999999998863,0.8799999999999955,0.994357900041082,-1.7932649570011823,-0.7516844784314863,-0.004463932661038351,-0.03604495214858201,5.8073241037426735,1.112393763591812,235,223.848,224.728
0.060271905072537685,0.063999999849933,0.4195131445749088,6.762958465934428,1.491374257676205,1.32187971808041,0.31173191283506535,0.3535883246190781,1.4469053154363045,0.11248230162606769,5.197477020730907,0.3202069279282215,0.47199999999998,0.47199999999998,1.954925748068021,0.2079999999999984,0.9359999999999786,0.9948007370001142,-1.9612238524314825,-0.8421389453495752,-0.08245543191475753,0.03688028055434353,-4.496863378318115,1.112393763591812,236,224.728,225.664
0.058695434778767056,0.06400000086261338,0.4242786042469416,5.802049020115807,1.4843335195497873,1.3463821248288195,0.3558276173167443,0.37557339763794056,1.5279633070346648,0.10457345427733247,5.42368656258465,0.3725086425835797,0.4800000000000182,0.4800000000000182,2.0170677062619538,0.20800000000002683,0.9680000000000177,0.9946311497949311,-2.0762217764870265,-0.8624227819883539,-0.06694571932195491,0.02122785608137667,-9.047884892010174,1.0762421876121042,237,225.664,226.632
0.047171686752745495,0.04799997628104733,0.42339889651030793,5.448687689333059,1.4142189152813252,1.0624284869851908,0.36809478397528744,0.38001869167185753,1.3933898702303293,0.10293882155024002,5.103609831092402,0.32391228507971764,0.46399999999999864,0.46399999999999864,1.9707808779061011,0.19999999999998863,0.9519999999999982,0.9933393839091144,-1.969353645016224,-0.8298723186564515,-0.02352246100090149,-0.015242986613656855,14.439017596116537,0.9726117409270305,238,226.632,227.584
0.05861590907557029,0.06399998918520569,0.4182692280652789,6.207142758093096,1.4260716063782541,1.1876262196591563,0.34463655089644135,0.31924536144020665,1.2448190306569782,0.10903308293124181,4.814684289756765,0.3082368803413791,0.48799999999999955,0.48799999999999955,1.9993377001136228,0.19999999999998863,0.9519999999999982,0.9937367529816938,-2.1160436281506865,-0.8618676065059719,-0.055211489769806235,0.006517232702160839,-32.255454490354865,0.9726117409270305,239,227.584,228.536
0.04704412049071506,0.04799998254929877,0.42049107607509145,5.695988699808516,1.4418330579732273,1.0224154546663025,0.3628618226028794,0.3718016808303647,0.8821319332168587,0.1045385947782261,4.992582633823293,0.23937408350244152,0.4720000000000084,0.4720000000000084,2.0157319673000202,0.2079999999999984,0.9039999999999964,0.993521621026952,-2.0047605429613253,-0.7926956239018442,0.04258365744720168,-0.07261010829180203,3.4784304986119943,0.9833595067588354,240,228.536,229.44
0.049914470649312974,0.055999996104861706,0.40933925831091017,6.548863076261338,1.5347396286571777,1.1545646452266498,0.32673601523653817,0.34215445153144647,0.8792801714020937,0.10629480064933916,5.312748235506382,0.21697210311646786,0.45599999999998886,0.45599999999998886,2.0914611468131215,0.19200000000000728,0.8640000000000043,0.9919565155926453,-2.10763276059747,-0.8011323844555377,0.0204497105985562,-0.05726858079593691,4.007125319430107,1.096760649654641,241,229.44,230.304
0.05692919591971777,0.0639999912226093,0.4358530124625952,7.516479408180857,1.4610514371144547,1.0656269997668641,0.3365402675149502,0.3188866430745057,1.1357567131483637,0.12274196428503306,6.32075418909476,0.2978817854801093,0.46399999999999864,0.46399999999999864,2.1361094551112174,0.22399999999998954,0.8959999999999866,0.993958495189105,-2.4105908676180468,-0.8495120091624584,0.022083782861883273,-0.06441122189479959,4.1075909087434965,1.0176180103477137,242,230.304,231.2
0.051890833311703397,0.056000000069647976,0.44003112733828825,7.0141434906784665,1.4788721364772432,0.8992443452582052,0.3746654750179821,0.37851327215482145,0.7684377473890491,0.12196033992681603,3.187047865637659,0.4164803058417443,0.4720000000000084,0.4720000000000084,2.2800996062605243,0.22400000000001796,0.9279999999999973,0.9934085196891053,-2.65963141279132,-0.8966100377059111,0.1663643070912053,-0.16517881729664316,2.165441522526657,0.9169187725258595,243,231.2,232.128
0.052122396717917074,0.05600001062638855,0.462512091442974,6.467197855274426,1.347282345107627,1.0416520516549628,0.36427261320790805,0.3836466694824013,0.9802075838544616,0.1187109745544699,5.084457252285269,0.36339626312090023,0.46400000000002706,0.46400000000002706,2.1260509339360416,0.2400000000000091,0.9520000000000266,0.9922690740865875,-2.2754982224001794,-0.871928427057596,0.05649784168825288,-0.08863072900348787,3.2479108267783907,0.7957010726614685,244,232.128,233.08
0.05857148635607452,0.06383678641949789,0.7439998528625127,7.3052059518260295,1.124411157486924,0.9299963894912686,0.26684023974175247,1.1139604116212745,0.38612018271966103,0.11544599848790907,8.533006928094789,0.16348621902116228,0.7519999999999811,0.7519999999999811,2.1205400621973083,0.23199999999999932,0.9919999999999902,0.9918847997754726,-1.5458881352654776,-0.8302797114638056,-0.013311431898855865,-0.0034037926465095587,26.977852827596084,0.9540474181266402,245,233.08,234.072
0.053767747050810395,0.056000004668554065,0.43732156866077976,5.682691049464806,1.1282519130314648,1.0842055872263467,0.3418541520623319,0.3871873110706432,1.233643425873073,0.11301706532364084,4.6013278186101525,0.45658328251832575,0.4720000000000084,0.4720000000000084,1.8866064608594422,0.23199999999999932,0.9840000000000089,0.9927102137841797,-1.6985588289511917,-0.8063398221992714,-0.005941366499140243,-0.025834547245418737,7.774246436985868,0.957955696610933,246,234.072,235.056
0.05222847688642031,0.055999987300935646,0.42186614374518305,5.737100515682248,1.1450212109330005,0.9421628325840272,0.35013603183009967,0.36065503433166185,1.1186533214952554,0.11545671231218747,4.66694497062238,0.35709614667376277,0.47999999999998977,0.47999999999998977,1.8791596592854645,0.22399999999998954,0.9599999999999795,0.9925986307688384,-1.7395091533441238,-0.7864347136051337,0.003711180392197441,-0.036196984252855315,5.742476113744099,0.9413455130526887,247,235.056,236.016
0.06277165184891065,0.06399996941299024,0.4382523915622654,6.275434638763874,1.3122183298191086,0.9862830830524866,0.3398087615185262,0.3714712354979117,0.9038110454322177,0.11688302318076936,4.948522276113815,0.26988953754170825,0.4800000000000182,0.4800000000000182,1.9641429730415518,0.23199999999999932,0.936000000000007,0.9927219580150501,-1.8909175154984117,-0.7897631637052747,0.035796745086563095,-0.07126306413203765,3.447973458199681,1.037159402769177,248,236.016,236.952
0.054977788722100844,0.055999996235612935,0.42252568218668357,5.947027802563301,1.362792686900662,0.9104239538052369,0.34773000849541663,0.3405377646109797,0.8881991524677425,0.1142096640698496,6.545433066041294,0.20387434387144912,0.4720000000000084,0.4720000000000084,1.865122831978797,0.21600000000000819,0.8799999999999955,0.9917155756527503,-1.7681227537106368,-0.7122273637387637,0.05498778265786724,-0.0842767740001673,2.9642806655349863,1.0948065104124947,249,236.952,237.832
0.05464398096840383,0.05599999781812916,0.4300724326859407,6.5054853292444585,1.7219155903004624,1.0220295429744375,0.3622262622374621,0.362770194565927,0.8088678293954399,0.11841365912605784,3.7393709007382956,0.23515801658497104,0.46399999999999864,0.46399999999999864,2.000582590659885,0.21600000000000819,0.8640000000000043,0.9930565987861683,-2.119393257912245,-0.7389387922792717,0.0890688307085848,-0.10825239417003901,2.681345093816795,1.2130930014136665,250,237.832,238.696
0.054575247553157846,0.05599993971856144,0.45744194718063635,6.679960786397689,1.5954626435281485,1.0160919684641856,0.3741740052727473,0.3398162936775001,0.9557671638772917,0.12072427499036191,6.058946823492171,0.29333445363880317,0.48799999999999955,0.48799999999999955,2.0786413828164845,0.22399999999998954,0.8799999999999955,0.9921083709778205,-2.328455771790914,-0.777429414843109,0.11070500361294684,-0.12288244488687876,2.666934783712917,1.1740102165707391,251,238.696,239.576
0.05877544717723696,0.0640000143622174,0.5120671075883575,7.09712288109095,1.529879082416752,1.194538215676408,0.34050437848385257,0.35731500567478386,0.9976875992914557,0.11364616511319434,6.238034179388524,0.2949291526860547,0.3919999999999959,0.3919999999999959,2.2255411495935062,0.23199999999999932,0.9039999999999964,0.9889547226668284,-2.4810761729193285,-0.8763877528573397,-0.0006777743072162161,-0.05422465739151375,4.863094568072287,0.9227811902522985,252,239.576,240.48
0.05491105524506521,0.055999988671479976,0.45855942658072946,6.759035288916088,1.4348301637420329,1.1267071384183074,0.3677009123296685,0.3375047948151865,1.196649470335589,0.12172380172811278,5.842481169115,0.39342054018256434,0.4960000000000093,0.4960000000000093,2.1152061224835697,0.23199999999999932,0.9279999999999973,0.9924028325425143,-2.39052373146216,-0.8529092369011744,0.032021402942557904,-0.07125612987056439,4.090484415991596,0.8465086929572739,253,240.48,241.408
0.059057225495673965,0.06399999231853121,0.4818298432126341,5.748107655769893,1.621245320148819,1.1766365755655919,0.3717636336797326,0.43192859953026586,1.5458496934387025,0.10860209757741209,5.449674370264796,0.36228895363355085,0.632000000000005,0.632000000000005,2.0140792768953197,0.23199999999999932,0.936000000000007,0.991144691920021,-2.052496703022022,-0.8040507037630065,-0.006760138235014422,-0.04432404874603019,5.6600894633789,0.9335289560841036,254,241.408,242.344
0.06007856346817561,0.06399998712389933,0.4237095709066838,5.662689110656099,1.2440801938972528,0.9557018017563907,0.33346163199212925,0.3396069656916756,0.9413118901527836,0.11144458980848318,5.188341254123215,0.2622048171349623,0.4720000000000084,0.4720000000000084,1.767848447544989,0.22400000000001796,0.9039999999999964,0.9918627574126511,-1.5613667318808406,-0.7024957550106324,0.016610101400006783,-0.05254931859982249,4.02779077210686,0.998992620696006,255,242.344,243.248
0.0578902171622474,0.06399998494344636,0.4240103492538146,5.452113853013415,1.2965992181935233,0.8762027263843356,0.33815914559352134,0.35467388264109534,0.7370116507470527,0.11113855790888906,6.213914579699561,0.2009531078858844,0.4720000000000084,0.4720000000000084,1.70390221465772,0.2079999999999984,0.832000000000022,0.9924812442080436,-1.4044161665833697,-0.5960123853453814,0.06862291653096322,-0.09820350053686411,2.239957841630633,1.1016459977600073,256,243.248,244.08
0.11621174440660564,0.11999999164933307,0.5047012679869991,6.006558521490438,1.3331062884595772,1.051440797172305,0.3580029966122597,0.36230439054925445,0.9995353611390492,0.11225732611400116,4.627844935895678,0.3735570456591845,0.5360000000000014,0.5360000000000014,2.0206471765385974,0.2879999999999825,0.9679999999999893,0.9916964770952293,-1.96518893127203,-0.741789828699102,0.07054389445469192,-0.11860380518568588,2.4884455556308476,1.156422963391422,257,244.08,245.048
0.059591682853170416,0.06399999808418773,0.4365328065254949,6.469340697432862,1.2755094360598935,1.0390221842708092,0.32603443951382605,0.3376241972342809,1.1311308040027965,0.11484676350098554,4.524216007536352,0.33409680782351003,0.3599999999999852,0.3599999999999852,1.9578191712473165,0.23199999999999932,0.936000000000007,0.9923677680411375,-1.906975743005796,-0.8143514441112893,-0.016044051917863136,-0.023849446063962366,8.69508193641942,1.1211873901814706,258,245.048,245.984
0.05158886249725388,0.05599997405721342,0.43031643360513994,5.524469271652177,1.2426290512644265,0.9597096792014416,0.35479965069430425,0.34111433954056486,1.0874346872894485,0.11011597824442446,4.86681102369111,0.32558452729534443,0.46399999999999864,0.46399999999999864,1.8236656139509102,0.21599999999997976,0.9199999999999875,0.9941076205076499,-1.7164960960835784,-0.7447833478692889,0.005435282554578237,-0.04172428102423813,5.202999753936073,1.0146868014844943,259,245.984,246.904
0.06942517613882417,0.07199996169548047,0.4431090440687017,6.12964047314233,1.2928168150775958,1.1033478543675148,0.3436424454413538,0.3283038544626676,1.257640253553836,0.11762248099704614,5.332748267120071,0.3691802002174652,0.4960000000000093,0.4960000000000093,1.8596831875497022,0.2400000000000091,0.9519999999999982,0.9927600694427287,-1.8356645490686427,-0.780216039053122,-0.0189224979999438,-0.026704714123799485,8.434297707678278,1.0567007951906409,260,246.904,247.856
0.0537310959318315,0.055999962180683614,0.4185819900065264,6.263513757873899,1.022387834386681,0.9143432997712657,0.3044064084355483,0.43038891607398544,1.166042139661572,0.11878171421019705,7.577011101348544,0.3471350435271277,0.32800000000000296,0.32800000000000296,1.8201906657880234,0.21600000000000819,0.9440000000000168,0.9941972406321584,-1.4755809494474248,-0.746604764297131,0.01224480166881665,-0.04241010440756992,4.103631625849434,1.0518154470852752,261,247.856,248.8
0.061755592514050016,0.06399996986226253,0.43999988274238466,5.733462210290205,1.207856904494388,1.0699996990797211,0.3486100416955091,0.359891271684783,1.2207714457422651,0.11234531071420248,5.249035283581606,0.3904701798769166,0.5039999999999907,0.5039999999999907,1.8947560259996206,0.22399999999998954,0.9679999999999893,0.9927835475637722,-1.7846897118968015,-0.7956935366059773,-0.007079706822222173,-0.030530427026439447,7.094221903778197,0.9941072725906406,262,248.8,249.768
0.053273103727129525,0.0559999713145511,0.41023082445138026,5.571508954300225,1.3132403293018946,0.9818449213530175,0.33675743713917583,0.3677282838545868,0.913646616690817,0.1068188135451622,4.611744927580529,0.21702588276143447,0.4720000000000084,0.4720000000000084,1.854532387410283,0.2079999999999984,0.9199999999999875,0.9930702124194308,-1.654973502488077,-0.7489755230570856,0.015589826815836075,-0.048734724425146446,4.291130306929818,1.073310978748885,263,249.768,250.688
0.05864564927968307,0.06399999054407189,0.4229198394923079,5.714561041601758,1.3778468693119121,1.0071175259427865,0.3471105286352632,0.3470647586557368,0.8706581065645516,0.10707147294336614,5.565155186523961,0.23233732412462169,0.4800000000000182,0.4800000000000182,1.9059711555740422,0.2079999999999984,0.8880000000000052,0.9919588067732455,-1.7824730816045238,-0.7270529330538855,0.04285591110913208,-0.07676530623455917,3.1274261320123613,1.1759643558128856,264,250.688,251.576
0.053206941567554344,0.055999996609874814,0.43455565305026517,6.666020093679773,1.581076251707619,0.9843094832360741,0.36040944650962276,0.36011198876541095,0.7672292887118822,0.12053094066512923,4.552430123675667,0.22937885243015554,0.4720000000000084,0.4720000000000084,2.040883607170719,0.21600000000000819,0.8880000000000052,0.9932240632081596,-2.20472187739187,-0.7847897203299935,0.10593764665982079,-0.12034462987176194,2.551500481908417,1.0957835800335682,265,251.576,252.464
0.059296843895583366,0.06399999370679127,0.4422236098873008,7.863175087513503,1.5116755053137276,1.28410628835866,0.32368258831138763,0.37650409939630547,1.429812467644471,0.13073111975104845,6.262835933733671,0.39535523542056816,0.4720000000000084,0.4720000000000084,2.038192033782204,0.22399999999998954,0.9120000000000061,0.9934507213049888,-2.2038986223356782,-0.8320591441263607,-0.0033521658792917,-0.04446392885896747,5.420683731765242,1.0332511242848845,266,252.464,253.376
0.05356153110601069,0.05599997399979121,0.45993095667738115,6.340132765663091,1.390132287996965,1.052038910248807,0.36462179968861813,0.38062587994883984,0.9581804184554343,0.11508355427534309,5.153360287827247,0.34345204562192555,0.46399999999999864,0.46399999999999864,2.122863115320809,0.23199999999999932,0.9439999999999884,0.9916649828139215,-2.269555191171401,-0.8634319705377461,0.060283704126244134,-0.0912616333745858,3.202819623344272,0.9110563547994202,267,253.376,254.32
0.06928059048086586,0.07199997743415179,0.4639746794246854,5.876963348794435,1.1666243768403797,1.0857288161101069,0.3474408268433147,0.3896753860960069,1.1625272743327915,0.11443935150064335,5.420661890714519,0.40657009667223837,0.48799999999999955,0.48799999999999955,1.9512971694933219,0.2400000000000091,1.0080000000000098,0.9904742637236623,-1.847546164842694,-0.8368245219813005,0.00301315642305649,-0.04137539951156752,5.5497141208554925,0.9384143041894693,268,254.32,255.328
0.05679213930649684,0.0640000010351372,0.40553790971456605,6.9887343076182065,1.3915355838804457,1.427412701140948,0.3109303673937954,0.30965937356172063,2.5643327955813815,0.12624183959721677,5.34802521770461,0.46615833608852214,0.35200000000000387,0.35200000000000387,1.7317803536711693,0.21600000000000819,0.9999999999999716,0.9931931041818446,-1.7775146094881085,-0.8540222274396067,-0.1717902517928417,0.13996261818602232,-0.6955554068927761,0.9384143041894693,269,255.328,256.328
0.05348997546365305,0.055999983025098676,0.40853023017520956,5.198115202269688,1.0855431925955998,0.939530950408491,0.31506188357061077,0.3700426537480442,1.1568463280507175,0.1054017728126303,5.994793411904568,0.26173811223061816,0.4560000000000173,0.4560000000000173,1.6840354682470178,0.20000000000004547,0.9440000000000168,0.9927502987030478,-1.308723926297008,-0.7034593630316398,-0.017794752720639396,-0.004924924587446104,30.5056512725436,1.12411859904469,270,256.328,257.272
0.058095626637755395,0.06400000405500494,0.41617021882451244,4.500299672772209,1.0575944465618037,0.9019937021564742,0.3266341792633186,0.36640474206209644,1.0501876278344568,0.10041704084047272,6.189333917548026,0.2159381968918771,0.47200000000003683,0.47200000000003683,1.541903785573264,0.19999999999998863,0.9039999999999964,0.9932275737763584,-1.0923996807936829,-0.603479671530786,-0.016542571140652638,-0.006057189009283568,21.343402946332642,1.1593541722546417,271,257.272,258.176
0.0539004064712863,0.05599999719600601,0.4238136747771289,6.404560070813968,1.1767185454528082,1.2492390457380727,0.30910791470551097,0.3350848878828496,1.4750227673218144,0.11497822220541377,5.72985860266485,0.41226595486271306,0.36000000000001364,0.36000000000001364,1.8350477187580614,0.20800000000002683,0.9519999999999982,0.9940522912715377,-1.6884834283616448,-0.8041148022937833,-0.07233983113789351,0.046551795310262524,-2.9540459170706344,1.1593541722546417,272,258.176,259.128
0.05918804073010621,0.06399995954739598,0.43531289404920603,6.186562432848911,1.0340392842466435,1.0818140613381222,0.30176694935094356,0.3162918731193237,1.4610139653173473,0.11042872100812681,5.4427078872878925,0.3943630757288819,0.38400000000001455,0.38400000000001455,1.8381738310556988,0.19999999999998863,0.9920000000000186,0.9932668765110991,-1.6101343263254362,-0.8214944389749066,-0.06943214751426162,0.05555042386309746,-2.202267526039824,1.1388357102121047,273,259.128,260.12
0.05251250832592432,0.05599996815348895,0.41226316706138766,5.632028818484315,1.061814533464093,1.1299509102345215,0.3129402390915601,0.3608875121854884,1.276925857565302,0.10179614131866321,5.823072788113625,0.358535480499394,0.4560000000000173,0.4560000000000173,1.9077569596602815,0.19999999999998863,1.0,0.9935082955676654,-1.6191130286429434,-0.8317278639119395,-0.04537572734998456,0.03284714266210228,-4.104072300445477,0.9999696903170794,274,260.12,261.12
0.060989840082601686,0.06399999255542205,0.41178297907267847,6.317796558536023,1.199092634006915,1.0847220868370036,0.3059141863473455,0.2926134783292292,1.591684922511311,0.1107576431095513,6.043545747565936,0.27553386757069176,0.4479999999999791,0.4479999999999791,1.8281869801642099,0.19999999999998863,0.9920000000000186,0.9931195747396285,-1.7212374803936967,-0.8436676926395241,-0.09754838258819452,0.07646472821178277,-1.6551146614820058,1.0049161052737625,275,261.12,262.112
0.060361029675471294,0.06399999942361717,0.41605315025067124,6.168331573566437,1.2602530202380375,1.2169205522771989,0.312334825085041,0.30219730560177877,1.6276956607016106,0.10708120854941841,5.996136862750844,0.3310794799993955,0.47199999999998,0.47199999999998,1.8767062334383757,0.19999999999998863,0.9839999999999804,0.9946703009728637,-1.794525599191087,-0.8518593921103651,-0.11212718676057083,0.08382140177799692,-1.5263884264118832,1.0518154470852747,276,262.112,263.096
0.052923361801609746,0.056000002644747665,0.4029763818335731,5.647020441647258,1.2473514278290339,0.9981730951435237,0.29620666132735524,0.38205503203426866,1.09688667826639,0.09792174446682912,6.173483332483304,0.19533213770530047,0.46399999999999864,0.46399999999999864,1.854578502556496,0.19200000000000728,0.9119999999999777,0.992858683003925,-1.4887913679498754,-0.7453715361521672,-0.01020221416504713,-0.018900288816901,8.52382385292235,1.0928523711703482,277,263.096,264.008
0.05973121562453295,0.06399998336790588,0.4140783036669374,6.474479760578842,1.52135719891925,1.202829615850961,0.305958177697722,0.3313720543937081,1.1495489170991113,0.10586406070920085,5.226998415418343,0.22008679577055404,0.47200000000003683,0.47200000000003683,1.9329153335497495,0.19200000000000728,0.8880000000000337,0.9939758435429547,-1.8455481458450416,-0.78235243245441,-0.05397812271239722,0.006099003078230705,-29.246002255679326,1.0928523711703482,278,264.008,264.896
0.05141033112585299,0.055999960976320984,0.4287586146630635,5.974800360733449,1.468125665545011,1.041370072711128,0.3554673819493589,0.3709499314804731,0.827201457889579,0.1059240862803312,5.552336943475166,0.21628544993485296,0.47199999999998,0.47199999999998,2.045905577200514,0.19999999999998863,0.8959999999999582,0.9952066553852172,-2.080276862421587,-0.7983223998873608,0.057915117902359065,-0.08733301901891746,2.9971077416698955,1.074288048369958,279,264.896,265.792
0.051599789707556534,0.0560000102309591,0.4392666870127078,6.038326133148633,1.3497962226354099,1.0877434356357505,0.3521986434953445,0.3867740378151899,0.968818451979785,0.107353956098542,5.162748223598394,0.33062780878596154,0.47200000000003683,0.47200000000003683,2.0907973238799977,0.21600000000000819,0.9280000000000541,0.9934266341351381,-2.102307690181805,-0.8383643408092835,0.03716059211400189,-0.07137922161682272,3.51084893580291,0.9794512282745429,280,265.792,266.72
0.05774505314135154,0.06399996462633342,0.43999871195071283,6.739284795390956,1.3929397867282978,1.2593625030616258,0.3428359330330181,0.35121099876593537,1.2224300525376275,0.11172648138456902,4.98835927973464,0.3909463306343317,0.47199999999998,0.47199999999998,2.175520362749984,0.22399999999998954,0.9599999999999795,0.9926863018843098,-2.4044123825451837,-0.9279926396906456,-0.023810762899856168,-0.0226179542701314,10.383035147985582,0.882721335788298,281,266.72,267.68
0.05204192487530633,0.055999999899599195,0.4349463924386017,6.195116243503921,1.2407421990204512,1.2031631968212702,0.33901549325801283,0.36198141890866686,1.3769296936600635,0.11188313282442566,4.577938895095877,0.4299327021084532,0.48799999999999955,0.48799999999999955,2.019138908994325,0.21600000000000819,1.0,0.9940649448248784,-2.0293876123326444,-0.9022873951336813,-0.05237815316125952,0.01982859971143403,-9.322002376313437,0.882721335788298,282,267.68,268.68
0.051287337086145836,0.05600000908316482,0.41600005681583624,5.155061386791918,0.9895285767482318,1.0779839563813065,0.32658726128592797,0.3645496544210622,1.2364230419256692,0.10035276935820839,5.739176072690643,0.3980180553144942,0.47199999999998,0.47199999999998,1.8242116433450744,0.19999999999998863,1.0,0.9934575372836927,-1.500471537600922,-0.7923438127742352,-0.030490645007304817,0.014523627691500717,-10.013183860126427,0.9120334244204938,283,268.68,269.68
0.05540460526109505,0.055999964677894185,0.4239986292229768,5.253052511426494,1.1529741752690807,1.0603890195056942,0.3391261752998734,0.33256131604126205,1.4108307265490176,0.10125629409353652,5.92971391388997,0.32798567967800407,0.4800000000000182,0.4800000000000182,1.823918972096835,0.19999999999998863,0.9920000000000186,0.9938993470227235,-1.6451371511089066,-0.8082026981674281,-0.061764616617508844,0.037229687298208594,-4.216075240414817,0.9169187725258595,284,269.68,270.672
0.052164215362099635,0.05599999761168949,0.39415353069437636,5.337040581490968,1.1971832064512897,1.0544267831649086,0.30063622884082075,0.31999787347823666,1.2613159131225304,0.10179257615487762,5.460230090778019,0.24532657621731432,0.3359999999999559,0.3359999999999559,1.6494326561157029,0.19199999999995043,0.9119999999999777,0.9932913905459861,-1.3007386964227687,-0.6918672406770682,-0.05529812519866482,0.034465399057873214,-3.645335187329142,1.0361823331481042,285,270.672,271.584
0.05138994889384013,0.05599995852131324,0.43242479742650447,5.342809487889896,1.4319136249891644,0.8690861960302612,0.37844686992666887,0.3709646848240703,0.6560943753689904,0.11373308804530996,7.414608854376842,0.13031091271918624,0.47199999999998,0.47199999999998,1.762136185857041,0.24799999999999045,0.8639999999999759,0.9937085452116842,-1.6268427351702872,-0.6431187039001036,0.13907069469908817,-0.14830334525036423,1.9786934589280145,1.055723725569568,286,271.584,272.448
0.05756264816484121,0.06399998984136311,0.422010564477544,8.15257623602024,1.9570332821678837,1.3846880751443273,0.32912800858926333,0.3464685642353325,1.5020462253966138,0.12550763686879932,4.091007521899214,0.3145283859499544,0.3520000000000323,0.3520000000000323,2.114569255713456,0.21600000000000819,0.8880000000000337,0.9949075996840149,-2.59446802144786,-0.8751886955091371,-0.0674912577165666,-0.010402393137604464,23.72077789359101,1.2727553151504472,287,272.448,273.336
0.04879168166624769,0.05599989834568148,0.6867468137323794,6.408643150278551,0.8873266015082824,1.1863516930746036,0.28899135593264574,0.504633248707659,1.3080204723348419,0.10792768906568716,4.026326129054389,0.56397484588154,0.47199999999998,0.47199999999998,2.047760340757352,0.21600000000000819,0.896000000000015,0.9919503363552333,-1.5763517699058718,-0.7579236881617505,0.0022007585315059613,-0.03480860280198929,3.706206014364608,1.112393763591812,288,273.336,274.232
0.046470533622023524,0.048000019599485765,0.44554032411370215,5.4545718166978645,1.1992435096064815,0.993934151503397,0.353758975718517,0.3968606247897569,0.9979769289188335,0.10880250704897153,4.9519356978584605,0.35923771610966243,0.47199999999998,0.47199999999998,1.8811375058816129,0.21599999999995134,0.9359999999999786,0.9922849478994793,-1.7143880781574172,-0.7685605068739472,0.023336320717778084,-0.05631925413701784,3.9423804133492824,0.9491620700212743,289,274.232,275.168
0.051918857800111136,0.051530426515592365,0.735999853184718,10.12309058904691,0.4050905935164988,0.7029904340082906,0.19551568780994805,1.5507766963738534,0.37200820310402855,0.12006051594798134,4.67951685840357,0.3025329430460755,0.73599999999999,0.73599999999999,1.7972138295374274,0.20799999999997,1.0160000000000196,0.9925796012466804,-0.918986807354715,-0.6791260024995899,0.00024743254749945486,-0.008303944154006166,3.461101395236113,0.9472079307791279,290,275.168,276.184
0.05831053237740243,0.06399999206140734,0.405582271426233,5.897569884087335,1.583938627997512,2.3523598302434436,0.3259460163869703,0.39462117629930415,2.987166884120614,0.1145912490777123,5.990467348378292,0.7694823652059755,0.45599999999996044,0.45599999999996044,1.7082800877322026,0.19999999999998863,0.9679999999999609,0.9939217717576577,-1.6169029006146058,-0.7805087451318391,-0.16421366997944517,0.12650076536169866,-0.7595135616007846,0.9472079307791279,291,276.184,277.152
0.0608631453811963,0.06399998735556853,0.4324982654740829,4.7447052874998965,1.3407374411711928,0.8438187620409152,0.31807198038662543,0.3621330671714251,0.6498595048107102,0.09875216861738798,6.384340186384455,0.11959686537308863,0.46399999999999864,0.46399999999999864,1.5540315134363958,0.19200000000000728,0.7680000000000291,0.9944121723344688,-1.0575069511760458,-0.4859837867084226,0.0412271251554482,-0.0759325948607931,2.2357412766009364,1.1495834760439099,292,277.152,277.92
0.17999999999997837,0.15199962988540167,1.2932446889076503,6.781339516451307,3.412463711264091,0.40948266493663477,0.5424742936773768,0.1640000204569601,0.367994112608708,0.12433616279606867,1.072000000000003,0.4275460772148174,0.6560000000000059,0.6560000000000059,1.7062372110010833,0.3599999999999568,1.0720000000000027,0.9268931591234989,-3.740459104114282,-0.7272501208738469,-0.5624763664078782,0.012322552565904754,-54.34382969901955,1.1495834760439099,293,277.92,278.992
0.05072724501901085,0.05599999824978996,0.4107279729459322,5.099398984895267,1.2458187874127675,1.008204403842838,0.31619148971960576,0.3016314114996939,1.1987568465898906,0.09500462302216853,6.033476076044629,0.22744191000897182,0.46399999999999864,0.46399999999999864,1.706476477827033,0.18399999999996908,0.8799999999999955,0.9924302880144565,-1.4052314896670226,-0.6858933706791536,-0.05374756582163448,0.018981611289630634,-7.805774487958486,1.283503080982252,294,278.992,279.872
0.051875808342413544,0.05599999654037752,0.42129718932646215,5.602886703017938,1.291384056585631,1.1700026356808908,0.31920322999586337,0.2992143832994824,1.3595503117586292,0.10286705755695191,6.157638232974281,0.28775466575297953,0.47199999999998,0.47199999999998,1.7669374709877361,0.19200000000000728,0.9119999999999777,0.9922543480479443,-1.5878601395226009,-0.7474128782210006,-0.09364366656562507,0.05362948088191084,-2.6448055356678295,1.3225858658251795,295,279.872,280.784
0.05506999636023677,0.05599997245050534,0.430144859465945,5.669094933874012,1.274565053605352,1.1424589402510132,0.3339467689202128,0.31521953589244195,1.3829312139544867,0.10032144712550893,5.92999693639654,0.326368464665241,0.47199999999998,0.47199999999998,1.9272219875560561,0.19999999999998863,0.9519999999999982,0.9923023387809291,-1.8531490368842893,-0.8282183326829125,-0.0765233764552986,0.035865166344360905,-4.786935542530636,1.1671707292232267,296,280.784,281.736
0.05463634430362851,0.05600000534242286,0.40822869729688066,8.954761895998852,1.87818871571565,1.8251510303959104,0.2899432241251852,0.2755167442222946,2.304806972741156,0.12495700729779144,4.385379530708601,0.3701754379650062,0.3199999999999932,0.3199999999999932,1.957863409953322,0.19999999999998863,0.9840000000000373,0.994158601278539,-2.4856771327279756,-1.0206838935763076,-0.38882474891354796,0.26216348374405035,-0.25519489830340425,1.155445893770349,297,281.736,282.72
0.051711940982107844,0.05599997042178067,0.4080065497403675,6.02940903277953,1.351795982050615,1.3448136874412644,0.3215772819318111,0.3114741422986022,1.3908374590037422,0.10057012880306553,6.130231505461393,0.32744711363659174,0.47999999999996135,0.47999999999996135,1.9893807266344607,0.19199999999995043,0.9599999999999795,0.9935599708138747,-1.960202165818964,-0.8748828785122772,-0.10396277627213533,0.06459761766183311,-2.3654396463495613,0.9921531333484944,298,282.72,283.68
0.053929699304643905,0.055999974587052526,0.41458932447620045,5.693076824392625,1.2988208847072409,1.3103008931906117,0.3152378611022035,0.3547055431426877,1.2267665666473353,0.09736114134621879,6.221339491970016,0.3088012119191188,0.4800000000000182,0.4800000000000182,1.945453911290172,0.19200000000000728,0.9519999999999982,0.992113769720507,-1.7442349873707759,-0.8232167500253534,-0.06615277933603178,0.03769883552519343,-3.950142871436744,1.0068702445159086,299,283.68,284.632
0.061303112838917075,0.06399995290857072,0.4078713221419135,6.676155444457728,1.4633510988951075,1.1627859709604695,0.29255307837470174,0.3017844733455373,1.556123209872578,0.10323162200862597,6.145524444109461,0.1991381758175465,0.46399999999999864,0.46399999999999864,1.9666815332937557,0.19200000000000728,0.9200000000000159,0.9926524668918023,-1.8852227137709372,-0.8356533599020094,-0.10189906987196456,0.05575186644433695,-2.639526289648502,0.9716346713059574,300,284.632,285.552
0.05097395749098605,0.05599999696528926,0.41508256716468656,5.783658868961751,1.447652266575638,1.1500044217936698,0.31859821696250107,0.3541394233263926,0.9575663913040563,0.09651145952559635,6.18745011808832,0.1806607344656628,0.46399999999999864,0.46399999999999864,1.9875167414957333,0.18399999999996908,0.8559999999999945,0.9936126207650382,-1.7715553614739956,-0.742958481589866,-0.02590397116513389,-0.013489524724027807,12.513985882685722,1.057677864811714,301,285.552,286.408
0.052490656899092006,0.055999997508327015,0.42588885453948605,7.203272335499933,1.5793004045390777,1.324803083416148,0.34948887738741646,0.31092641737748494,1.3945186706371795,0.11624619672488959,4.956260562721442,0.33131579242718256,0.47999999999996135,0.47999999999996135,2.1866864388869347,0.19999999999998863,0.9679999999999609,0.9950003420135328,-2.7189131874893246,-0.9919600118571323,-0.10918307219348994,0.03825524824224758,-5.935710718735843,1.057677864811714,302,286.408,287.376
0.05455947194975256,0.055999971337764264,0.4242440484509259,6.460263759148769,1.462679322075025,1.2657666792361761,0.3543724956063411,0.31708826532905876,1.5506849447914999,0.11329818411082211,4.764402363842869,0.3797575547685222,0.4800000000000182,0.4800000000000182,2.045472515834232,0.21600000000000819,0.9840000000000373,0.9939410843729986,-2.3394914839412677,-0.9315905887235434,-0.10407122311979203,0.045705579837501245,-4.518319570260013,0.9804282978956161,303,287.376,288.36
0.05401861870452366,0.05599999193837701,0.4240135311895346,7.091845260534818,1.5090832867356214,1.1922395229482103,0.3392086580812885,0.3267630387282652,1.2196612869767125,0.11843602795801927,5.060496717747977,0.2962938891895751,0.47199999999998,0.47199999999998,2.0893924801220662,0.21600000000000819,0.9279999999999973,0.9945104054998722,-2.3638867757696036,-0.8869978816116203,-0.04741584758220541,-0.005217092330625936,43.48591744165087,0.9032397978308351,304,288.36,289.288
0.1335498541428579,0.13600000010950797,0.5008456063705532,6.8145227588722195,1.3926718587787446,1.8966967143143358,0.37717375665463837,0.2527696097171609,2.052238283644516,0.11991695202144456,8.109577097464681,0.6758665645976919,0.5600000000000023,0.5600000000000023,2.0979967795716146,0.29599999999999227,1.0879999999999654,0.992656263055723,-2.718529471576437,-0.9610796985313727,-0.1712992818489978,0.054889300427078014,-4.572682569170801,0.9032397978308351,305,289.288,290.376
0.059078872858854325,0.06400000058860354,0.4173949982974613,6.746901968067756,1.4130182786766203,1.1485027065286018,0.33253301937774266,0.33780092719007143,1.1106689991871082,0.11377875779439857,4.306368361506949,0.2938254550137742,0.47200000000003683,0.47200000000003683,2.0867994663349085,0.21600000000000819,0.9600000000000364,0.9938543796414666,-2.215353280214087,-0.8979651371295718,-0.029192107113839547,-0.013010157153507129,16.870479919379104,0.9960614118327868,306,290.376,291.336
0.05243666653277358,0.055999989906655,0.4290214737610742,6.098314636831386,1.424536238426772,1.0783300761639791,0.3594633212757244,0.3448068824071685,1.0565404434382188,0.10987400275619062,4.953422538391733,0.30478999997066936,0.47199999999998,0.47199999999998,2.050814899950336,0.21600000000000819,0.9279999999999973,0.9913225279944954,-2.1546932609127785,-0.8371120581683656,0.011744880691592368,-0.05100063458450833,4.979150743825383,1.0518154470852745,307,291.336,292.264
0.05177935006044795,0.055999972974609215,0.44647051551423633,6.084791335994651,1.4055938059419635,1.0895668341109965,0.35817751204414916,0.39588304609883457,0.9291045271406675,0.10758293507736448,5.368645470426915,0.31113029258313535,0.47199999999998,0.47199999999998,2.1370192596977824,0.21600000000000819,0.9279999999999973,0.992366348366284,-2.190378033827972,-0.848914758746708,0.051586157740409234,-0.08384507188569074,3.1994662838733765,0.9432996522948351,308,292.264,293.192
0.06138407110657669,0.06399996722473528,0.44007474955206477,6.421312846927296,1.4024881455937404,1.2248877976143406,0.3453624021534939,0.3225285384009392,1.3097294690868133,0.11164965023366846,5.072565548936684,0.35872135961221185,0.4800000000000182,0.4800000000000182,2.095300912032097,0.19200000000000728,0.9599999999999795,0.9939958417777371,-2.209456521288955,-0.8816442106114905,-0.06162947263509877,0.008213523522153028,-26.423089569011807,0.9432996522948351,309,293.192,294.152
0.05289108068869489,0.055999992858122426,0.4217478140957373,7.549201809398435,1.3035162683198442,1.4471462872390048,0.29879659171925704,0.32730696750383625,2.066758543379481,0.12863121025108554,6.456702499815882,0.4583112810209241,0.3439999999999941,0.3439999999999941,1.7952106363180271,0.21600000000000819,0.9840000000000373,0.9951724696153144,-1.8073692272621371,-0.8614657450214583,-0.14074165777369854,0.11312641403133505,-0.9568649776916315,0.9325518864630303,310,294.152,295.136
0.044320276507064646,0.04799996908961687,0.4050378942156299,5.382383630074171,1.0986525459598087,0.6980876638318566,0.30558759998053664,0.37541864072275777,1.5720763715702588,0.1120342693716464,3.447835761002324,0.27029241737440296,0.3039999999999736,0.3039999999999736,1.599466058079647,0.19199999999995043,0.9359999999999786,0.9938928412444672,-1.208355382740608,-0.6826510253294295,-0.02604347736323035,0.01025448900465133,-12.757370964774296,0.8885837535147374,311,295.136,296.072
0.06029537486030016,0.06399999043053195,0.41111529499722266,4.7372382643151285,1.084124071007447,0.9267393635542497,0.3007144552110612,0.2807376973318258,1.4636741503965072,0.10258669760750938,6.177605286739576,0.23107288494794123,0.5040000000000191,0.5040000000000191,1.3990446434234065,0.19200000000000728,0.9119999999999777,0.9929298548593157,-1.0101410527209709,-0.6015901809022629,-0.0720187105118896,0.05586841804698013,-1.8643338376260898,1.053769586327421,312,296.072,296.984
0.06229684082173012,0.06399999721549651,0.4442774126484964,4.370212996819092,0.9302529516158251,0.6386376140283836,0.2915019838360078,0.29163712204701414,1.1043336861114645,0.09907523951322489,6.69585533543679,0.06990228858556577,0.47200000000003683,0.47200000000003683,1.3514334744689613,0.19200000000000728,0.8880000000000337,0.990208753861054,-0.8374203788111889,-0.5385719811715004,-0.0062879539232422645,-0.025783160032463195,5.370055479968937,1.2257949064876175,313,296.984,297.872
0.09330650806465068,0.09599998149752631,0.44495585927203346,7.084761420062769,1.9319128952448383,2.2780643496386443,0.3143802449923157,0.33135870294680125,2.031339142090107,0.1170780312446237,8.039239399213734,0.4196673752141342,0.5199999999999818,0.5199999999999818,1.8112004011918714,0.22399999999998954,0.9759999999999991,0.9944269678738388,-2.060643221671072,-0.8503707333961968,-0.2924617949874904,0.16390530611405063,-0.7325071633970478,1.2257949064876175,314,297.872,298.848
0.05101874330258304,0.0560000055840686,0.41799062618223154,5.031728131251274,1.2858667807367303,0.9440137245229739,0.3289824593312909,0.36022716024634954,0.9533865467974444,0.09374166560100546,6.624489874516812,0.1578267319382406,0.5199999999999818,0.5199999999999818,1.809707053869989,0.18399999999996908,0.9199999999999591,0.9894449049172722,-1.5181035903198785,-0.7363892274686997,0.023893751431521164,-0.05916830933782835,3.6734302227915783,1.1260727382868363,315,298.848,299.768
0.07726193318196997,0.07999999550056826,0.42516149826045435,6.648979383069001,1.9768114721825234,1.9944356596679989,0.33707009030503693,0.2982890021544747,2.1440094072788574,0.11078684570442489,5.211483400745183,0.3903751548747309,0.5120000000000005,0.5120000000000005,1.8775294475850404,0.20800000000002683,0.9840000000000373,0.9938919915985391,-2.2942494185729934,-0.9104369475982937,-0.3423147848761066,0.19261970967846348,-0.6515712541459239,1.1260727382868363,316,299.768,300.752
0.06060349447449981,0.06399999795365033,0.41804119382136506,5.7504711268448006,1.2874520738883328,1.2591053282502658,0.3015892133377987,0.30358979382169987,1.3780166629879091,0.09753169860177972,6.2178751911206716,0.2328997869058337,0.4800000000000182,0.4800000000000182,1.8521235189260945,0.19200000000000728,0.9920000000000186,0.9945945737626541,-1.646667608929432,-0.8349133251449086,-0.11104010413191115,0.09191086318054839,-1.2121496600114106,1.1359045013488853,317,300.752,301.744
0.05390733137634325,0.056000001146644406,0.4087512960281926,5.77880050756032,1.2832571470655783,1.349645210278911,0.2943831280582669,0.3263711028768945,1.479396593501894,0.09234395974393515,5.947817291228007,0.29399704962416245,0.48799999999999955,0.48799999999999955,1.9643567265953095,0.18399999999996908,0.9919999999999618,0.9936955058542559,-1.697605251510736,-0.8607293317242481,-0.11700022034057081,0.11122723001551174,-0.8001159243014019,1.0371594027691775,318,301.744,302.736
0.05869853408999901,0.06399999926753652,0.399780866465974,6.144646385493638,1.3396332005409322,1.3018844997845638,0.2752060768756037,0.2791815185976878,1.2015012286910252,0.09147410045988608,6.175140339779277,0.1993842023535647,0.4560000000000173,0.4560000000000173,1.930276701297049,0.18400000000002592,0.9200000000000159,0.9927507586427828,-1.6618891441286359,-0.8083706357596406,-0.10780138980077246,0.07817044933145127,-1.4095243387282055,1.0215262888320067,319,302.736,303.656
0.06317118809463339,0.06399999961146421,0.422602683167175,5.253174723398809,1.3312057331698048,1.1509847931079442,0.2996299511499725,0.36842294921860014,1.0500956873908251,0.08805960411365832,6.359843580839229,0.20193072433040524,0.48799999999999955,0.48799999999999955,1.9047451950610021,0.19200000000000728,0.9039999999999964,0.9918017728287453,-1.4870947277449562,-0.7295756222669251,-0.03675417156077153,0.004299516332957994,-34.91684267610732,1.1036001370021533,320,303.656,304.56
0.058136315740264635,0.06399999443294568,0.42291028138277253,6.23427572681934,1.5276508211504503,1.3123427858736447,0.32083713522755397,0.296317185736148,1.3489261966972599,0.10039583244384308,6.288061446920879,0.25454464880376804,0.5040000000000191,0.5040000000000191,2.00105226592975,0.19200000000000728,0.9039999999999964,0.9939661925675088,-2.030863545553148,-0.8288317617989639,-0.1179466326968117,0.051698621228754855,-3.253477441790912,1.1476293368017634,321,304.56,305.464
0.06216582765327486,0.06399999418480548,0.42127484831810896,6.550190800070301,1.2599487107439584,1.1460966004224173,0.26599251717378886,0.3467780371835056,1.2604085160757055,0.09829655350999501,3.9685038043301413,0.2547697625746831,0.25600000000002865,0.25600000000002865,2.0847065913052365,0.19999999999998863,0.9440000000000168,0.9913657031433937,-1.595477141470767,-0.8114214804041552,-0.08016564228360912,0.07286529475060399,-1.2453334624791554,1.1964828178554225,322,305.464,306.408
0.051894052179509674,0.05600001996577856,0.4251947138763973,5.532249690770568,1.247646758113475,1.0931118047533865,0.33282633762416364,0.3509525439407131,1.2054487373828222,0.0977611129591841,5.946973779809074,0.28780183071191295,0.47199999999998,0.47199999999998,1.9602620589103301,0.19200000000000728,0.9519999999999982,0.9926170236405575,-1.8109434086060585,-0.8255390310534134,-0.04038414693667168,0.007775799748534441,-22.692103149169668,1.0772192572331776,323,306.408,307.36
0.06061166147840106,0.0639999933435562,0.4222873188494813,6.646169158490855,1.317291239672807,1.3650246623464948,0.3131933826517777,0.30587171988141476,1.6919727892210517,0.10913826071172925,5.88721509590114,0.38238748020637764,0.5039999999999623,0.5039999999999623,2.0067492683006734,0.19999999999998863,1.0,0.993180608482238,-2.0515482746454903,-0.9228325929887479,-0.13648435062809075,0.10157846897126707,-1.2644267991170413,1.0117555926212745,324,307.36,308.36
0.054648894287796165,0.05599996746703384,0.4160310936872563,5.690433604422548,1.2634589909638507,1.165114777641389,0.33723147310319274,0.33539645716912647,1.3774520841170725,0.10056529388223169,5.866441116856671,0.3219034393974495,0.48799999999999955,0.48799999999999955,2.0046503902131096,0.19200000000000728,0.9839999999999804,0.9930860071964352,-1.9210269009777377,-0.869452339491308,-0.06693249536203479,0.03536493149438729,-4.806900701973558,0.9540474181266401,325,308.36,309.344
0.052212944295061084,0.055999991807657745,0.4010327663851774,6.481658476742801,1.6868227062840186,1.6666662919361452,0.326774237386526,0.3441881237154218,1.5372111195295624,0.10842025679124218,4.185038815087361,0.3639539233398156,0.43200000000001637,0.43200000000001637,1.9892289702342927,0.19200000000000728,0.9839999999999804,0.9933342939589788,-2.141477025868967,-0.9259841604918104,-0.16464502133179956,0.11235660317954543,-1.2395163148011632,0.9110563547994204,326,309.344,310.328
0.05182279139776549,0.055999972509660975,0.3995371583243243,6.101546687029196,1.360531187608026,1.167535589401598,0.301704095945692,0.3231735193207717,1.1574272295784493,0.10025654610182094,4.91877038749291,0.21670211090296904,0.33600000000001273,0.33600000000001273,1.9358530187747136,0.19200000000000728,0.9200000000000159,0.9938460437569294,-1.7537612558246591,-0.8108638751956886,-0.06450287073920866,0.03356627778752371,-4.343557466112952,0.9706576016848845,327,310.328,311.248
0.060585191768836616,0.06399999050856689,0.4206898734069847,6.69763698992239,1.4557989189374707,1.1301341457668497,0.31111742471468795,0.30132336628356127,1.302922909483688,0.1090121329165114,6.3637839675794226,0.20550380475550847,0.47200000000003683,0.47200000000003683,1.9552042412837591,0.19999999999998863,0.9039999999999964,0.9946066503362115,-1.9731556641772445,-0.8156761897595833,-0.07627186091853135,0.02317354183051936,-7.6942280654889466,1.0019848964105427,328,311.248,312.152
0.051639197429828775,0.055999979106735175,0.44011165308863237,6.024019635777235,1.492402064828916,1.1262660179893846,0.36399234929713026,0.3598536812189926,0.9890452496492158,0.10645191996212211,5.234581814689461,0.28146085151239025,0.48799999999999955,0.48799999999999955,2.091964944186876,0.19999999999998863,0.9200000000000159,0.9932417159461865,-2.2213709580987793,-0.8414748539463862,0.01963013977148725,-0.05876607100527689,4.44969651798964,1.0430218204956165,329,312.152,313.072
0.047221455834272855,0.04799996659435313,0.4418426889843959,6.323441986160495,1.4529026923020478,1.1063636778689758,0.368323203232568,0.3998809744137689,0.9420267687488664,0.1105141235907766,5.057539632365536,0.32099617350944587,0.4800000000000182,0.4800000000000182,2.2169191160160135,0.21600000000000819,0.9519999999999982,0.9930031398340491,-2.4431548898684152,-0.9161922951294389,0.05655515316337525,-0.08547131725208329,3.4321121020351923,0.9413455130526887,330,313.072,314.024
0.05265680525657019,0.0560000187597639,0.4442263680105892,6.163928094472604,1.3465776460086782,1.0771349276654227,0.3587191963368527,0.39272884929025964,0.972154655201652,0.11153844546896999,5.227344662589062,0.335862517639264,0.4800000000000182,0.4800000000000182,2.1164111010728672,0.21600000000000819,0.9519999999999982,0.9935867794987385,-2.184648254022528,-0.8672651760519964,0.043472766771020334,-0.0770538374661337,3.4825114618278312,0.8836984054093715,331,314.024,314.976
0.0752820582211695,0.079999996630434,0.4533268686723471,6.315793760474811,1.3549912148842682,1.1929256254791782,0.356845379561709,0.34044685326761337,1.3118955856417451,0.11454674763259838,5.049166699351198,0.36828126158097285,0.4959999999999809,0.4959999999999809,2.059431456655488,0.2400000000000091,1.0160000000000196,0.9926261348228537,-2.241195735301874,-0.9112300007392204,-0.04466082060942584,-0.005376126418449329,43.74564946609138,0.9169187725258593,332,314.976,315.992
0.05891925467838938,0.06399999852073197,0.41581146645403416,6.038603428582479,1.3805926968930846,1.0839728560509725,0.34280426140117604,0.34582613426744674,0.9912654155933474,0.10875043131455991,4.891889380828021,0.2534910250211979,0.47999999999996135,0.47999999999996135,1.9878492162007437,0.21600000000000819,0.9359999999999786,0.993341842578697,-1.971677775879778,-0.8175816598041339,0.004939550303178254,-0.043111194111910535,5.313785852157841,0.9931302029695672,333,315.992,316.928
0.05221562810190924,0.055999985407889176,0.43170452155567157,6.174216596138537,1.4438663899556934,1.0099066032914585,0.36741602973983206,0.35540170519447645,0.939008977415918,0.11272854109739448,5.352550128023351,0.28847115911750126,0.4800000000000182,0.4800000000000182,2.068847911764164,0.21600000000000819,0.9119999999999777,0.992063235616219,-2.1910350571776154,-0.8148038452745258,0.06684884048531642,-0.09406942726926895,3.0533503162242783,1.129003947150056,334,316.928,317.84
0.04332243487613472,0.18645240315978495,0.4099861583898803,22.70673863658412,4.541347727656041,4.541347727656041,0.34337844136255535,0.3662636235424674,4.36799999999971,0.2468845445888214,1.677007978762224,1.0680726224863004,0.2720000000000482,0.2720000000000482,2.270673863828021,0.21600000000000819,1.0,0.9972781548212066,-3.0292808633444213,-0.8977758064131609,-0.4264382889098482,0.04742253192154322,-7.0879308068770905,1.0107785230002015,336,318.768,319.768
0.05164705388140924,0.05599997717715155,0.43338649160658643,5.929129094314964,1.1543319458654475,1.159083982405197,0.3378164359692144,0.38210458020473376,1.3211577723068988,0.11213448129226548,4.326347134521243,0.4783072154844428,0.4640000000000555,0.4640000000000555,1.9554782406853897,0.22400000000004638,0.9920000000000186,0.9930307270443455,-1.834790201631452,-0.8522921824928837,-0.024281335634592387,-0.00521583545044603,35.76292399881164,0.8827213357882981,337,319.768,320.76
0.051152887481127854,0.05599999797291666,0.423219336007646,5.35073766346836,1.2368223637157183,0.9127911557517996,0.3520328311479106,0.37377415544939574,1.455334359820873,0.11100508444671275,2.7321368714473424,0.45888922513386243,0.4560000000000173,0.4560000000000173,1.7924275675313188,0.20800000000002683,0.9920000000000186,0.9938228968380299,-1.6373803146176686,-0.794243434085228,-0.030963239804832007,0.003174920063269115,-56.44227058430477,0.8827213357882981,338,320.76,321.752
0.05250941525291447,0.05599992645092762,0.4304508886356314,6.7306028341682245,0.5617040240940712,0.31437948921277087,0.26105090752010635,0.28588409998179587,1.3112037343892926,0.12370386390190187,8.374118461387747,0.042868516750003534,0.33600000000001273,0.33600000000001273,1.603657646037549,0.19999999999998863,0.9360000000000355,0.995184905086262,-1.0574606233866772,-0.6570178115468437,0.016410778780131675,-0.05137319571277865,2.55755100033196,1.1123937635918117,340,322.76,323.696
0.055080388589970025,0.055999996553306515,0.42933074734588467,5.613737853604472,1.3602036314073702,1.0075060730284153,0.35141440975416915,0.3508601398141326,0.9150049866790287,0.10752306310749903,5.383616972656648,0.24652884566054054,0.47999999999996135,0.47999999999996135,1.8868225028065735,0.19999999999998863,0.9039999999999964,0.993336622801591,-1.7729622683674062,-0.7418084677089478,0.02470008147426856,-0.059860302772532965,3.9372243536460694,1.21113886217152,341,323.696,324.6
0.05342323723469071,0.05599993331690093,0.7108752623310998,6.515377435222785,0.9264145269834063,1.0041049077204987,0.2990031075490591,0.6190380923674679,1.004660760350745,0.1161575650683341,5.355809270914647,0.4327807155830695,0.5039999999999623,0.5039999999999623,2.025680845665823,0.22399999999998954,0.9359999999999786,0.9933840939919233,-1.5856839835513672,-0.774373473006369,0.007358324894968807,-0.04351250211772919,3.2894782797344924,1.0684256306435191,342,324.6,325.536
0.05358607944641145,0.055999970705586245,0.4451343514865612,6.4410755190832845,1.3209985148081007,1.1519341477315277,0.3530223757832981,0.3293324200808237,1.3109057526736116,0.11826917922279138,5.296397692916813,0.41163259426989757,0.4800000000000182,0.4800000000000182,1.9919899594705341,0.2319999999999709,0.9440000000000168,0.9931020845086262,-2.129683483129755,-0.8451247442527983,-0.024490354322065627,-0.021486897913278364,10.8507067494467,1.0117555926212747,343,325.536,326.48
0.05912783936559641,0.06399995823902611,0.44800045675177286,6.35969327235965,1.2473253445568966,1.1871457916058328,0.3418226229972955,0.34946277119179553,1.2762375678071527,0.11461535796766356,5.149754069562239,0.4295982184250306,0.47199999999998,0.47199999999998,2.02159232699388,0.21600000000000819,0.9759999999999991,0.9932881047202147,-2.0721109041482606,-0.8740711302018286,-0.024387775897275265,-0.017013840232005497,12.87448824931336,0.9403684434316157,344,326.48,327.456
0.05249608380170541,0.055999998133023886,0.43095982009028566,6.513620252127136,1.4526943828441252,1.3474664462973072,0.32729860402291905,0.47831279670551563,1.5927553135553716,0.11874361776407752,6.139015080961495,0.46937258658781983,0.3439999999999941,0.3439999999999941,1.9569185139986556,0.22399999999998954,0.9279999999999973,0.9944303430734537,-1.852378114081669,-0.7993581388813019,-0.0029440532349158596,-0.034194856652235865,5.895450492616458,0.9442767219159085,345,327.456,328.384
0.08202003953243198,0.0879999976264343,0.4559145014968177,6.777211294862552,1.2178545865875143,1.537156198550664,0.30132243888665056,0.3744725677191415,1.7847266280905545,0.11852415801509164,4.940532850374722,0.5936523455058293,0.5120000000000005,0.5120000000000005,1.8657784126666879,0.2400000000000091,0.9839999999999804,0.9924186777824228,-1.6993223365838817,-0.8060213375535865,-0.06404898698182648,0.03217272187623147,-4.461411485341487,0.9442767219159085,346,328.384,329.368
0.05157766959518738,0.055999989437173554,0.4028594310325954,5.923601792977951,1.3324192303526896,1.0602815509120298,0.33185666793680324,0.30251855805508104,1.2844787348285522,0.10907021076318464,4.395788843633381,0.29632114689683525,0.46399999999999864,0.46399999999999864,1.8311418023092956,0.19999999999998863,0.9200000000000159,0.994140978293956,-1.7734830117625855,-0.7803411853908753,-0.058859383831158366,0.018391752148443453,-9.63004007496035,0.9481850004002013,347,329.368,330.288
0.05942177426836716,0.06399999997965006,0.4257869434395459,5.943444261802755,1.2605944788344132,1.0063967127848341,0.32971682179976547,0.3386521264725707,0.991903705737884,0.11067031876689205,5.124985490933665,0.28659684782977835,0.46399999999999864,0.46399999999999864,1.8550274909195419,0.19999999999998863,0.9039999999999964,0.9935631270351046,-1.7020023070412187,-0.7389216749504414,0.0066838140571851175,-0.043956493501855896,4.714471895397547,1.1036001370021535,348,330.288,331.192
0.052411928836125464,0.05600001388812576,0.4444902654370133,5.709688707136934,1.2519130812644597,1.012731484367122,0.3530649489979412,0.3954817914832199,0.9315288327235709,0.10610564446604993,5.436182552060438,0.3474778171889718,0.4959999999999809,0.4959999999999809,2.0066714780179042,0.19999999999998863,0.9279999999999973,0.9934919386459602,-1.9139513262535128,-0.7991298175292211,0.05296984682311151,-0.08550078294516386,2.9390810852748355,1.1378586405910314,349,331.192,332.12
0.052349769673665385,0.055999973123314443,0.4483093556921005,6.467130062585905,1.265617248518086,1.1093405695053482,0.33892544498657784,0.3633506924778384,1.191908416820739,0.11411713022944585,5.169732579268876,0.41821477933430146,0.47199999999998,0.47199999999998,2.0546005325930747,0.22399999999998954,0.9359999999999786,0.9925634914335087,-2.0841182771771596,-0.8489068362596195,0.009186290736457506,-0.047471094956096,4.896495124187391,1.089921162307129,350,332.12,333.056
0.054094993523955755,0.056000015185936766,0.43182307655571683,7.278245436254284,1.0923586088306905,0.9683242363839242,0.27939496309079953,0.37275030073524573,1.828265468382873,0.11324766122999727,3.3350341308093028,0.4551146839063171,0.30400000000003047,0.30400000000003047,2.066433675002921,0.22399999999998954,0.9759999999999991,0.9934068459171724,-1.7828688498166314,-0.8744635626545123,-0.05938569604739784,0.05435855156809275,-1.9053783327065275,1.089921162307129,351,333.056,334.032
0.051299243231157074,0.05599996351522432,0.37105700811932374,5.422659076279875,1.0777600401446197,0.8527779244240697,0.30868573053428566,0.3073589335554626,1.8343557860495858,0.1126086578226116,3.2312068001616816,0.3401218376391198,0.367999999999995,0.367999999999995,1.55958243175523,0.19200000000000728,1.0079999999999814,0.9941486008237665,-1.2728481348699612,-0.7426868853358719,-0.06898690699237046,0.07416451402447598,-1.3147609182110311,0.9091022155572741,353,335.016,336.024
0.05191600905717739,0.055999997862280174,0.39999969341752145,4.3720501135309355,0.9148596852585106,1.0566146865353663,0.31464813787912177,0.31320481194655886,1.540747104657587,0.09795037887173398,5.326299867480365,0.39379172027517634,0.4560000000000173,0.4560000000000173,1.4731895122990533,0.19200000000000728,1.024000000000001,0.9925256552639559,-1.0410188421562603,-0.6812743275781158,-0.06714266675192143,0.08616274367112918,-0.8436769070218735,1.0459530293588357,354,336.024,337.048
0.05042385769195472,0.05599999484325539,0.37499504059801775,5.075595230179035,0.8792799089640239,0.6269909599570657,0.26581853777944975,0.23268457852312843,1.81862463407954,0.09948631477859418,4.335673996787893,0.07126649149286536,0.367999999999995,0.367999999999995,1.4198737598843783,0.17599999999998772,0.9200000000000159,0.9929982601774471,-0.9367688136377247,-0.616652746045202,-0.03223396384054758,0.022727567706067597,-4.08692045484728,1.118256181318251,355,337.048,337.968
0.05177244394781254,0.05600000644548898,0.4038905826260464,5.525722031564791,1.2665420828013982,0.7466975436896078,0.27929064584243585,0.3367050967488751,1.7816943411739514,0.09411969705806461,3.0865630193621043,0.1800351151490112,0.26400000000001,0.26400000000001,1.7735655500454652,0.17599999999998772,0.8879999999999768,0.9933546369650503,-1.3235750878512988,-0.7010228821479206,-0.053976802266845925,0.038342567617926704,-2.7778653156490325,1.2786177328768864,356,337.968,338.856
0.04353504794459829,0.04799992398549517,0.3794483366079458,7.6445126324884844,1.5801390087956941,1.0706630432333137,0.2927880453025402,0.3090913909414748,3.2616631268183136,0.12052759656085936,4.629384123883933,0.2891029420158669,0.3120000000000118,0.3120000000000118,1.84352909093925,0.18400000000002592,0.9359999999999786,0.9852082324906697,-1.9588065274257185,-0.8761651832738423,-0.14771053982647228,0.09404757603411794,-1.5389409892321428,1.3860953911949354,357,338.856,339.792
0.04500361230206398,0.04799999484006628,0.4002938253315861,6.597578889434014,1.9906520020536727,1.8919993512883968,0.31997301503500086,0.37376754402504825,1.970419396407502,0.11022116185526515,3.577228893711603,0.4109400830315996,0.46399999999999864,0.46399999999999864,1.9014421930118657,0.16800000000000637,0.9600000000000364,0.9940991972280089,-2.067060621954131,-0.9018764720262104,-0.23880305815465,0.1673702774743976,-0.6195621769746791,1.107508415486446,358,339.792,340.752
0.09482981060225025,-0.028723416708532658,0.6604363273878694,18.53290304807681,3.706565574628801,2.7726829792671697,0.13563632873299533,1.2480000000000393,0.2716994484172582,0.10586865815643243,1.0279953444267524,0.35699337845197987,0.3120000000000118,0.3120000000000118,1.8532903124049196,0.21600000000000819,1.0,0.9911373178998375,-0.6296829936335017,-0.528996618509068,-0.020477194345359946,-0.13091919816927608,0.5042407354947382,1.059700777253751,359,340.752,341.752
0.08622819584414848,0.08799999837712764,0.43206743709931444,7.014041564701143,2.0832982022224273,2.3540852354596487,0.30775436457213967,0.3521949297893004,2.2210146213002018,0.11201750308315614,6.751983597501297,0.40993435759635993,0.5039999999999623,0.5039999999999623,1.8531043664777627,0.20799999999997,0.9920000000000186,0.9927473333164974,-2.0902491919064095,-0.8948639698699886,-0.33214986117698103,0.20902506640062293,-0.42206385983381506,1.0098014533791282,360,341.752,342.744
0.07874411990207505,0.07999999137096461,0.42790054887440754,5.4509205858363625,1.3702165487658535,1.196245402329087,0.2809528545942842,0.34017893417760153,1.1310806835324687,0.09099862631222506,6.5223481895003195,0.18239196014205594,0.4959999999999809,0.4959999999999809,1.788974079725888,0.19999999999998863,0.8959999999999582,0.9918098444178883,-1.3499689996273847,-0.6861721059203691,-0.05985156720942949,0.02449134688458974,-5.318893395794446,1.0166409407266406,361,342.744,343.64
0.09048269635276826,0.19199999094774323,0.23529324782702174,3.5491815906006208,0.9362651587045466,3.5736587101252275,0.5999667061414586,1.0599207011476974,0.22200000025167224,0.09295531186988377,3.6793467211582698,0.44853269324505257,0.30400000000003047,0.30400000000003047,1.9486652270112303,0.22399999999998954,0.896000000000015,0.9867260452943438,-1.3100933453241104,-0.4134761196577561,0.18539828067167877,-0.23087517229740961,1.6653142926065827,1.1299810167711293,362,343.64,344.536
0.11845120880675952,0.11999922461505068,1.0928790664394046,8.880612468520326,0.2342707902576777,0.2672103820452283,0.16929915624812394,0.6225298520255086,2.2813125381362753,0.09631568869565386,1.1855796776296574,0.41186312643130857,0.33600000000001273,0.33600000000001273,1.8543027859269612,0.2400000000000091,1.0079999999999814,0.9887842120036554,-0.7884935392862404,-0.5944537547814356,0.0013546787354327728,-0.019343950169320372,1.6556379622891542,1.095783580033568,363,344.536,345.544
0.06858075051899175,0.07199990882324289,0.41509510217781104,8.129822220406485,1.427009788073104,1.5051977285663383,0.24183579509844585,0.3144396767506399,1.7031104903082093,0.10932814089704447,3.248717254313133,0.3389392060233001,0.2880000000000109,0.2880000000000109,1.91021216912603,0.19200000000000728,1.032000000000039,0.9931444003777768,-1.6263509281798485,-0.8859640891632401,-0.1737089526145785,0.2103760465298207,0.005103390930601023,1.095459528884184,364,345.544,346.576
0.054736064266452174,0.05600000044692196,0.40559554112917656,6.0698650656711335,1.3174237450966302,1.4560522280268455,0.2755821769117974,0.29827825698638893,1.6187467111800198,0.09258974474926326,5.729354411691322,0.3107627730268616,0.47199999999998,0.47199999999998,1.9289097586391228,0.16800000000000637,0.9919999999999618,0.99166512395089,-1.6293195344423863,-0.8544447050952925,-0.16064673531940535,0.1627044834733857,-0.32675951343922316,1.0772192572331776,365,346.576,347.568
0.05148162617997537,0.16249484998268263,0.4004504105373391,18.80934569686651,3.7618691393846153,3.7618691393846153,0.2999485938161281,0.3650491397963186,4.415999999999939,0.21062485124684915,3.021865621512141,0.6167324446142544,0.26400000000001,0.26400000000001,1.8809345696923079,0.18400000000002592,1.0,0.9962689553518023,-2.3600644984189976,-0.8972881801194503,-0.5883175382102974,0.23968222680568285,-0.5059457448927898,1.0371594027691773,366,347.568,348.568
0.046253039244628195,0.047999999400099004,0.3978124164312346,5.536855703360431,1.3484272996077702,1.5053096584422008,0.2972814592317106,0.34934945696080166,1.3425650966944682,0.09321225155790218,6.015161326952666,0.35371227140994566,0.47200000000003683,0.47200000000003683,1.8694362287331179,0.16800000000000637,0.9200000000000159,0.9912276453786938,-1.5432324871959746,-0.7737578187852734,-0.09629410873076284,0.0731769064350102,-1.5491196261812394,1.039113542011324,367,348.568,349.488
0.10142463185984324,0.10399999469369946,0.44106412619404944,7.852741773983631,1.737930896702034,1.67382304596366,0.2739810145551185,0.2716010001758321,2.1424435237491806,0.10981991373258711,6.88266250417009,0.2641523997049198,0.4959999999999809,0.4959999999999809,1.9132392045087072,0.22399999999998954,0.9920000000000186,0.9930077333810803,-2.0618990410181475,-0.9065052347420381,-0.28783310285879726,0.19572715201325971,-0.380028406499673,1.0010078267894695,368,349.488,350.48
0.04617956388948906,0.047999972177582596,0.39934219540716126,7.7898832795502235,1.2814279599512595,0.8820423221540302,0.22870595973162033,0.3187441061988572,1.8041745566774043,0.10249402130627305,3.88633464659135,0.13205056127062656,0.24799999999999045,0.24799999999999045,1.8899335504103387,0.16800000000000637,0.8799999999999955,0.9922786167161421,-1.4190501952036605,-0.7600109169957542,-0.07731626824276261,0.06941276243484526,-1.1638165726752954,1.0332511242848845,369,350.48,351.36
0.05826887381221596,0.06399998753411068,0.4147317994028656,6.255975040055501,1.420815418624858,1.4662512387089066,0.29053174056413444,0.30562490627240285,1.364187244116403,0.09683932088268335,6.293389154060928,0.2923722326448513,0.47199999999998,0.47199999999998,1.9522275736536883,0.18399999999996908,0.9199999999999591,0.9920754382803134,-1.7851653836389123,-0.8225847266494231,-0.1340446139884801,0.09300984397727034,-1.2101562093338853,1.0938294407914217,370,351.36,352.28
0.0471857994686089,0.04799999070538868,0.4068234876882468,7.10004261411226,1.3982917939440904,0.901744383089366,0.2800701572790968,0.3387628062393898,1.8668125362649397,0.1059977068565729,3.354695219166714,0.2309108579621442,0.2720000000000482,0.2720000000000482,2.0355011982446856,0.17600000000004457,0.9360000000000355,0.9908678221669321,-1.884214263767777,-0.8761227431972206,-0.08776292867699183,0.06444470738123553,-1.9456372013273877,1.0899211623071288,371,352.28,353.216
0.05098567434231808,0.056000000001996224,0.4066531970078561,7.007888784788937,1.8943383324292762,1.8332704824824702,0.3063364588517141,0.3226596603880847,1.5486704356388554,0.10721209350083279,2.686084749132524,0.3778896043031319,0.46399999999999864,0.46399999999999864,2.0164830840614636,0.18399999999996908,0.9920000000000186,0.9941929793636338,-2.234334324292515,-0.9751197856947106,-0.26644560609595214,0.20830903943379625,-0.33718616699108483,1.009801453379128,372,353.216,354.208
0.051403193925555236,0.05599999408500369,0.4052170805679925,6.051436782438995,1.3697960037938481,1.5276918270150301,0.31653103115037196,0.30388692464533135,1.5472153147734273,0.09616414143199072,5.781632543409987,0.38805402815944096,0.47199999999998,0.47199999999998,2.0510465957466875,0.18399999999996908,0.9679999999999609,0.9936509434589358,-2.028895492247157,-0.9045772755314915,-0.14401965317182838,0.1077358911317791,-1.1097805691146998,0.9608869054741527,373,354.208,355.176
0.0603877152177362,0.06400000057162238,0.4153259932328416,5.870978343489188,1.3040300840638146,1.3817290174291947,0.30862210113003335,0.32929164713369297,1.3508381096120416,0.09434160179502876,5.9416816160844155,0.32573622263738033,0.4560000000000173,0.4560000000000173,2.016314966731361,0.19999999999998863,0.9840000000000373,0.9930827886455186,-1.8652803114433785,-0.8778967300470005,-0.09850230087374962,0.07312765531435096,-1.777588146598828,0.9706576016848846,374,355.176,356.16
0.04444229523330638,0.047999975230944916,0.3919998332831207,6.203507956426983,1.886745123939801,1.4852363385661687,0.3271010997790965,0.343053434655602,1.9442126548961811,0.10201090958102978,2.4366853663442485,0.40372666037924526,0.45599999999996044,0.45599999999996044,1.9854826956446827,0.17599999999998772,0.9599999999999795,0.9920268651734185,-2.11228846810823,-0.9112606073941781,-0.2067794816511094,0.15121160328237482,-0.7023679546956584,1.0469300989799089,375,356.16,357.12
0.05966043073640364,0.06400000266444211,0.4160925029983602,5.643279434690869,1.3995940622734229,1.1772405884127743,0.3157861275798987,0.30572054457805703,1.180131726756283,0.09417889760085801,6.170194971244116,0.24182715318985995,0.48799999999999955,0.48799999999999955,1.9136036092468978,0.19200000000000728,0.8879999999999768,0.9913017487486313,-1.7326749027501358,-0.758493675335186,-0.06348498603369739,0.015676662670103335,-10.857323644153,0.9853136460009817,376,357.12,358.008
0.09337342595555245,0.09599999204603446,0.44230677650301803,7.983922410761145,1.6853746363952669,1.3291348903385791,0.2865398532339147,0.3014440783229111,1.4011411184855203,0.11581816538455098,6.444714202748333,0.20500278214835935,0.5040000000000191,0.5040000000000191,1.957365774900507,0.22400000000004638,0.9039999999999964,0.9936508476024521,-2.08247370651999,-0.8090453478383338,-0.10723371493563301,0.02586453025456154,-7.157535916458171,0.9403684434316162,377,358.008,358.912
0.06249095770753212,0.0640000001997538,0.4410444999380092,7.109061977101239,1.640335717525627,1.2771358147778087,0.34014630386531775,0.3034119677623085,1.199632965036707,0.11381668370440047,5.795622134972748,0.2813763025215826,0.48799999999999955,0.48799999999999955,2.1003621751479047,0.20000000000004547,0.896000000000015,0.9945207206981891,-2.4561400230509696,-0.8557052608388367,-0.059434549632431576,-0.012390199523438694,19.79826253084449,1.1691248684653732,378,358.912,359.808
0.059701205105734435,0.06399999912485095,0.4400132066889202,7.23729234965294,1.597910728159752,1.3921344952246166,0.34285271691018787,0.3017598699079346,1.4264885481032088,0.11404116383514426,5.1500868988710335,0.36393508872726366,0.4959999999999809,0.4959999999999809,2.165888733465426,0.19999999999998863,0.9440000000000168,0.9941472951826118,-2.6685046655621734,-0.9531167193983546,-0.11122057485482754,0.029386065869395486,-7.82323883730065,1.1691248684653732,379,359.808,360.752
0.05186135605302818,0.05600000415219904,0.43277719260235886,7.11432515183811,1.9982212263698467,2.1651687581870798,0.34193402344280016,0.3649895455734069,1.4390595401638713,0.10450122606418395,4.623030078401481,0.42212012042109437,0.47199999999998,0.47199999999998,2.3009155639702534,0.21600000000000819,0.9440000000000168,0.9890498221086543,-2.891444913082833,-1.0174106611208098,-0.2028707904994314,0.09203514782260076,-2.0879716057465396,1.0557237255695675,380,360.752,361.696
0.057312958955511535,0.06399996682191375,0.42701070028412613,6.254320051489259,1.3019023729968324,1.179593144970098,0.33728846172733307,0.3613537905828451,1.126031618559401,0.10949134513435775,4.958398096436548,0.34487330260368443,0.47999999999996135,0.47999999999996135,2.043356854821508,0.20799999999997,0.9599999999999795,0.9939889231469573,-2.064006650706806,-0.868071689766877,-0.018634189903473354,-0.019200451075867764,10.812671795143936,0.7556412181974682,381,361.696,362.656
0.04454651144168539,0.04799999159963174,0.41279179782068137,5.9808499712567125,1.3301569319394857,1.0184146419060818,0.3173418521587577,0.3202494209667999,1.0058026074500035,0.10128144660679302,6.157794867414632,0.1545582293841556,0.43200000000001637,0.43200000000001637,1.937251478804213,0.19200000000000728,0.9119999999999777,0.9914886776278159,-1.8335458655015067,-0.815625338245909,-0.018389210060290498,-0.01855625283164202,10.620236513328752,1.0078473141369817,382,362.656,363.568
0.07553695541074322,0.07999999908355417,0.42085507720925186,5.684668907023731,1.2957231198786177,1.1532872629354274,0.29292008788143187,0.33936270916412065,1.26476634197177,0.10476619975505862,5.265127046713227,0.2583223707933155,0.48799999999999955,0.48799999999999955,1.674676154385543,0.20800000000002683,0.9279999999999973,0.9921981385267744,-1.3363935069345922,-0.6933876918933175,-0.057352198491305004,0.027195630882566338,-4.974018252864012,1.0078473141369817,383,363.568,364.496
0.05339901140774317,0.055999999114631216,0.42507792283212226,5.039889714350684,1.2970817118791167,1.0425188291315486,0.3449214844814204,0.3667920150533291,1.2751930820256792,0.10201652516886622,5.378136046548108,0.2974620095406288,0.47200000000003683,0.47200000000003683,1.741648093309908,0.19200000000000728,0.9200000000000159,0.9934880549720406,-1.4950884623937015,-0.7085036785901854,-0.029085205472235233,-0.00572400319424256,30.996419231963543,1.1055542762442998,384,364.496,365.416
0.05715154334684516,0.06399999690054964,0.4167142976060402,6.665714962695569,1.305802784786594,1.198309452773878,0.3128383310730047,0.2979618250900161,1.754429491097274,0.11055594401729266,5.86236202218013,0.3600397038623355,0.36000000000001364,0.36000000000001364,1.9571019196705488,0.19999999999998863,0.9519999999999982,0.9936417984421609,-1.987232935026422,-0.8678229994510903,-0.1080659379835819,0.06533863859223865,-2.2556633927652263,1.1055542762442998,385,365.416,366.368
0.051933651207546165,0.05599996535162051,0.4319999916950432,5.884317212353281,1.2688389377476115,1.0928939896604042,0.35013495473538675,0.35227419468296944,1.1045582250351538,0.10691965621916795,6.224766010215594,0.2802272447393333,0.46399999999999864,0.46399999999999864,2.014594988162453,0.19999999999998863,0.9680000000000177,0.9945794728334288,-2.030337072030611,-0.8656914128555301,-0.022747386815701664,-0.01373152641471096,15.343918533122515,0.986290715622055,386,366.368,367.336
0.05352746751319343,0.05600001772481061,0.42400138311212876,5.967190825529884,1.2511474877645072,1.0962693720072765,0.33243154359467236,0.393152683056361,1.0866035191276178,0.1070320780032538,4.5425541878739875,0.3603995100528504,0.47999999999996135,0.47999999999996135,2.0165681150561374,0.21600000000000819,0.9599999999999795,0.9937433444925139,-1.8875545953101684,-0.8417917016401721,0.0008649104327835815,-0.03404462842790486,6.109648912274939,1.0078473141369821,387,367.336,368.296
0.05056250027120862,0.055999974169594756,0.4216284507494734,5.667011864754251,1.2772965102508242,1.0754907810786862,0.3432172311330768,0.38056182240271214,1.0528861911693344,0.1029811552523372,4.576015544095255,0.3367569118901847,0.47199999999998,0.47199999999998,1.9957885440649277,0.20800000000002683,0.9440000000000168,0.9924330670652535,-1.8813727601630288,-0.8223772526505926,0.00456569021525358,-0.038720599001768746,5.484467217652077,0.9862907156220548,388,368.296,369.24
0.05082773102779228,0.056000010299988516,0.41880953586585706,5.846598709612534,1.2758973921129746,0.9593283658236288,0.346571264480595,0.3838611284496115,0.94748994912512,0.10602578492802892,4.2744863858444555,0.3102297329470675,0.4560000000000173,0.4560000000000173,2.050048181259071,0.20799999999997,0.9519999999999982,0.9932000109514263,-1.9740186045348111,-0.8439396388846223,0.03587721544067567,-0.06869113639355713,3.5433320795884002,0.9237582598733718,389,369.24,370.192
0.05236249276250842,0.05599998888045474,0.4098441389697368,6.765717682063369,1.4715426079580531,1.146306530444723,0.3300476843815051,0.3206909810540907,1.2048758621767104,0.11277710286907781,4.639367008124626,0.27595013304068866,0.46399999999999864,0.46399999999999864,2.0380405449979224,0.20799999999997,0.9279999999999973,0.9933275420232303,-2.194409588116525,-0.8735619556050034,-0.049230758576878676,0.001891400083825668,-111.04921050930724,0.9237582598733718,390,370.192,371.12
0.05207105492173408,0.05599997403341515,0.40474441646013504,6.470485377136689,1.47606434532934,1.026148085298501,0.32217708346229224,0.33133943210211414,1.1398859994860304,0.1094883238401873,6.552464668986848,0.2131044626858467,0.3439999999999941,0.3439999999999941,1.9446956175470622,0.19999999999998863,0.8639999999999759,0.9944266228845559,-1.9197890246551028,-0.76262844696552,0.005872211515346221,-0.04514268775701991,4.840795194013664,1.0860128838228362,391,371.12,371.984
0.08129715985953512,0.08800000143544445,0.4879998644929451,9.3809585483891,2.072098657322784,1.9817545129141263,0.31538358910828485,0.4051514137030238,2.3012934623492014,0.1353032494239171,5.367849827978968,0.484959650391945,0.424000000000035,0.424000000000035,2.189143277418859,0.2480000000000473,0.9360000000000355,0.9945587773059159,-2.761519531423178,-0.9263657926357242,-0.15742719233530023,0.03559264614551849,-6.270724997798462,1.0860128838228362,392,371.984,372.92
0.058690288263043976,0.06400000502250272,0.448056997898686,6.48787321621633,1.2674590379840596,1.1467043024631618,0.3413347920429059,0.39623910250067995,1.1011456152447554,0.1168021968581262,5.218943258808861,0.40343712277772864,0.48799999999999955,0.48799999999999955,2.0615060795389626,0.2400000000000091,0.9599999999999795,0.9930053156432522,-2.07669309460481,-0.8577405541136695,0.021496951020220232,-0.05924044780925839,4.037859962006473,0.885652544651518,393,372.92,373.88
0.0550109456641133,0.0559999970439963,0.46426231217480685,6.938247589288995,1.380168838020352,1.081765835529558,0.34341414392565,0.33140151831800374,1.212616735038994,0.11933233370875325,4.416862656999439,0.3528709463261417,0.36000000000001364,0.36000000000001364,2.1171569617379897,0.23200000000002774,0.9440000000000168,0.9924845649145435,-2.3130310982959665,-0.8879543522966273,-0.03837582871858955,-0.01159779564215035,19.732482423940095,0.9696805320638107,394,373.88,374.824
0.06647814894539648,0.07200000004833443,0.4479996891919068,6.01667983374592,1.2313658731482107,1.1257428612096798,0.34068424419375176,0.37925138893127425,1.3040741928249417,0.11267707371670603,5.141387305922365,0.4140079710981063,0.4959999999999809,0.4959999999999809,1.9582241720186877,0.2400000000000091,0.9839999999999804,0.992398583366196,-1.8857563385975757,-0.8345005917615805,-0.012157872856760895,-0.026630034544319905,7.982885879743392,0.9188729117680059,395,374.824,375.808
0.059777435896960614,0.058874262040468514,0.7120004445373666,9.229035416510396,0.5173863532039313,1.2018915682763482,0.21632363294297108,1.5789429159843116,0.5668773497975704,0.12110595485384357,6.264503527186055,0.5036102837326097,0.7119999999999891,0.7119999999999891,1.9692109843396235,0.22399999999998954,1.0079999999999814,0.9908485515177095,-1.1303759337593415,-0.7419431868940408,0.005706217335135114,-0.03821277788517912,1.7467053343366399,0.9618639750952254,396,375.808,376.816
0.05866562048229092,0.0639999935801265,0.40824336920213306,6.064393330509756,1.2802088540072112,0.999881594629266,0.330574463250526,0.33668685982787017,0.9818327699669478,0.11121893742696302,4.387720091983393,0.2568669200221452,0.47200000000003683,0.47200000000003683,1.9170862700368358,0.20800000000002683,0.9440000000000168,0.9920602039973223,-1.8120591436113738,-0.8016167248491939,0.002058117253768052,-0.03724549099472512,5.737773652507134,1.0078473141369817,397,376.816,377.76
0.05270713357899953,0.05600000041748858,0.415571441786139,6.0476582155008805,1.3676178261191219,0.97193397479498,0.34797739562100843,0.3166413976518098,0.9917309309172333,0.11193773502556524,5.0399352285054215,0.2749120529672788,0.47200000000003683,0.47200000000003683,1.9125796667778094,0.21600000000000819,0.896000000000015,0.9926436705832882,-1.9113689197811667,-0.7641370031221435,0.02440839268803191,-0.05996959619381046,4.099514545600779,1.2042993748240074,398,377.76,378.656
0.05176849866203584,0.055999993529185006,0.44004795714256134,5.836706424997761,1.3917868565006812,0.9778543822512535,0.3631536225940578,0.3537043410503344,0.9456289760043607,0.11103889672685224,5.493447462946748,0.286326647272238,0.47199999999998,0.47199999999998,1.9474967953565614,0.21600000000000819,0.896000000000015,0.9923171577786867,-1.9352642407235416,-0.7557000187803745,0.05368918213258028,-0.08457878017794376,3.1189781498724356,1.1290039471500557,399,378.656,379.552
0.05374095151131878,0.05599997861397377,0.44130711464542094,7.263504696609382,1.2669684101373,1.0768732122895521,0.3200892712738453,0.3192219645065759,1.265534763304247,0.12279281918501446,5.7315871062488855,0.38850140245866943,0.37599999999997635,0.37599999999997635,2.01117600140105,0.22399999999998954,0.9039999999999964,0.9922467850073465,-2.049000442522045,-0.8162185522030961,-0.011142835497614446,-0.03141465720327527,6.918979132136515,1.0752651179910315,400,379.552,380.456
0.054391263378954974,0.05599999823466957,0.4404722397125407,5.937813662447017,1.2460353864223284,1.0993313130889095,0.347049776177563,0.33671551640722025,1.269323074464182,0.11066650243777336,5.091862067025469,0.407344207606908,0.47199999999998,0.47199999999998,1.9244697662799521,0.22399999999998954,0.94399999999996,0.9932975756101715,-1.91997813855034,-0.8149694038712155,-0.019535322457525595,-0.020781255805111504,10.37252715968273,0.9511162092634204,401,380.456,381.4
0.06255308642116693,0.0639999976952762,0.44776746067830886,6.433152404132127,1.3000306436921942,1.208377563518907,0.3452766501020451,0.32513830904203955,1.3945359210702732,0.1175886166643943,5.289040446264568,0.42859769949183374,0.4800000000000182,0.4800000000000182,1.9724461592572782,0.23200000000002774,0.9680000000000177,0.9932649590341762,-2.071459980737539,-0.8542741694693476,-0.047115204430533214,-0.0015086452209719869,145.0848774570964,0.9393913738105426,402,381.4,382.368
0.05263218956876315,0.055999978788922725,0.4099920001413077,6.583259954261039,1.77175832675274,1.78756305001959,0.34722315324585423,0.3793496607206843,1.8990409569426037,0.12187287078113526,3.1690481862276654,0.5763213690207022,0.46399999999999864,0.46399999999999864,1.90058265186384,0.21600000000000819,0.9759999999999991,0.9949511511675883,-2.105057495298512,-0.8775638367616271,-0.13503982650303772,0.0725348117503631,-2.4446899851337998,0.9393913738105426,403,382.368,383.344
0.054744134169058115,0.055999976602024035,0.4241513839148481,5.469273357230179,1.2326337497283075,1.088551429618792,0.35234484513650455,0.33796359220272076,1.5580067762340064,0.1086708485410438,4.538673292271314,0.4052800772052928,0.47199999999998,0.47199999999998,1.848743787941044,0.21600000000000819,1.0079999999999814,0.9918008384399991,-1.7687491339692034,-0.8363328143299892,-0.06679951374437922,0.03495756880468417,-5.113444724655308,1.0078473141369821,404,383.344,384.352
0.046175230191548594,0.047999996613009195,0.38541426464869266,6.021865991603244,1.1147119092816988,0.8364214974942399,0.31061180568767033,0.3159081185004656,0.9925531379958729,0.11265430534027504,6.030602422016821,0.183048361288843,0.36800000000005184,0.36800000000005184,1.7770795524540126,0.20000000000004547,0.9120000000000346,0.9923770769931222,-1.5339294667708232,-0.7415656522062292,0.009421572803692012,-0.038473029811793014,4.886308829979338,1.1280268775289826,405,384.352,385.264
0.05484252645380066,0.055999982802744076,0.41335731607881065,7.2656849951693445,1.625259604232312,1.1964073514022966,0.3164920816481642,0.3394317143953922,1.4861576411139028,0.1232356757179098,5.0363706974160936,0.2856508081854354,0.33600000000001273,0.33600000000001273,1.8843510689105842,0.20799999999997,0.8879999999999768,0.9942097833180353,-1.9648280015517108,-0.7833626854913808,-0.06118250992532973,0.0042535472283696035,-47.662238008982605,1.1280268775289826,406,385.264,386.152
0.052253037593706954,0.05600001231208984,0.432012691029995,6.05059749944641,1.3298117321689193,0.9376486561611653,0.35794809488429685,0.3852260816182459,0.8357077863104876,0.11153728871895338,5.553325416124199,0.3254959026410331,0.4800000000000182,0.4800000000000182,2.0564648348998604,0.21600000000000819,0.9039999999999964,0.9907124424993097,-2.030649216285482,-0.7869797690716225,0.11168275814725603,-0.13014451170094718,2.260351830930616,1.0088243837580555,407,386.152,387.056
0.052827316420318314,0.055999996804469085,0.44294685169255027,6.509256120980073,1.37811097534276,1.1144218447849132,0.3490227075677607,0.3356064476221666,1.1464307578966324,0.11675822868644962,5.063855551067649,0.3597001130424203,0.46399999999999864,0.46399999999999864,2.0215444263300713,0.22399999999998954,0.9200000000000159,0.9930360026401164,-2.1356154344577267,-0.8273675340305122,-0.001752630994165014,-0.04138421002107392,5.861667307446947,0.9491620700212743,408,387.056,387.976
0.05924672666376156,0.06399997057174255,0.44839394038232966,6.2586095820044285,1.275505967365232,1.1186150535193546,0.3340104863178227,0.36039319197623343,1.2801334776049822,0.11084875424278949,5.184228752000755,0.4210165860634279,0.47199999999998,0.47199999999998,2.0159601565547596,0.21600000000000819,0.9440000000000168,0.9915492220981933,-1.9767416660890138,-0.8332773668668185,-6.807263553890901e-05,-0.04094286605450548,5.5548313339310695,0.9599098358530793,409,387.976,388.92
0.05418594781506837,0.056000001224787294,0.4364114822275519,6.485232828853208,1.316939943077519,1.2147315169022561,0.33936229272262664,0.3234525250822422,1.5321702908052448,0.11689502216394392,4.81068378148951,0.4447572357629981,0.47199999999998,0.47199999999998,1.9706709735502534,0.22399999999998954,0.9599999999999795,0.9919769208508915,-2.055458846210071,-0.8617155801262522,-0.06664383470492445,0.01931802028431823,-10.312585425268969,0.9599098358530793,410,388.92,389.88
0.05456148096745953,0.05600000019228092,0.42726389164739725,6.403504918955099,1.3119943396920792,1.1796389193966668,0.34097496831208446,0.32095958131649416,1.370094521324976,0.11636554145935522,4.798371934548511,0.39878094666468794,0.47199999999998,0.47199999999998,1.959690932176172,0.22399999999998954,0.9599999999999795,0.9927670105433528,-2.0352419517483926,-0.8557504112614307,-0.05769345311420057,0.013134145079853393,-15.410394754511302,0.9257123991155184,411,389.88,390.84
0.05234005737495871,0.05599999719006428,0.4318596418959314,5.994078018788315,1.3919388680660856,1.1136802240301091,0.3489099081168992,0.3644383996925456,1.2311607637849467,0.10976608437348968,4.940098103587935,0.3306796377416652,0.4560000000000173,0.4560000000000173,1.9966602416692871,0.21600000000000819,0.9440000000000168,0.9909104287294861,-1.9992922209530484,-0.8336480378917066,-0.020207600253259166,-0.020961015324653002,10.511162942988337,0.99703848145386,412,390.84,391.784
0.05519471642476656,0.055999997538012124,0.4159999876527865,5.6754543281823695,1.299753521838075,0.9936879951626875,0.33508832961338436,0.34381019606389374,1.0288235955895328,0.10765688717844832,4.592873021972726,0.2638837105836091,0.4560000000000173,0.4560000000000173,1.8581477584286763,0.19999999999998863,0.9279999999999973,0.9915252199036955,-1.6901452189421504,-0.7625156904917648,-0.005786541154530654,-0.029437136415394156,7.043711785004012,1.0596320040538605,413,391.784,392.712
0.05359493395982456,0.05600000124668826,0.4240708594054821,5.873225472168739,1.396653029405688,1.0449011806669581,0.3481019194072998,0.34014152789714336,0.951305904985818,0.1098879454341306,5.3971555186648805,0.2580276467888646,0.47200000000003683,0.47200000000003683,1.9164825678039599,0.21600000000000819,0.896000000000015,0.9918559287168818,-1.8479164148308846,-0.752153196879012,0.019640420185970488,-0.05624192960627386,4.212870738809264,1.1319351560132755,414,392.712,393.608
0.052326979677816944,0.05600001990654538,0.45278843763019694,5.801650264952117,1.3705971175799956,1.0540024518717266,0.35860309730356776,0.38239796706671925,0.9346231957259599,0.10702620294355396,5.504472829905966,0.3178457207877506,0.47199999999998,0.47199999999998,2.0279141430450554,0.22399999999998954,0.9200000000000159,0.9904738167892911,-1.9965535962535237,-0.8015583804106565,0.05148741457360784,-0.08392732745311446,3.1712794624721283,1.0723339091278115,415,393.608,394.528
0.05750935802660459,0.06399997723177135,0.4636575179071777,6.825097157940674,1.2920537122971294,1.2945880359481678,0.3209340678137701,0.3410321779892198,1.6511087459600584,0.11150250420716544,3.261333842627445,0.5604535741979089,0.35199999999997544,0.35199999999997544,2.132500751620991,0.22399999999998954,0.9519999999999982,0.9918662678908391,-2.167712960335136,-0.8966006436887842,-0.06752289052840055,0.026474463214528933,-6.286286845602356,1.0723339091278115,416,394.528,395.48
0.08994175527323893,0.09599999888878953,0.46398254154708174,7.112863803204709,1.2702651159438163,1.354914934261764,0.31060639347263025,0.40970325526772045,1.6871147686208516,0.11885750368964573,5.272249120012915,0.5311673116186373,0.5039999999999623,0.5039999999999623,2.06747477223973,0.26400000000001,1.0,0.9926916502313599,-2.0017924125516204,-0.8698534087290642,-0.03023323583183959,-0.010799318560080769,17.40349738071546,0.9345060257051765,417,395.48,396.48
0.06899655662268854,0.07200000984118754,0.45483496312194804,5.9897463901167995,1.3136252280281424,1.1712574684750257,0.3501282664376589,0.3699842926828912,1.1308066899735887,0.1110127018987686,5.370532233051904,0.35934799280421587,0.5199999999999818,0.5199999999999818,1.9972730878265632,0.2400000000000091,0.9839999999999804,0.9910958848533431,-2.002277464831982,-0.8483797173870767,-0.005921292067338289,-0.036857043172228356,6.489927669316028,0.9501391396423475,418,396.48,397.464
0.06310607980319238,0.06399997162173177,0.4398461152661763,5.8151763237940495,1.3272956807383272,1.0640250646363296,0.349947510849503,0.3522816194182551,1.1286501313167625,0.11150755898281188,5.16872231460191,0.31842475942103576,0.4800000000000182,0.4800000000000182,1.9023438344094263,0.22399999999998954,0.9519999999999982,0.9919347275431615,-1.8480534002159024,-0.7915673215299689,-0.005001362897436658,-0.03600408276963628,6.435979406004087,1.0078473141369824,419,397.464,398.416
0.05277573889791413,0.055999988762787084,0.42293100380046367,5.3359424572046885,1.3313689206272425,1.0228341560800804,0.34319012456417336,0.3466710788998866,1.0086082356406203,0.10298050092225906,5.191435323270385,0.27272139576402454,0.46399999999999864,0.46399999999999864,1.813800143562215,0.20800000000002683,0.8879999999999768,0.9918568481608033,-1.6104169767143464,-0.7071893983066514,0.004334591311666936,-0.0412671462926508,5.024016338961524,1.140789849454251,420,398.416,399.304
0.0579271778799492,0.06399999438429836,0.438855341596066,6.4874070464937255,1.5799678099116914,1.5166963116441907,0.34610179653856227,0.3825902942755556,1.2578932988739535,0.11568225799971979,5.861241120771685,0.3470829480752883,0.4800000000000182,0.4800000000000182,1.9961794145216292,0.22400000000004638,0.896000000000015,0.9922293482832277,-2.0699300506424154,-0.7840361086725688,-0.06083244212805758,0.007125163567139715,-25.753919292646454,1.140789849454251,421,399.304,400.2
0.06795315916326436,0.07200000485112931,0.4634868162617731,6.07773099266377,1.3782882259442777,1.2188601171018676,0.36327640926221505,0.3277191520479612,1.510051674581242,0.11214819074551098,5.127803211393499,0.4324992694445177,0.5040000000000191,0.5040000000000191,2.0100505280274983,0.2400000000000091,0.9920000000000186,0.991502457676484,-2.1839311373550547,-0.8808960208722941,-0.05839107497983875,0.0002807576878477995,-851.1062744547221,0.9735888105481041,422,400.2,401.192
0.058469259752777225,0.06400001561345493,0.4347702417071863,5.798600194528781,1.2000209927541412,1.15618576552723,0.3319693160458485,0.3734009110254836,1.2962176113847932,0.1068780924906531,4.89645361778622,0.40537814618441437,0.47199999999998,0.47199999999998,1.9509475236435683,0.21600000000000819,0.9839999999999804,0.9922962205259942,-1.7952863049283234,-0.8367291508494612,-0.031704911323780574,-0.00013924189126490066,1312.2267673589818,0.9237582598733716,423,401.192,402.176
0.053738941739014355,0.0559999655653462,0.4400008696076252,5.493910287663469,1.2681217711728583,1.0875398764477262,0.36004055205297664,0.33164659320328516,1.4168409348018025,0.10830921971082856,4.737540786187327,0.39360695108435173,0.4800000000000182,0.4800000000000182,1.8783235804683618,0.21600000000000819,0.9840000000000373,0.991360240690384,-1.8425907562323085,-0.8267287779280086,-0.054808793000180156,0.01352931728296986,-15.075034824974434,0.9237582598733716,424,402.176,403.16
0.053171460140757375,0.05599997552701027,0.4020532775332764,5.0636357335935465,1.1036143811807042,0.9055561628804598,0.3058130399018256,0.35832324671395827,1.259859962290273,0.10123384453782026,5.904830975712442,0.23420729599637083,0.4479999999999791,0.4479999999999791,1.6399876060511553,0.19999999999998863,0.9279999999999973,0.9928890922891465,-1.2279105798982701,-0.6793439362259946,-0.02541609188725849,0.005052458014225862,-27.12326420763874,0.9901989941063476,425,403.16,404.088
0.054593755761262824,0.05599999091874188,0.42012028114407146,5.121540794160652,1.2882728226462086,0.9836413975162411,0.3426618862668106,0.3522500427767302,0.9533517094101492,0.10433121314435308,5.1622951343179455,0.2401495603164945,0.47199999999998,0.47199999999998,1.7562982529592703,0.19999999999998863,0.8959999999999582,0.9906010916509131,-1.4617637202564424,-0.6777706957456903,0.004612791304824573,-0.03927180159712931,5.05406957171447,1.1925745393711296,426,404.088,404.984
0.05288721871616406,0.056000004400564726,0.43573978652857864,5.379387072449526,1.2671106047366698,1.0608136329647655,0.34440828816942953,0.33699379877787683,1.1275312128892976,0.10816398301781395,5.264216142935197,0.31751598850652846,0.4800000000000182,0.4800000000000182,1.7578117630748389,0.20800000000002683,0.9120000000000346,0.9938861298283812,-1.5722282963036343,-0.7150004657730926,-0.023400463081851806,-0.015504757003567559,12.481573246666711,1.1886662608868368,427,404.984,405.896
0.052389889811665404,0.05599997052082832,0.4388327310921695,6.122849238028612,1.0791954495901759,1.0320930434370643,0.30909907503232015,0.34140079713965854,1.358583177998331,0.11497459048859851,5.47910014615072,0.38747114645386477,0.3599999999999568,0.3599999999999568,1.7781602830788001,0.19999999999998863,0.94399999999996,0.9934654583001002,-1.5389313482636802,-0.7627125496856488,-0.041975440673660755,0.015955917748080764,-9.39912492324182,1.1886662608868368,428,405.896,406.84
0.05861722177445062,0.06399998693595982,0.41658612958841257,7.503992603759282,1.371120341349595,1.4400581160591694,0.30175288657131494,0.32788854974542925,1.7574512963881976,0.12034629830469136,4.95404542879183,0.4184211035565856,0.3520000000000323,0.3520000000000323,1.9852231451799924,0.21600000000000819,1.0,0.9944106395112962,-2.070786704968021,-0.9332337439659443,-0.13408150482037157,0.10390412168030823,-1.1605590211796921,0.9892219244852749,429,406.84,407.84
0.05419116811315522,0.056000000831782276,0.41607476652345576,5.749626851160204,1.1832259721836134,1.1496868686463075,0.3409309523143696,0.32752553516057564,1.495547508158086,0.10578096758989473,5.812586930721283,0.37051235798990867,0.48799999999999955,0.48799999999999955,1.9489415392332423,0.20800000000002683,1.024000000000001,0.9928733776938135,-1.9128972632615637,-0.896293304060918,-0.07516101482026832,0.04996829835350258,-3.2858346697101704,0.9843365763799086,430,407.84,408.864
0.05757860812028857,0.06400001450522652,0.4156618128541355,5.7900566363931505,1.1025426480709426,1.197460881777606,0.32483443839268894,0.35580858313664765,1.3153176289539188,0.1043826485965156,5.845913688441274,0.3864103326800946,0.47200000000003683,0.47200000000003683,1.972537788080712,0.21600000000000819,1.024000000000001,0.9931010718614259,-1.7947021172619488,-0.8784103798869427,-0.04821357906121873,0.029988654926147922,-5.098807360876646,1.011755592621275,431,408.864,409.888
0.06691815323883611,0.07199999503830362,0.42943497507245865,6.223465611627839,1.2436694309568428,1.215522163172758,0.33290825767911014,0.31731496108643414,1.4636661306422951,0.11055637750458022,5.945635456742401,0.36154783711626526,0.47200000000003683,0.47200000000003683,1.9668012815201512,0.22400000000004638,1.0080000000000382,0.9930241972331942,-2.000615103151267,-0.8912481817666441,-0.08149917530104644,0.04542333285947271,-3.723317331204554,1.052792516706348,432,409.888,410.896
0.05279362608011644,0.055999993239060915,0.4116166945613087,5.923112694484189,1.3630267478724485,0.9855887612458911,0.32487291752004116,0.3678386693568533,0.8487797504196305,0.10706481126320899,4.94633084037993,0.20534994369411755,0.46399999999999864,0.46399999999999864,1.8999567145000689,0.20799999999997,0.8879999999999768,0.9926196228510451,-1.7132376540879808,-0.7432441022684467,0.03310364882992013,-0.06582846989125239,3.3159341639958937,1.1710790077075193,433,410.896,411.784
0.0683220117758574,0.07199995040996358,0.4400286718865374,6.436186768495222,1.4736306972112903,1.0796594167461144,0.3502927782957524,0.3368388939821717,1.02371596208408,0.11433418311272392,5.6688836791955595,0.30705274107150676,0.5040000000000191,0.5040000000000191,2.0104042687957397,0.23200000000002774,0.9039999999999964,0.9916141453367621,-2.1083797385165135,-0.7802175316237893,0.05580087197062325,-0.0911893918414443,3.0977135005441023,1.0781963268542507,434,411.784,412.688
0.054780963017275565,0.05599999618301171,0.46007390466888826,6.529819736387835,1.5323010251271558,1.1193902559620759,0.3689777604974398,0.3334581699021293,1.1188917652710362,0.11716041220436793,5.732729468706281,0.3280053347657859,0.48799999999999955,0.48799999999999955,2.060523538520827,0.23200000000002774,0.9120000000000346,0.991990160854417,-2.337786257889456,-0.8293672944587075,0.02433246603695283,-0.0670399843286387,4.340727685510421,0.9540474181266401,435,412.688,413.6
0.05210698302846853,0.05599998268143173,0.44101666492269076,6.810594076038896,1.5876690960100197,1.1198648624553356,0.3518561477282651,0.31375357414514665,1.0863648469882978,0.11721637105537161,5.83191587597392,0.2813110136679724,0.47999999999996135,0.47999999999996135,2.025299613267954,0.21599999999995134,0.8639999999999759,0.9933090712680476,-2.2529804878077395,-0.7806428294236643,0.013021009985669655,-0.05909536284014697,4.468282261068376,0.8934691016201033,436,413.6,414.464
0.15599999573675072,0.15199999198392927,0.8297790549075142,4.830751068214995,0.8298417788963011,0.8718757034760433,0.3779347312947999,0.1941688981907353,1.009669686624767,0.10233676103833664,2.453538265027395,0.5195897662174234,0.6080000000000041,0.6080000000000041,1.8102727744183364,0.3120000000000118,1.103999999999985,0.987969427775319,-1.6457837054872941,-0.7492469313595007,-0.06912744854590258,0.022303698228306718,-8.182149844680035,0.8934691016201033,437,414.464,415.568
0.05324444731316187,0.0559999973977816,0.4251407093960432,4.984580132909862,1.0894408514047424,1.0011081991849622,0.3371066805075978,0.31560849451156364,1.271902631946763,0.10549951041796891,5.928996666800072,0.32307509323149103,0.47200000000003683,0.47200000000003683,1.647866703667483,0.19999999999998863,0.9440000000000168,0.9936444446709838,-1.3662771565118221,-0.7010228122008033,-0.048436949390174455,0.022351958610578062,-6.73637582797592,0.9716346713059572,438,415.568,416.512
0.10731202186421276,0.1119999844063991,0.4530446209743716,6.222676425896834,1.3945903999034317,1.2918875726376802,0.3144907195604471,0.3020690633761272,1.5764396096419995,0.11176011078290192,6.389597262545357,0.2998885068278313,0.52800000000002,0.52800000000002,1.7729465641934825,0.24799999999999045,1.0,0.9929880635075573,-1.7150452739227304,-0.7853475350505353,-0.10513066567808811,0.04976317439390497,-3.2886720307956843,0.9980155510749331,439,416.512,417.512
0.051686258011399124,0.0559999954813653,0.40175155551889474,5.014109251963846,1.1337498625187867,0.9039388935645094,0.3098072075531424,0.310366562165414,1.317231560247979,0.09956917519586893,5.887139127122239,0.23143451854747635,0.4560000000000173,0.4560000000000173,1.6056523977747854,0.18400000000002592,0.9039999999999964,0.9928201366064497,-1.2492852567264263,-0.666560624716916,-0.04265444417433655,0.018322099789532358,-7.491760727735093,1.1935516089922027,440,417.512,418.416
0.05309118299358136,0.056000009673831626,0.43203092604834903,5.31072681939149,1.3112582756205757,1.0270302693753763,0.3473898051138765,0.35314077525887616,1.059045595971178,0.10555562023764302,5.177665862810451,0.28112891169552556,0.47199999999998,0.47199999999998,1.798769604771138,0.19999999999998863,0.9119999999999777,0.9917293647372648,-1.6041873285382238,-0.7216283451535166,-0.007853421066267132,-0.029752579613027144,6.877493703570478,1.2482675077723007,441,418.416,419.328
0.05657381916809851,0.06400001561447546,0.4244094198989933,5.588046644060826,1.057395206810836,1.1470064167235554,0.3047407174694136,0.3642422451260727,1.2707066618054357,0.10314793220379097,5.984057906845724,0.3903226603349003,0.4560000000000173,0.4560000000000173,1.8034438627898763,0.20800000000002683,0.9600000000000364,0.9929473519027845,-1.463706976289454,-0.7627668428458605,-0.03652954202532891,0.016575318529436927,-8.26642767981374,1.2482675077723007,442,419.328,420.288
0.045589361690823345,0.04799999201480432,0.41770367322121554,5.73049648949121,1.6475228226566785,1.6609776349145429,0.3379640262385159,0.35094234757540305,1.6916688897002805,0.10678486154388978,3.1533978332248123,0.4688377603964496,0.47999999999996135,0.47999999999996135,1.797827232228799,0.19200000000000728,0.9679999999999609,0.9911069975622405,-1.8147953910838754,-0.8374867572230477,-0.1730805793586638,0.1250294453902066,-0.9541325095087696,1.1915974697500564,443,420.288,421.256
0.06041735942662212,0.06399995407264684,0.41600009500702806,6.003941865133944,1.2108329874053332,1.18132181595199,0.30911799820015984,0.3030037139793,1.6226058486350756,0.10773570620091226,5.980982746154955,0.3260875528856939,0.47200000000003683,0.47200000000003683,1.8044498998453677,0.20000000000004547,0.9840000000000373,0.9933805410418722,-1.6499628709629026,-0.8191348525153064,-0.10612574847939424,0.08590701447253764,-1.3495161123483632,0.9804282978956159,444,421.256,422.24
0.05288178453476115,0.05599997464724382,0.3923203544787158,5.461634402478808,1.1047022036728296,0.9970533031173502,0.3073948665745917,0.2898344228678828,1.355163122349433,0.10364719217135136,5.268502474637,0.25276166081997165,0.40800000000001546,0.40800000000001546,1.699421441591657,0.19200000000000728,0.9759999999999991,0.992673276681203,-1.4237007144335652,-0.7657494962294933,-0.06780470281225098,0.055449844157872935,-2.2276124991373383,1.0019848964105431,445,422.24,423.216
0.05192896160054458,0.055999985714817124,0.39588523049329044,6.967369535888386,1.295826042126797,1.1324768723302505,0.2613676144845077,0.28824035951984806,1.2709146449845279,0.10475003692553679,4.424779554790901,0.1963727703794539,0.33600000000001273,0.33600000000001273,1.8330800480716423,0.18399999999996908,0.9200000000000159,0.9936589278636957,-1.5605554139584314,-0.7959122628411389,-0.09684892720506741,0.07912828588700165,-1.265389710058621,1.035205263527031,446,423.216,424.136
0.059103379260099835,0.06399998387267791,0.41006953017649195,5.992358676811287,1.328182825689825,1.0787957447691896,0.2892427603667986,0.28448651553708165,1.31704274824962,0.09994724441189211,6.1418402190335835,0.1798935249335372,0.47999999999996135,0.47999999999996135,1.773510858623299,0.18399999999996908,0.8959999999999582,0.9933206228130844,-1.539304971286143,-0.7424039523736199,-0.08458397853994098,0.046621288958943644,-2.8714180861015333,1.1270498079079097,447,424.136,425.032
0.05417312488065429,0.055999996737351565,0.42736804538300405,5.472365120996382,1.3496551498705336,1.075149193330157,0.3302130924494983,0.34338575928380755,1.1761302590605067,0.09742570833105407,6.105593821920581,0.24970939261490926,0.4800000000000182,0.4800000000000182,1.9050277334317764,0.19200000000000728,0.9039999999999964,0.9938390470725864,-1.7119154589888266,-0.7597141212482257,-0.03709920202884445,-0.0029702569187330143,61.47070974547991,1.2072305836872272,448,425.032,425.936
0.05324172493719238,0.0559999668290306,0.4392021825329781,5.507274462047182,1.440741887224635,1.1849558095005086,0.3510094204735166,0.3940442411607859,0.9739751979597594,0.0980592301083015,6.752989173617406,0.20478437304370412,0.49600000000003774,0.49600000000003774,2.022949206419768,0.20000000000004547,0.9519999999999982,0.9943484723636187,-1.9570590404828705,-0.8392768165520073,-0.003472080329452263,-0.0358599430055507,6.324779499411973,0.9999696903170795,449,425.936,426.888
0.04744700053581826,0.04800000958849129,0.4206308763104371,5.445849656834553,1.1722204998561483,1.2983214666437874,0.34057527765421153,0.39261361726351707,1.3367762247517516,0.09739590898982148,5.611025443842846,0.38957270168740327,0.47200000000003683,0.47200000000003683,2.0401119246955672,0.20000000000004547,1.0480000000000018,0.9922763424637621,-1.9009018927210994,-0.9237630980361324,-0.06249169424807485,0.05151621225548286,-2.8131296161582884,0.9999696903170795,450,426.888,427.936
0.06852189459362057,0.0719999913818731,0.44079461852103713,7.198275365010016,1.6844620886691783,1.2132320913640455,0.31800110354928296,0.3315848448737826,0.9503247003891135,0.1121141749885515,6.565056236215529,0.18668339284302998,0.4800000000000182,0.4800000000000182,2.069884128788061,0.20000000000004547,0.8559999999999945,0.9943986721691159,-2.188976260418878,-0.7780390278480082,-0.0005036602374861921,-0.052813595674252485,4.510553667342285,1.0996918585178606,451,427.936,428.792
0.17600000000001612,0.1403475918276238,1.4334057141714465,20.342351365031575,0.6310261334190196,0.6432855570746483,0.2141518376789762,0.15600000000000594,0.4929332664445716,0.15770248135741244,1.0880000000000467,0.34983382617103076,0.6240000000000236,0.6240000000000236,2.0342351414776503,0.3520000000000323,1.0880000000000223,0.9852277817418675,-1.7120437404651863,-0.8515735771668267,-0.02612175819644185,0.015239475788672976,-7.988204586856424,1.0996918585178606,452,428.792,429.88
0.05272750608820789,0.056000017660656085,0.4385425126708872,5.858548553109613,1.1956996999838223,1.1513936189631497,0.33757872864421046,0.31353053583331314,1.4757019995686584,0.10532419281604352,5.651585512096842,0.4003113497338453,0.47199999999998,0.47199999999998,1.9513975049435595,0.20800000000002683,0.9839999999999804,0.9935590499508451,-1.9318564736453054,-0.8709991563204647,-0.07808085591204404,0.04111594028798398,-4.207895215557013,1.0821046053385435,453,429.88,430.864
0.051957851773184134,0.05600001272776589,0.4240001100674119,5.487867390502187,1.1307491962038692,1.1981632394932034,0.33620359897986524,0.3332897372244136,1.5117604697140399,0.09985000997730713,5.725341365173884,0.41397469829320765,0.48799999999999955,0.48799999999999955,1.9345074964375562,0.20800000000002683,1.0160000000000196,0.9938678122626322,-1.8141366364766727,-0.8757408377084406,-0.07750811213140398,0.058620793103616106,-2.4343782657800244,0.8680652914722009,454,430.864,431.88
0.05254542563544584,0.0559999947423053,0.4112645474323122,5.832184413477881,1.5454625643563953,1.277535254560582,0.329282461105325,0.3591781620950561,1.7516800100393484,0.10734414028650623,3.088054184751898,0.3579618423823895,0.4800000000000182,0.4800000000000182,1.8268566443111383,0.19200000000000728,1.0,0.9961998774548064,-1.7937129266465326,-0.8590662808476205,-0.13435559790583462,0.11159884531130998,-0.9984790880828105,0.825990230914737,455,431.88,432.88
0.053447295572907935,0.055999990484519716,0.39729975496322495,5.6936347645964585,1.5172432047007536,1.4578930647273207,0.2972527924708215,0.339840859650274,1.5006027608450083,0.10946821061442917,3.5375548794485003,0.3336372029632116,0.47199999999998,0.47199999999998,1.5571179063768723,0.18400000000002592,0.9440000000000168,0.9933093935883377,-1.3177579392051642,-0.7176967240310481,-0.1357748927663995,0.11699855642321695,-0.7409163809257373,1.023480428074153,456,432.88,433.824
0.05148326884477645,0.05599997788545398,0.4248598807738938,4.978816424974865,1.1709563450144718,1.0069937303736491,0.33561329111194355,0.33688702722265396,1.0806289158206739,0.10513148132515411,6.134775755993689,0.292790878934494,0.47199999999998,0.47199999999998,1.712921791975421,0.20799999999997,0.9119999999999777,0.9858685034723531,-1.3362260943482942,-0.6707480548767719,-0.016193771898363195,-0.017273276860829044,10.44870789771833,1.184757982402544,457,433.824,434.736
0.05193154031211064,0.05600000033429467,0.4159648387574935,5.4119937293524405,1.1825181960510296,1.151844942718377,0.3095123581343269,0.31308976733137645,1.663223869496043,0.09837871345809357,5.352906584838124,0.3598976577190269,0.3520000000000323,0.3520000000000323,1.7577227376062206,0.18400000000002592,0.9440000000000168,0.9933732572306685,-1.4999117269559914,-0.7634079578047599,-0.09585494049428024,0.0775719324154523,-1.3902665693299168,1.184757982402544,458,434.736,435.68
0.05924111507334811,0.06399999019678934,0.4249257159846806,6.1379241998995155,1.289037492015176,1.460831800552353,0.3009236330534625,0.30449580400848825,1.6784494810463397,0.10508474591964849,5.960533740011,0.3915206477123004,0.47199999999998,0.47199999999998,1.8276945274089997,0.19200000000000728,0.9839999999999804,0.9931089633868044,-1.6884323600406121,-0.8381451313133977,-0.14855276665334882,0.12605863900654007,-0.726874431929201,1.1769414254339585,459,435.68,436.664
0.04536264562900433,0.04799997837660813,0.4079593832461101,5.500978550745822,1.2665861970774577,1.3276627496070375,0.31975222319884455,0.34142735770610794,1.3132401344646927,0.09284462449345832,5.813912762931043,0.3421119780216203,0.46399999999999864,0.46399999999999864,1.9859939123737098,0.17599999999998772,0.9680000000000177,0.9935560782970807,-1.7818657820331594,-0.8530843999999963,-0.08341734736922944,0.060194826594538675,-2.293796672033351,0.9892219244852748,460,436.664,437.632
0.052539480703878615,0.055999979169175096,0.41152715535586754,5.772182112232433,1.3284136390308072,1.1603916219268782,0.3070103679876252,0.33475018903196685,1.3701559199886502,0.09664730831053885,3.6596197758189066,0.2567964736164515,0.3439999999999941,0.3439999999999941,1.9377298575197615,0.19200000000000728,0.9920000000000186,0.9939314431225195,-1.7426070293051197,-0.8631707176305725,-0.09895166832872943,0.09093550705705737,-1.1269244445719986,1.0215262888320065,461,437.632,438.624
0.04745629276716435,0.04799998009685616,0.4088308583247166,5.784775120193443,1.3276585434359627,1.2076337136906583,0.3122002896601002,0.3459900480767958,1.0866150695274452,0.09490725181220777,6.143213088836754,0.23234314459466782,0.46399999999999864,0.46399999999999864,2.01698700373863,0.18399999999996908,0.9359999999999786,0.9915837877819833,-1.817630859671403,-0.8380459294329351,-0.05102782864606664,0.019723543527283866,-8.379158929908934,0.9501391396423476,462,438.624,439.56
0.05828465129433086,0.06399999579292305,0.4050226275911104,6.037275087153127,1.4239460202737717,1.2394407484849082,0.28297651660042394,0.29664331518708353,1.1617029909075072,0.09404576318450608,6.307623946983491,0.1793402904850577,0.46399999999999864,0.46399999999999864,1.8805124712512742,0.18400000000002592,0.8799999999999955,0.9931582933011859,-1.6141584388265813,-0.7567601723661843,-0.0864129896627646,0.04433080949299116,-3.018921422332728,1.0459530293588362,463,439.56,440.44
0.05302465480137645,0.0559999817608211,0.41274391188867837,5.988654447774293,1.4398125814632672,1.1812899959408716,0.317238294215305,0.2822810159764831,1.2757071730550578,0.09928199303901201,6.061757257227375,0.2389314607077793,0.4959999999999809,0.4959999999999809,1.9032540076660645,0.19200000000000728,0.8879999999999768,0.9937267242187564,-1.8520421073135882,-0.7874655705971666,-0.09806039637803787,0.0408615716134304,-4.116174221154275,1.1769414254339585,464,440.44,441.328
0.05757893440493174,0.06399998718783519,0.42983167883401924,6.137338724604996,1.447479612497819,1.290959627742375,0.33803506220206475,0.3449467703654456,1.168966764008526,0.10259893535787035,6.290797741012793,0.2351089866205069,0.47200000000003683,0.47200000000003683,2.0700423664948477,0.20000000000004547,0.9279999999999973,0.9944715080246974,-2.1307158538186393,-0.85448347388825,-0.0743151251893637,0.03062453771372191,-5.33671967301991,1.2062535140661543,465,441.328,442.256
0.05793462498975327,0.063999995293082,0.42394828688898917,6.932798387331325,1.8586737083796203,1.85392551906826,0.32346738227428506,0.36138296245337376,1.4594276880761483,0.10981385191994941,4.8349811796255455,0.34917285169498014,0.5040000000000191,0.5040000000000191,2.0637242303748113,0.20000000000004547,0.9440000000000168,0.9942240214842402,-2.3119410487043894,-0.9157190617761577,-0.1752525947655545,0.09472789518607255,-1.6581796120187977,0.9784741586534695,466,442.256,443.2
0.04713804825898157,0.04799997462186838,0.4240021272801467,5.986618457469049,1.3095729698874496,1.168159491632805,0.34313742567875233,0.3536859113199101,1.1444092254183769,0.10380983556819623,5.9180194724914825,0.32832256800083476,0.4800000000000182,0.4800000000000182,2.0740787749641036,0.19999999999998863,0.9440000000000168,0.9925593436745912,-2.082817351846709,-0.8692480846433555,-0.025952797346690773,-0.011475197315824921,18.26510016513775,0.9188729117680059,467,443.2,444.144
0.05242956466331779,0.05599999549600403,0.42046943333971476,5.98124567112673,1.4516277971430132,1.1632103028490566,0.35599724777901,0.3432915159165065,1.1950054375124703,0.10424286077125258,4.610644935719808,0.3178319863488503,0.4800000000000182,0.4800000000000182,2.0767665394279797,0.20799999999997,0.9519999999999982,0.9947012581010527,-2.2062562266414076,-0.8818901733054384,-0.03182794939014587,-0.01289014611489206,17.810634364284354,0.9765200194113234,468,444.144,445.096
0.052690994703801675,0.05599999351859479,0.41780515185303535,6.283790838686887,1.4518905341826316,1.1632857566544546,0.3446009879979592,0.3347142209080166,1.171836734487866,0.10869494940564581,4.8028317396854785,0.3064598202384268,0.46399999999999864,0.46399999999999864,2.049022601079087,0.21600000000000819,0.9359999999999786,0.9927939418918803,-2.1658741323252,-0.86437817155091,-0.031057744366931192,-0.014322640399176828,15.788740256178876,0.973588810548104,469,445.096,446.032
0.05178037298733454,0.05599994228202728,0.40503437666870135,7.8340213645402414,1.758933715653272,1.4452672793994987,0.30261331031856553,0.37452656374724813,1.5803160280757476,0.11758802368203061,3.659920344394271,0.3392613418658647,0.2880000000000109,0.2880000000000109,2.135615222121542,0.20800000000002683,0.9120000000000346,0.9942561127217215,-2.2831474860913974,-0.900481990804454,-0.1114870230415182,0.058386084907463845,-2.631260113725913,0.973588810548104,470,446.032,446.944
0.053389706099341835,0.05600000020733751,0.41319629684885,6.088776501983636,1.461147160030883,1.0838274583894594,0.3382628192492174,0.3549432909469298,0.8988238109938584,0.10549998507012755,4.98188111465,0.2277597110910583,0.46399999999999864,0.46399999999999864,2.0319783623509737,0.20799999999997,0.8959999999999582,0.9931524904148248,-1.9942271689691289,-0.7969124215997152,0.025774536200836033,-0.06048010132118028,3.907173556061729,0.919849981389079,471,446.944,447.84
0.05337264685723595,0.05600000035153083,0.4278165630171363,6.318124766600095,1.5775386204357087,1.1313891095968036,0.34305748501839556,0.3591186992507897,0.8359807446271126,0.10587715979434982,5.701122124019796,0.21334249003113767,0.47200000000003683,0.47200000000003683,2.1033512606980507,0.20000000000004547,0.8640000000000327,0.9939173987856722,-2.1380105993643332,-0.7835370685961193,0.045951859203296336,-0.07838584729858755,3.2245669276832496,1.0205492192109333,472,447.84,448.704
0.054764037173981955,0.05599999952998406,0.42415089507729065,7.388982089279846,1.7882491216363965,1.6844414361243376,0.3271538157219972,0.44331594719441386,1.7644382289798966,0.11828042045806375,7.183035121822311,0.45135294737835013,0.33600000000001273,0.33600000000001273,2.1711451612363835,0.22399999999998954,0.9039999999999964,0.9925411398765522,-2.355617677222557,-0.8705754101434888,-0.03595755922959545,-0.018978168809651086,11.88360716511489,0.9227811902522987,473,448.704,449.608
0.06048838787654249,0.06399997191453578,0.45968267252239703,6.973315106690389,1.4583554273703359,1.317511155359902,0.3425130456304196,0.3579907160939707,1.2193909499018558,0.11164616895168572,5.693217250060086,0.41389822581161745,0.48799999999999955,0.48799999999999955,2.26291459555738,0.22399999999998954,0.9359999999999786,0.9916034150377874,-2.532153909082676,-0.9210044529403826,0.003812980382815927,-0.05146874281531767,5.135688702294865,0.9628410447162989,474,449.608,450.544
0.05436657124650949,0.05599998397688287,0.4487720420308323,6.509403540132327,1.352696753246654,1.2070097977370766,0.34911566683532286,0.32954426477462273,1.3143960616122878,0.11657675299620779,5.432049611701876,0.40990349326592934,0.4800000000000182,0.4800000000000182,2.0276010268131297,0.23200000000002774,0.9440000000000168,0.9919079071241922,-2.173365138217216,-0.8586294605667744,-0.03375478159472485,-0.015374652768918936,15.141565304801409,0.9061710066940544,475,450.544,451.488
0.060848483357656497,0.06399999981421325,0.4500579749163264,6.7141090943799515,1.5490754019240545,1.1512638335068615,0.360491280804164,0.324750714717732,1.134909459776357,0.11732348247547494,5.810573113926824,0.3100947953503472,0.48799999999999955,0.48799999999999955,2.0770094874976706,0.22399999999998954,0.9119999999999777,0.9929582188072451,-2.3572922575176647,-0.8318047771722887,0.010736533048359554,-0.0592466883124735,4.743763942381195,0.9051939370729813,476,451.488,452.4
0.10903248429203705,0.1119999298638951,0.4924285650681525,7.563015756758833,1.3451375249407471,1.2880369577781683,0.3166522363191584,0.3333313160885556,1.5331257570285832,0.12419682113354585,6.304140885078775,0.39949551762268215,0.52800000000002,0.52800000000002,2.046710460675092,0.28000000000002956,1.0080000000000382,0.9907994115805633,-2.1799047690918525,-0.8758386658235244,-0.06345028628064181,0.0009849256057884244,-217.8393947616581,0.9051939370729813,477,452.4,453.408
0.05253814606091288,0.05599999879862119,0.41073788454338805,5.734263846996714,1.3584291922202532,1.0719150683487095,0.3406599095217362,0.33167037181057346,1.057665873807751,0.10519656631182583,4.536650663057895,0.27926301034309625,0.47199999999998,0.47199999999998,1.9171702124809389,0.19999999999998863,0.9199999999999591,0.9922299213682947,-1.8256391014687268,-0.7853639323319282,-0.016968821688255874,-0.021389270101543182,9.738439656097594,0.9823824371377625,478,453.408,454.328
0.05268044600518575,0.055999990587276026,0.4241833022296218,5.770244414959517,1.4138728763848163,1.0363744876936685,0.3519421371701299,0.34466681201857174,0.8885746090252759,0.10630641891543091,5.475953324548775,0.249368242779753,0.4800000000000182,0.4800000000000182,1.9449689280914357,0.20000000000004547,0.8800000000000523,0.9923912364217822,-1.8752052215323547,-0.7423863912995562,0.037461650290677335,-0.07078100470214022,3.425023640478871,1.101645997760007,479,454.328,455.208
0.0677493691516724,0.07199998990394049,0.4619166522908233,6.271995639094646,1.4878997599900392,1.1519926266297653,0.35573471006693946,0.32641210315788843,1.1790291888205502,0.11331064096285938,5.882169914763453,0.32385919813531333,0.4959999999999809,0.4959999999999809,1.9754897659267237,0.2319999999999709,0.9199999999999591,0.991778268379925,-2.1098640259013353,-0.7951180978128044,-0.0013869058715343541,-0.05159972800805145,5.141907059485469,1.0635402825381526,480,455.208,456.128
0.0590109226094517,0.06400000226350383,0.45855927695589577,6.4665449541574995,1.5527611669028645,1.2947816367013472,0.3517334433239832,0.345797456396093,1.1340270668937085,0.11250281156864206,6.214803766137851,0.3087603591120322,0.48799999999999955,0.48799999999999955,2.049397961465296,0.22399999999998954,0.9120000000000346,0.9907337910488322,-2.2252650264007103,-0.8274777162002532,-0.027174166039062017,-0.029884892619315213,8.1844940357833,0.9550244877477135,481,456.128,457.04
0.05426355301107596,0.05599998058535899,0.4400648582986032,6.562874477000134,1.4823872786024068,1.2703397178499467,0.34617983939421465,0.31910997864116786,1.4064067940197877,0.11404564493483431,5.290948610720501,0.3725134617714733,0.47199999999998,0.47199999999998,2.0266214497114605,0.21599999999995134,0.9359999999999786,0.9926566823018739,-2.2315694295824184,-0.8675063706376616,-0.07255450529453737,0.010819438711373733,-20.70242305763526,0.9550244877477135,482,457.04,457.976
0.05484693439229324,0.055999997069121794,0.44547818335939793,6.173551887145571,1.3844990023038422,1.171740948149226,0.3520998872802389,0.3240072692291594,1.3461367902909298,0.11323913431289422,5.129742118250807,0.37687633267454573,0.4800000000000182,0.4800000000000182,1.9624374558970068,0.21600000000000819,0.9440000000000168,0.9923008552411438,-2.0654445185087775,-0.8366947373674383,-0.05136335739586085,-0.0007494672351854039,297.3725178318169,0.9452537915369816,483,457.976,458.92
0.05466313774560694,0.055999986666415855,0.823951579510896,8.165613021104953,0.5397929468661503,0.6322893133843696,0.21521322123761563,1.1148902192119328,0.27844723529976445,0.1123895786045418,3.2815776385206354,0.24466934737824161,0.7280000000000086,0.7280000000000086,1.9506748774263498,0.20799999999997,0.9119999999999777,0.9880698045700341,-1.0535356909728577,-0.67229427981128,0.009451822973492972,-0.04967028781494452,1.4365752525833322,1.0879670230649827,484,458.92,459.832
0.05204977026280186,0.05599996457750858,0.4251486002078571,5.613525395282816,1.4490039873482192,1.026767534336547,0.3467298194926945,0.3512835414557752,0.8634978429018924,0.10273042258413813,5.407949006726767,0.2345130716583376,0.46399999999999864,0.46399999999999864,1.9272263743183364,0.20800000000002683,0.8640000000000327,0.9915491472655981,-1.7868533704602567,-0.7182450205493065,0.04337738838586995,-0.07557517896898058,3.162697880763716,1.1388357102121047,485,459.832,460.696
0.053301260398593245,0.055999998218607634,0.4395956836904304,6.86931233830013,1.3715875306584517,1.0309022871064046,0.32131615317255086,0.32828372593081845,0.9498305827028594,0.11630530577507475,6.130746147196206,0.2694421549006284,0.3599999999999568,0.3599999999999568,1.9865305688996093,0.21599999999995134,0.8559999999999945,0.9924590006470975,-1.9488098206060076,-0.749990594920915,0.019589232284375785,-0.0579320233459286,3.8635737647409902,1.1055542762443,486,460.696,461.552
0.06185056775331104,0.06399994751188576,0.4804222302833865,6.249420360794595,1.555565629437806,1.0926267080514032,0.37144776367405186,0.3372475668167031,1.0916221836585571,0.11496260684116356,6.157820810907741,0.3118967510443326,0.4959999999999809,0.4959999999999809,1.9878108543264,0.23999999999995225,0.8959999999999582,0.9912624690558213,-2.1733153594815318,-0.7689028681973193,0.04443268615320609,-0.08493642363804063,3.489801234513127,0.9452537915369815,487,461.552,462.448
0.06965282571969011,0.0719999759452027,0.4828525900085566,6.545625825532541,1.4928418407226565,1.392438496936801,0.361511757264102,0.3423048323578468,1.5924975893407833,0.11452155167431259,5.687367671222484,0.461635139987135,0.49600000000003774,0.49600000000003774,2.112187365255676,0.2480000000000473,0.9759999999999991,0.9902709617614062,-2.4187858378360327,-0.9058036111571365,-0.06521671592471957,-0.004343608913781549,58.184329265162425,0.8142653954618587,488,462.448,463.424
0.07750794415374246,0.07999999991022577,0.45466806542521926,5.636168902522663,1.284084429754322,1.3249477626958157,0.36038255239424516,0.35210675352925885,1.928363839619504,0.10772598046380202,5.694847855918648,0.5121175869851318,0.5040000000000191,0.5040000000000191,1.9505672768485969,0.2400000000000091,1.0480000000000018,0.9935478778991915,-1.9878342514357983,-0.8876200041731561,-0.08744690309322126,0.04430410578017102,-4.220406003864769,0.8142653954618587,489,463.424,464.472
0.05168742333050701,0.056000005866546236,0.4209285935335019,4.2816990121776906,0.9219208779832184,0.8787693012401042,0.3377830939762016,0.3281411288589532,1.2117837242184215,0.10135151335733804,5.768256042531586,0.34602367282695673,0.47200000000003683,0.47200000000003683,1.4877218892005313,0.20000000000004547,0.9519999999999982,0.9918956453203063,-1.0677436831261446,-0.6288042896097306,-0.02617249575807164,0.008207634412570771,-16.67214116886895,1.0254345673162992,490,464.472,465.424
0.05444348285668995,0.0559999662255238,0.3680000201924301,3.981635594825967,0.8861847244505744,0.5351136669918549,0.32031866882880833,0.337226163459243,1.1418688733464766,0.10349558806161355,5.615922183136048,0.10876729046726512,0.36000000000001364,0.36000000000001364,1.3002119017875955,0.19200000000000728,0.896000000000015,0.9919112192704821,-0.7924608003331588,-0.5144360071566705,0.03292742481872976,-0.07087580778020135,2.295143802696537,1.2531528558776663,491,465.424,466.32
0.052947926646050136,0.055999973217992424,0.41626193123431154,4.5485473746862315,1.102655883349733,0.8934186946243107,0.33184599739852594,0.3124620497970442,1.167423061432482,0.09665598222638505,5.999259292337534,0.25970723895375536,0.4800000000000182,0.4800000000000182,1.5721850422607535,0.19200000000000728,0.896000000000015,0.9935662202844655,-1.1993529005921066,-0.6303322770422076,-0.02897465436652498,-3.5600649662421296e-06,42944.57647059604,1.3245400050673253,492,466.32,467.216
0.04710083674506758,0.048000003145786944,0.41081186248211504,4.672874960334848,1.0830537914690248,0.6382372027373373,0.34086670810771835,0.35488625102609267,0.8881822139889661,0.10420042142724671,3.560777647423495,0.19923518509835997,0.47199999999998,0.47199999999998,1.5997580916861005,0.19200000000000728,0.9359999999999786,0.9877687117715295,-1.2434041681934531,-0.6670632219657423,0.025756646921146657,-0.055734146708926235,3.5884642435187493,1.1309580863922022,493,467.216,468.152
0.04516010410504197,0.0479999912682847,0.4087364874853813,5.472010644605431,1.216313277572869,1.0892466190472128,0.3149396844592485,0.35149064254728873,1.3428956868482431,0.09866596071351746,5.748281868792754,0.3077753251681892,0.46399999999999864,0.46399999999999864,1.8615901940771176,0.17599999999998772,0.9360000000000355,0.9928835766044308,-1.5791843286525389,-0.7796867268670026,-0.05215164819883043,0.027412905687986346,-5.381529364246552,1.1309580863922022,494,468.152,469.088
0.04725708331995885,0.04799997921759426,0.41770856206807244,4.944693755284878,1.1660975674325544,1.032960436249747,0.31463207901229895,0.3849879558003585,1.0270964184303033,0.09316140301665657,6.2167225145895335,0.21105829046950914,0.46399999999999864,0.46399999999999864,1.7677033269443732,0.18399999999996908,0.9359999999999786,0.9947133226459679,-1.3765330188105123,-0.7284963830361723,-0.02529789745494171,0.0028891387498602913,-50.44123230371821,1.1847579824025443,495,469.088,470.024
0.0687326229435892,0.07199998623747098,0.4140438691408267,6.002709902825239,1.6105518272425372,1.7222200527350209,0.3137632295664834,0.34205682419132194,1.8101813568860545,0.10353553993816923,5.2917676176676665,0.3893832674465418,0.4959999999999809,0.4959999999999809,1.843129700149841,0.19200000000000728,0.9759999999999991,0.9932875487159041,-1.7830445635922996,-0.8334365383372326,-0.17448059087648485,0.1289908547291745,-0.8124835111672617,1.0869899534439094,496,470.024,471.0
0.05231507757541263,0.05599997585985358,0.4007027215516702,5.194450001848102,1.2164141257944112,1.158213417455569,0.2847125916106711,0.3295346973830583,1.0922392113294845,0.08709602106519455,6.011464413308392,0.20682528875094017,0.4479999999999791,0.4479999999999791,1.8039761132862313,0.17599999999998772,0.9119999999999777,0.9914936835412779,-1.349327158028567,-0.7233636319698997,-0.05718466838697502,0.038662889705580246,-2.998146305263318,1.070379769885665,497,471.0,471.912
0.05486169503582122,0.05599999922097342,0.40156857066988294,5.482887395456216,1.3185926342267127,1.0970343937210867,0.28000325870935067,0.29245377839569475,1.1705050317534167,0.08845109265973895,5.935925510727251,0.16890863135713705,0.4399999999999977,0.4399999999999977,1.8068357473726744,0.17600000000004457,0.8720000000000141,0.9922001182165024,-1.408338405016868,-0.7094719006815556,-0.07465378001573444,0.041662959317644424,-3.013435893885009,1.116302042076105,498,471.912,472.784
0.05913328177399059,0.063999996886625,0.4159549717533176,6.085227432415909,1.2480127711009892,0.8990557125543115,0.25458007150899503,0.3487360884164373,1.4469310114274854,0.09385697902631245,3.644378435739934,0.1817109355675045,0.26400000000001,0.26400000000001,1.829658452750262,0.18400000000002592,0.896000000000015,0.993545807171376,-1.3201210671842303,-0.7173781468858285,-0.06081736199636187,0.051259295495980475,-1.7259846092601079,1.1407898494542512,499,472.784,473.68
0.052594467992768554,0.05599999793351037,0.40959642866202095,6.642370595837712,1.5158014830423292,1.297626826823937,0.2767562880960376,0.31028136335120876,1.8439960450193658,0.10048492886977148,4.794585148130663,0.2514837147732348,0.33600000000001273,0.33600000000001273,1.8796123717767481,0.17599999999998772,0.9200000000000159,0.9935069012747489,-1.7291897601430204,-0.8260939667930346,-0.16603394283744063,0.13187692912597346,-0.6316479201859404,1.1613083114967877,500,473.68,474.6
0.05044348589126174,0.05599999872783845,0.3980722645925415,6.2334538756649085,1.7203989287843682,1.711851278442544,0.29797385516579483,0.33828007883468525,1.3373113963723045,0.09784468828819697,3.1861873331088977,0.3350551988922105,0.46399999999999864,0.46399999999999864,1.9500158208513987,0.17599999999998772,0.9359999999999786,0.9937095186362054,-1.85580354074787,-0.8544452543927606,-0.1701726933026427,0.13192951808970327,-0.7036631394844377,1.057677864811714,501,474.6,475.536
0.052175121275597564,0.05600000971923698,0.4053845035511843,6.312570994228252,1.2131212979058432,0.7752290213709383,0.2675808017226671,0.28630898049457654,2.728154484247723,0.09578060273147534,3.0315839524111574,0.20473448305145803,0.26400000000001,0.26400000000001,1.9220104942764291,0.17599999999998772,0.9599999999999795,0.992836041982432,-1.5693700990814232,-0.8246118169957746,-0.11028455734748793,0.1177227395794013,-0.5455900378543743,1.0430218204956163,502,475.536,476.496
0.058379967379411625,0.06399999639573252,0.40204278080868017,5.917044229169131,1.3093340526979562,1.3822462587313038,0.2819844694737603,0.3021847205473258,1.5688156760351604,0.09157583128472763,5.826516723101503,0.2817353675296143,0.47200000000003683,0.47200000000003683,1.9224654698050556,0.18400000000002592,1.0,0.9925578358022,-1.6488590237123477,-0.8579226938669766,-0.13482524625554007,0.13267091897353317,-0.5498688605679142,0.9843365763799086,503,476.496,477.496
0.06087327699802868,0.06400000213391267,0.4052116810843841,5.767359158262207,1.2956236677120518,1.3831634021763288,0.27719399510106163,0.3244833283609762,1.5882061003930912,0.08991111030048451,5.688965821825888,0.28328528157790384,0.46399999999999864,0.46399999999999864,1.9135928687589139,0.18400000000002592,1.0,0.9927810847417302,-1.5458740172616325,-0.831604917622344,-0.12376698510125916,0.13387296624607403,-0.43270209498509526,0.9745658801691769,504,477.496,478.496
0.06315891231389509,0.06399999780242051,0.4118051143542432,6.0100329857035515,1.3264675235627308,1.319390081593638,0.292545338066887,0.3029198200726565,1.4368322664429019,0.09536120044606866,6.0063604541001885,0.23430420634148744,0.46399999999999864,0.46399999999999864,1.9508978342072052,0.19200000000000728,1.0,0.9926439830399677,-1.7419460576258958,-0.8694401804995346,-0.12277582138522565,0.10757868210296193,-0.9271003663119193,1.049861307843129,505,478.496,479.496
0.060563336117507964,0.06400000322521031,0.4048271508713374,6.3452948404827,1.381795333743345,1.3385857358309776,0.2919861684793274,0.2942558603290406,1.3258086380198648,0.09701831970484502,6.251050927256411,0.24764441886795352,0.4800000000000182,0.4800000000000182,2.003083863019861,0.19200000000000728,0.9519999999999982,0.9917923312850982,-1.8690157192406311,-0.8652116312330673,-0.1150140174473855,0.07875270842803887,-1.6568920650129786,1.017618010347714,506,479.496,480.448
0.05232915713668764,0.05599999534580044,0.3992443807945748,5.253706427290971,1.3388767404227342,1.1219116636278361,0.2838100136409705,0.30586145206438037,0.9481978319063581,0.08355197893126416,6.147094363543737,0.156301051294766,0.46399999999999864,0.46399999999999864,1.8277354343289678,0.16800000000000637,0.8400000000000318,0.9912592119769027,-1.4015217458860885,-0.6846032174438137,-0.04535927065255219,0.009512072020531288,-14.581477103747975,1.1270498079079099,507,480.448,481.288
0.09414303529333548,0.09599997838475621,0.4545573337912658,7.2955263645509705,1.6466851382113934,1.544148408612995,0.30154105045817053,0.29729805940426407,1.4617912542684057,0.11312690941916062,6.926072739657231,0.24520402972251057,0.5360000000000014,0.5360000000000014,1.9215880549901108,0.22399999999998954,0.9359999999999786,0.9943261150914878,-2.0647405529158687,-0.8255588729113775,-0.18289031376787848,0.09712737114998267,-1.385453320553335,1.1867121216446903,508,481.288,482.224
0.051541685546254254,0.055999980337025426,0.41998645277617525,6.132239273127617,1.3835995501749512,1.247683327326276,0.32387799502338566,0.3090197780357987,1.3844909197252557,0.09966423514550567,5.945854948462547,0.297701708462504,0.47200000000003683,0.47200000000003683,2.036406164785289,0.18400000000002592,0.9360000000000355,0.9930767170685499,-2.05707044800439,-0.8724690448366668,-0.10084500697675124,0.05361966627491847,-3.0140613187497607,1.0928523711703482,509,482.224,483.16
0.05081620439418553,0.05599997830948466,0.4096909928691099,6.0457759420948,1.3005444091349703,1.3873165333042023,0.3213364904545229,0.31988697612118483,1.4428002417797878,0.09650128829145084,5.659912584108995,0.3744498809728426,0.46399999999999864,0.46399999999999864,2.0917878985450598,0.19199999999995043,0.9839999999999804,0.9933570918938269,-2.0856638030392327,-0.9273278932472975,-0.10660259164433933,0.07660482864660506,-1.8205504890954236,1.0244574976952259,510,483.16,484.144
0.04623505646959449,0.04799999580804484,0.4117363465776325,5.764928172179699,1.2930263318966677,1.2062251056855002,0.33453577444703314,0.3288249856962421,1.3565301251219442,0.1001857436018608,5.7480876111017825,0.3166000542452693,0.4560000000000173,0.4560000000000173,1.996367244512518,0.19200000000000728,0.9599999999999795,0.9929881922039859,-1.9408866908429883,-0.8656583645946629,-0.08053424760455558,0.0484571722955332,-3.25812796259432,0.9618639750952254,511,484.144,485.104
0.058979224462709874,0.06400000217850954,0.41786902724200314,5.576385298687614,1.2710440005063897,1.1455078977773228,0.33408185546693625,0.32650573222439266,1.3760713075935502,0.09942341580939823,6.030102826645518,0.32080172991669537,0.48799999999999955,0.48799999999999955,1.9467728417375696,0.20800000000002683,0.9680000000000177,0.9934923087132614,-1.8225273354174247,-0.8314045793018165,-0.0587625867768739,0.021932803885003675,-8.117997699015271,0.9442767219159085,512,485.104,486.072
0.04703537576618093,0.04800000446439438,0.3987231508990388,5.622219760660148,1.2385968481467744,1.0270692732776525,0.301152902266722,0.3587345679565013,1.068486094590848,0.09551825314678525,5.987948112755099,0.1898368240806971,0.4479999999999791,0.4479999999999791,1.9133159849517316,0.18399999999996908,0.9279999999999973,0.9912998926095924,-1.5869926057876584,-0.7858702969525382,-0.018348082169222017,-0.009480651636621273,17.51673546133033,0.9882448548642014,513,486.072,487.0
0.05222707318765482,0.055999975891791204,0.41179336739056016,6.111781624842161,1.3862724091965282,0.9729345827208352,0.31799678318939917,0.32286837006047936,1.0872795340958992,0.10254997455338145,6.039093557715877,0.17505631215926276,0.46399999999999864,0.46399999999999864,1.9730980318580587,0.19200000000000728,0.8799999999999955,0.9938954047978521,-1.8503019945064354,-0.7765902709842858,-0.01088807251520441,-0.02820165354434654,7.031356319755577,1.123141529423617,514,487.0,487.88
0.057432705231294116,0.06399998846668951,0.43244769895261365,6.473557659540638,1.5237978559640881,1.1974484197725173,0.3502757224239876,0.3210702613318376,1.1286673821502333,0.11038806675541372,5.347336891956281,0.28995536707799496,0.48799999999999955,0.48799999999999955,2.0635498590952994,0.20800000000002683,0.9119999999999777,0.9944136108113871,-2.274345724488988,-0.8433242466087031,-0.02505739370789825,-0.028230201415354945,8.563943712999432,1.0889440926860559,515,487.88,488.792
0.05761664113461992,0.06400001015892018,0.43241679153647616,7.095201194511035,1.2431356487411833,1.1000063375136901,0.32696185229536656,0.384752337059498,1.0487163717655996,0.11268016767454717,4.515147666705233,0.45260208404300417,0.48799999999999955,0.48799999999999955,2.2738179374807093,0.23200000000002774,0.952000000000055,0.9909582157460516,-2.3950168898111457,-0.9344298530441265,0.05358254898182141,-0.08806113385758883,2.980368223879017,0.9315748168419574,516,488.792,489.744
0.05201854036319649,0.055999964042071804,0.43330580038904126,6.775628282250726,1.6693534191000423,1.823193331924049,0.3566372455533376,0.47315542503364727,1.8292851855189078,0.11898736763070955,6.764577792290982,0.5917604248497722,0.3599999999999568,0.3599999999999568,2.1563242787175563,0.2319999999999709,0.9679999999999609,0.9936636049596654,-2.4198035214855653,-0.9256256101606445,-0.01963358415140641,-0.028571755483705608,8.77754545400961,0.8220819524304442,517,489.744,490.712
0.058247833043063066,0.05601767157379072,0.7120000018502809,10.858327768949321,0.7976312100956374,1.022858921181428,0.21809848755816943,1.0940481398025017,0.3096807497244229,0.1243643963574102,7.2163225347090165,0.18564290343833917,0.7119999999999891,0.7119999999999891,2.160982897564485,0.22399999999998954,0.9759999999999991,0.9914641908847311,-1.4863967322849043,-0.8323991320534486,-0.003367343640636006,-0.009610376308421459,7.196408525843528,0.9335289560841034,518,490.712,491.688
0.07542662213948254,0.07999996163700092,0.44470445756259774,5.996540419432102,1.3762649437119798,1.2409531464247374,0.3495513259346199,0.3232570454140181,1.4149153824762322,0.10997080431932683,5.174063300159819,0.38020000270491106,0.5120000000000005,0.5120000000000005,1.9411429452361872,0.2400000000000091,0.9840000000000373,0.9920689452523006,-2.017048609455963,-0.8440487200585188,-0.0629059038634738,0.008845864889817135,-24.19693953340685,0.9335289560841034,519,491.688,492.672
0.05497083333233358,0.05599999534270629,0.4270182728435065,5.486966633069615,1.4549686846330088,0.8581800889878263,0.3393443917975728,0.3936409972554263,0.6323540926516837,0.10490328719135399,6.54277062553908,0.13611185325366162,0.46399999999999864,0.46399999999999864,1.839096833778553,0.19999999999998863,0.8079999999999927,0.9933913098459243,-1.5189626656182575,-0.6057436128265401,0.1081209855104378,-0.12681726843123475,1.8769149077188076,0.9579556966109328,520,492.672,493.48
0.1519821795412687,0.1440000481867867,1.0631599975172112,5.8313204069169275,1.3451861162023926,0.5194355939501765,0.267555551701568,0.732597918399393,0.38576152510050477,0.10696625928378405,1.3199019164809287,0.35296920974924595,0.5679999999999836,0.5679999999999836,1.8795829966540438,0.3039999999999736,0.9679999999999609,0.9828109652413404,-1.0883163497757213,-0.5980671090064298,0.04183616268518523,-0.1156355633978466,1.4027909428321614,1.1339503621067388,521,493.48,494.448
0.05229316223464794,0.05599998342643179,0.42974543933699894,7.3457359188464855,1.452839702355627,1.1081390374500015,0.31086143210693434,0.3150921036813149,1.2329783510377013,0.12323624241193369,5.777208162895402,0.2798345126619863,0.3439999999999941,0.3439999999999941,1.867006548841471,0.20800000000002683,0.8640000000000327,0.994830268244799,-1.901478504220095,-0.754441518194269,-0.03895731280394812,-0.012707750617350308,15.750176101289926,1.1104396243496657,522,494.448,495.312
0.05843001644927258,0.06399999585994508,0.43203449847890024,6.494516890541155,1.514488096807301,1.2488597527033323,0.3363543396170663,0.3157540630186557,1.336565936659596,0.11211907292022419,5.46540884590208,0.3344964260185534,0.47999999999996135,0.47999999999996135,1.9758867070410104,0.21600000000000819,0.896000000000015,0.9931947005685067,-2.059909792051305,-0.7965955469152013,-0.05184316374911505,-0.008028756562828997,27.01631695495285,1.0264116369373721,523,495.312,496.208
0.054608862433422896,0.055999972640134274,0.4479124875821472,6.307030161494432,1.4322762557696558,1.1475448191799227,0.3566134717113213,0.3211875667857547,1.2467308256819174,0.11340770349336686,5.135858091340906,0.36171885379904806,0.47999999999996135,0.47999999999996135,2.0079307582460215,0.22399999999998954,0.9279999999999973,0.992332338710375,-2.177782674747753,-0.8370716039806019,-0.027287398504757483,-0.024605374926347227,10.030199808752235,0.9403684434316157,524,496.208,497.136
0.054015391560571856,0.05599999780737696,0.4162816111874554,7.607924534673281,1.7739163431524467,2.055083016019076,0.32383898715390014,0.35769923056377023,2.1859693989495614,0.12606815935894128,9.562691201482693,0.48387012064820706,0.3439999999999941,0.3439999999999941,1.922072607822539,0.20799999999997,0.9359999999999786,0.9944303953945699,-2.2492096044504306,-0.8828696719382366,-0.19673307016471547,0.10198780295146204,-1.6002184356026166,0.9403684434316157,525,497.136,498.072
0.06160860810419567,0.06399999224927613,0.4233965653543189,5.628127964254887,1.19224971488781,1.1217484317107025,0.3290068441244533,0.3068344406521394,1.5763280165280966,0.11163647144822123,4.60776893875242,0.40024638844831023,0.46399999999999864,0.46399999999999864,1.713870616683182,0.20799999999997,0.9680000000000177,0.9935346661200074,-1.5543695904344688,-0.7608793890405117,-0.08193945034242082,0.05157752465846128,-2.8049668576274733,0.9657722535795183,526,498.072,499.04
0.050598382662642466,0.05600001091925729,0.4081240094071337,4.010595089061789,1.4774137349155223,1.17183003842625,0.3563279750653206,0.42257385960902943,1.150167070928581,0.08734573840662989,4.259601417226314,0.25882218769663545,0.5840000000000032,0.5840000000000032,1.5703880428969381,0.18399999999996908,0.9039999999999964,0.9931244420988705,-1.1669821807587932,-0.61820483448429,-0.029559105228428015,-0.00033585933926402636,461.2277550984843,1.128026877528983,527,499.04,499.944
0.04995488513260954,0.05599999781518093,0.3996641641137012,4.87833913915541,1.2558101718672734,0.9619947731036035,0.31856341905515045,0.31300670291276783,1.0543475933355055,0.09074314479679117,6.002791961309991,0.18929638968635404,0.47199999999998,0.47199999999998,1.7165790772101661,0.18399999999996908,0.8639999999999759,0.9927125024677732,-1.3624238466021272,-0.663950299960337,-0.021911174925863603,-0.011544082280956987,13.968962655366523,1.2179783495190322,528,499.944,500.808
0.05258217632756491,0.05600000370505033,0.42245062054292765,4.903989533419581,1.1701434877668646,1.0045618355700825,0.33923065814323805,0.3406580119863493,1.0794771172022777,0.09594368533857958,5.839172453964145,0.2444847400336108,0.47199999999998,0.47199999999998,1.7737227218510574,0.19200000000000728,0.9039999999999964,0.9927033288098647,-1.4654230651376805,-0.6982990499249087,-0.03447032060223559,0.006683281813221472,-22.024011945861787,1.2179783495190322,529,500.808,501.712
0.0386908367408205,0.03999998148139695,0.40360730723660027,7.115912247092944,1.691303557585782,1.4576557155106906,0.31048125055716663,0.36997060779906427,1.6554205275065008,0.11893938877090288,4.4356555925819725,0.3501894179677488,0.3120000000000118,0.3120000000000118,1.8919587209885709,0.19200000000000728,0.9039999999999964,0.9938248637550876,-1.9637664559497883,-0.8355857870487963,-0.12319403122658476,0.06918482315274614,-2.1996941957854466,1.1788955646761048,530,501.712,502.616
0.05067291042119038,0.05600001114967771,0.4320020159778531,5.329280865399422,1.2950565131671352,1.3254899910797122,0.33379685653084246,0.3433771111607203,1.295046891338335,0.0956397583809803,6.056875174080845,0.3526015256969601,0.47200000000003683,0.47200000000003683,1.8922086666124207,0.19200000000000728,0.9440000000000168,0.9920604260171265,-1.7265022261638525,-0.8011092304162158,-0.07760725646746672,0.041889947213367175,-3.662789922759047,1.1896433305079102,531,502.616,503.56
0.04597275533947887,0.04800001050678835,0.41132478307652026,5.451727514619217,1.1845555396087155,1.1089893740645131,0.3208515162751807,0.3213148745408663,1.4193754891037091,0.09720839139843102,5.622182618481833,0.3347277970380147,0.46399999999999864,0.46399999999999864,1.8778676611977314,0.16800000000000637,0.9599999999999795,0.9934239767357027,-1.666492389624711,-0.8153201339615823,-0.07383124536965636,0.04962568264486562,-2.893355049414819,1.1798726342971784,532,503.56,504.52
0.05407410441314259,0.05600000606998118,0.4032196406840395,6.20592039739091,1.2927704055505007,1.2729965572243946,0.319851000947095,0.3221261353733955,2.030439076141427,0.10400725172911973,5.802950646984222,0.4467993578438763,0.3439999999999941,0.3439999999999941,2.011359947285678,0.20000000000004547,0.9519999999999982,0.992967051622902,-1.9613892732953953,-0.8642218422257902,-0.09930489383252276,0.064378838887221,-2.198032615137991,0.9892219244852746,533,504.52,505.472
0.05254789631519323,0.055999968224730044,0.4023429393615074,5.8297451013486645,1.3413592456273007,1.085808932185434,0.3124664595229074,0.34284663965865647,1.2455123547120734,0.09763133807575586,5.902442370551303,0.22899522395567348,0.4560000000000173,0.4560000000000173,1.9712046872825377,0.18400000000002592,0.9200000000000159,0.9926085468112229,-1.7711675585866968,-0.8058869823901454,-0.03989310091687524,0.00633658333415482,-26.725596805061794,0.9638181143373721,534,505.472,506.392
0.05126104340621226,0.055999995987798645,0.4064040520896142,5.904880019591134,1.35953921060436,1.0572781023519684,0.311853049916242,0.30543865348266713,1.007396193421014,0.09868934787178191,6.075199019596508,0.19055898368532304,0.4560000000000173,0.4560000000000173,1.9134681596896803,0.18400000000002592,0.8639999999999759,0.9921365744004864,-1.7370701445700745,-0.7477680243586492,-0.02976315903742484,-0.010561812847558623,16.83167935418208,1.1309580863922024,535,506.392,507.256
0.05193552082594333,0.056000006065180054,0.42591314822524956,6.168747319193354,1.4428026910485283,1.10075018358993,0.34690687170995044,0.336026758831646,1.0320386851563896,0.10711485852153554,4.850270698355706,0.3187895884176469,0.4880000000000564,0.4880000000000564,2.0479686603541616,0.20000000000004547,0.8880000000000337,0.992694440563781,-2.0865553746475993,-0.797655603129541,0.02046940370896512,-0.05870742496948904,4.1683831057491,1.0332511242848847,536,507.256,508.144
0.05063021482027046,0.05599999938005362,0.4322005101612921,6.15555449233156,1.4606433493263122,1.0599060204874309,0.3586652217677629,0.3473317810242793,0.9623340801478251,0.10909461819157534,5.414648152950893,0.28554482666918796,0.47199999999998,0.47199999999998,2.0623730411460075,0.19999999999998863,0.896000000000015,0.9932340477039385,-2.1602950040920077,-0.8075490871491975,0.04452235886268664,-0.07745890839888275,3.4431627138897865,0.9843365763799089,537,508.144,509.04
0.051829240075040604,0.05599999246373737,0.4392153873788241,6.403398355864193,1.2920589962321714,1.1620543053603154,0.3258741153864815,0.36205510262051344,1.2257543397548085,0.10862343571330021,4.8772303950901446,0.417472095126947,0.47199999999998,0.47199999999998,2.061711400381502,0.20799999999997,0.9279999999999973,0.9922588540775762,-2.022124675762098,-0.8475833924570586,-0.005756427472646236,-0.0332938338518961,6.477183308723198,0.9354830953262498,538,509.04,509.968
0.05472907783793683,0.055999988769252135,0.4340606468636815,5.927892707425876,1.4335409547508566,1.1479863852833592,0.3477072260374608,0.35486027529330855,1.1740403669941422,0.10768051270056266,5.286553684692027,0.3127583992994739,0.47199999999998,0.47199999999998,1.9652360061412133,0.21600000000000819,0.9279999999999973,0.9918940420379109,-1.9696028100880822,-0.8110096867442915,-0.019298861951531483,-0.024767565731113377,9.147812997510133,0.8562793891680054,539,509.968,510.896
0.05825003298055572,0.06399996501385222,0.40218868639237476,5.863136465268603,1.4115187641517941,1.0943495753785908,0.31525960016035903,0.3492767100733653,1.0522740935784127,0.10058427055939592,4.747702939831293,0.22627752002994458,0.45599999999996044,0.45599999999996044,1.914367137642571,0.19999999999998863,0.9039999999999964,0.9923565916680316,-1.7352644338456444,-0.7712104420328468,-0.011670259886910086,-0.025458218578544797,7.520206298653586,0.9315748168419572,540,510.896,511.8
0.05375119708346528,0.05599999826210893,0.41293522304856417,6.895719029624949,1.5312121899266427,1.1924261436701105,0.32881098256928204,0.2992247743105578,1.1493049395699524,0.1107322132479391,5.064346598083579,0.2704985415491193,0.45599999999996044,0.45599999999996044,2.0690546452264744,0.19999999999998863,0.8879999999999768,0.9937627676375096,-2.2633329812316636,-0.8439042702422327,-0.052533067852413566,-0.0040159440649972875,53.86002953643919,1.0869899534439094,541,511.8,512.688
0.05215356131970448,0.055999971929511144,0.429779712055171,9.224022200240903,2.012373861896001,1.7837911623858407,0.3272833302019768,0.3615445487642392,1.5501980334077723,0.13973826296267658,7.5355651482493435,0.32960901876395393,0.36000000000001364,0.36000000000001364,2.077274702602677,0.22400000000004638,0.8559999999999945,0.9947711978172704,-2.6091693768996223,-0.8230500499249411,-0.12316828850943567,0.02149871030151394,-10.111828008381638,1.0869899534439094,542,512.688,513.544
0.060647122935859867,0.06399999667099109,0.4387235987700375,6.2788637340721145,1.473391867920112,1.200980460946965,0.3527249162910142,0.32323263573646793,1.2521234283766076,0.11106858685311065,5.384043901943285,0.3345424270263347,0.4880000000000564,0.4880000000000564,2.0133916043194313,0.22400000000004638,0.9360000000000355,0.9926858836016189,-2.178026147591643,-0.8434138062141637,-0.03632773933960871,-0.01858906848508287,13.014024665777193,0.9061710066940541,543,513.544,514.48
0.05402711307947146,0.05599998014316067,0.4385375490546792,6.302813458006383,1.4135863269869198,1.220698110023864,0.3433773305548956,0.3197757101780497,1.4339571435497742,0.10774022350757906,6.02298768949956,0.3385588129093879,0.4639999999999418,0.4639999999999418,2.0587474371220775,0.21600000000000819,0.94399999999996,0.9924793136174627,-2.1977848022359208,-0.8792980075104522,-0.08245694920283148,0.026231911769409907,-7.684782632714062,0.9061710066940541,544,514.48,515.424
0.05263342547707526,0.055999975271751185,0.4147377725822186,5.808148102001358,1.4293772383943337,1.037908197792309,0.3367244509339956,0.3500287700910535,0.880574762273583,0.10358056077860404,5.16914072648332,0.21809226507237933,0.4560000000000173,0.4560000000000173,1.9580033708462807,0.20000000000004547,0.8799999999999955,0.9921347921680836,-1.8245091325591707,-0.7506498152512708,0.028233290304719445,-0.06238371746977714,3.6621564386304626,1.0762421876121042,545,515.424,516.304
0.05363179262197941,0.05599999399734823,0.4294076281764233,6.078032213786687,1.5102541314376032,1.0844207979355305,0.35244501339517864,0.34481601044561133,0.8866425519692791,0.10690550610093573,5.599772779109899,0.25139574603522136,0.4800000000000182,0.4800000000000182,2.037440816555199,0.20799999999997,0.8720000000000709,0.9928457456373694,-2.05508045872814,-0.7653300031589263,0.049064761896431684,-0.08065148385528394,3.2324172411855128,1.063540282538153,546,516.304,517.176
0.05511000487793985,0.05599999573527724,0.45105065288614543,6.341684071253092,1.5233861146470784,1.1281696185851504,0.3607960226496098,0.32585239571927693,1.114163906799065,0.1130988237398231,5.632476120452827,0.31911008983146505,0.4879999999999427,0.4879999999999427,2.024470011094772,0.2239999999999327,0.8959999999999582,0.9918472765380847,-2.198626218378374,-0.7995421129223885,0.012644839363287828,-0.05791761280694898,4.690673881514507,1.0137097318634212,547,517.176,518.072
0.05375704194624061,0.05600000460536598,0.4539797241389516,6.335975840512591,1.4862693509117855,1.1047159179605122,0.35816040940446886,0.3432875003664156,1.0368841492649332,0.11078916692770704,5.516461006526438,0.3165357884495833,0.47199999999998,0.47199999999998,2.0898098733171024,0.21600000000000819,0.9039999999999964,0.9918251546887557,-2.2456173177785828,-0.8257178455560042,0.03042089895491958,-0.06930213181433373,3.9598146389407,0.9589327662320061,548,518.072,518.976
0.05549063883868902,0.055999965471241045,0.44506504636527033,6.7645912526192715,1.20392040038181,1.0294986882571657,0.31009758580953367,0.34701533072921825,1.104862945964061,0.11065782215724008,5.518380319062168,0.312829839148457,0.36000000000001364,0.36000000000001364,2.118419397841759,0.22400000000004638,0.9360000000000355,0.9919410828888927,-1.994230263975854,-0.8587112053816125,-0.023138509961654157,-0.012704143790238041,15.021146716310094,0.9432996522948355,549,518.976,519.912
0.05997290593885694,0.06399996973791001,0.4401754647558128,6.044306155528579,1.3675124207380296,1.2865612650548073,0.3459170593457207,0.31996669784087545,1.645001184571206,0.10945263710281104,4.959941742149036,0.4445081818175638,0.4800000000000182,0.4800000000000182,1.964274106653098,0.21600000000000819,0.9679999999999609,0.9920163702335144,-2.0256457332233317,-0.8556774310079751,-0.08805497946219533,0.034044080412886084,-5.6746631841775255,0.9432996522948355,550,519.912,520.88
0.053266000015118616,0.055999992056794665,0.41409864383717626,8.147311258499078,1.4293059160651786,1.1280585117848572,0.2870113528709453,0.3226455833038197,1.9846625274920862,0.12865615169325556,3.9246258725703154,0.3343932968604495,0.34400000000005093,0.34400000000005093,1.8529315523318703,0.21600000000000819,0.9360000000000355,0.9947181457404672,-1.8560481521981351,-0.8393502898490847,-0.1220800788102515,0.08440832223101963,-1.4774367478755737,0.9384143041894695,551,520.88,521.816
0.07634071184982663,0.07999999507455799,0.4320000680236468,5.628394071209337,1.2890951836309312,1.107760348735284,0.3193119476184893,0.30834551828720674,1.0903814484308845,0.10820059195834197,5.879144454085111,0.24062467670965576,0.5040000000000191,0.5040000000000191,1.695430186777607,0.21600000000000819,0.9279999999999973,0.992225928886968,-1.486751807467891,-0.7029736188341518,-0.04224070161920461,-0.0006390954520106485,279.6426242775867,1.0713568395067383,552,521.816,522.744
0.05390445173775788,0.05599999905852358,0.43688381070654964,4.833679028049819,1.270751455247366,0.9291638071640899,0.34154311616595323,0.3340196231711299,0.8344792170256158,0.10256903951249188,6.6662356050276275,0.16220563423217083,0.5520000000000209,0.5520000000000209,1.6077284063308652,0.1999999999999318,0.863999999999919,0.9915733021986758,-1.293248096859865,-0.6131678303862149,0.005357478687066774,-0.04181607367336589,4.557265112966136,1.2199324887611782,553,522.744,523.608
0.05874793981482347,0.0640000000541217,0.4354085208995435,5.651820217627132,1.3773498438545013,1.0980080041122504,0.33862204955939185,0.3421862464883901,1.004136008894727,0.104834127152742,5.650077546061871,0.2759576898398346,0.4800000000000182,0.4800000000000182,1.8667245632811145,0.20800000000008367,0.8880000000000337,0.9931591063689216,-1.7184270555474572,-0.7245472693273789,0.001896620498422656,-0.043588161712723096,4.936833530992052,1.2257949064876175,554,523.608,524.496
0.05754603151374455,0.06399999932244425,0.44006005868597853,6.035523803447636,1.3946029637461448,1.1648626079397009,0.3469068999510907,0.3800108184419817,1.06118559929618,0.11078780845342166,6.491995717089287,0.24167523570864,0.4880000000000564,0.4880000000000564,1.9767952190363378,0.21600000000000819,0.9120000000000346,0.9929399319357631,-1.9345495632440202,-0.7806780278117748,-0.024451367417870674,-0.015956928042573548,11.732848440498428,1.002961966031616,555,524.496,525.408
0.05141408564929708,0.05600000003235626,0.43144801893103873,6.17993549895015,1.305428036418227,1.1792239405888467,0.32733982060665306,0.36737626002916757,1.1455612695139588,0.10769424492793647,4.962993820048223,0.3596522077752999,0.4639999999999418,0.4639999999999418,2.0178579505340695,0.1999999999999318,0.9360000000000355,0.9927171123237939,-1.9302841256585348,-0.8357639530343375,-0.019900368353060752,-0.017448312197447066,11.459467370817036,0.9569786269898596,556,525.408,526.344
0.05405021130581495,0.055999986140852644,0.43216843987159015,5.80410112711504,1.3930326494206342,1.1691337011889384,0.3475904931266164,0.35802985451520547,1.3582370231373486,0.10642071781021871,5.2141682220047345,0.35740651119306815,0.47199999999998,0.47199999999998,1.9544432972419243,0.2159999999998945,0.94399999999996,0.9921802492324895,-1.9341872431191567,-0.8218936971426951,-0.038360132200354516,-0.005522156557294069,38.00526306639362,0.9442767219159085,557,526.344,527.288
0.05770554891408757,0.06399995652338507,0.41619284236812615,5.652136697545484,1.451045494009958,1.2841506891597005,0.33546475036284173,0.3577272877982239,1.2827594462981824,0.1041370563443364,5.276159275801783,0.3254857590355146,0.47199999999998,0.47199999999998,1.8627732272670796,0.20799999999997,0.9120000000000346,0.9940648968737986,-1.734050682725457,-0.7566433764928,-0.045715584107664256,0.0020533600198778764,-88.95661050392025,0.9442767219159085,558,527.288,528.2
0.08483682135668807,0.08799998112228918,0.44695791708254573,5.938051892947843,1.6527052274780345,1.7813844333354536,0.3400461673245724,0.35304852383151536,1.7568802313525895,0.11402203888582885,7.330970693393933,0.40697626004731746,0.5119999999999436,0.5119999999999436,1.7275941447660703,0.2319999999999709,0.9679999999999609,0.9942480628715813,-1.7633279985553931,-0.7664703544407354,-0.14816613067654028,0.07146939912911136,-2.329619805348689,1.0205492192109333,559,528.2,529.168
0.051834957603362805,0.21109683103629812,1.0115432917804954,3.1488400174084306,0.7668553144933669,0.34006966415231044,0.559999999933666,0.11239201303075312,0.45510535361539134,0.09896954602387799,16.979518431411723,0.5481442126221022,0.2799999999999727,0.2799999999999727,1.6708792994013564,0.19200000000000728,0.9039999999999964,0.9887028163601201,-1.0402024560082883,-0.44584508056003136,0.19452342327187033,-0.22939165169511694,1.4775317082197843,1.0840587445806897,560,529.168,530.072
0.05314146977744861,0.05599997371304972,0.4058950035429678,7.0190665858703,1.7314554966278561,1.297711922306072,0.2964756255974374,0.33471988233556754,1.6125756147837786,0.11373189156386952,6.660624218410177,0.20908331506134564,0.34400000000005093,0.34400000000005093,1.8098038370109149,0.19200000000000728,0.8559999999999945,0.9948539200602926,-1.790778512324348,-0.7493008301583479,-0.10781265302520718,0.04153784512184428,-3.8874696984009742,1.0840587445806897,561,530.072,530.928
0.04774236690745286,0.04799997458924365,0.4286682980622488,5.4584786117308175,1.4106655060894373,0.940168485555908,0.356693668132545,0.3628699172993393,0.784666492734254,0.1042609975911508,5.354242882042433,0.2254798808983063,0.47199999999998,0.47199999999998,1.8939649178088278,0.20000000000004547,0.8640000000000327,0.991188280844799,-1.7421766751136496,-0.7040013981611075,0.06783581191743886,-0.09241235375304424,2.7236068938189764,1.0967606496546414,562,530.928,531.792
0.05204666405029712,0.05599999991162009,0.42852701357140666,6.468799275727316,1.5111491280213802,1.1580736633887883,0.33552347723982845,0.3200703598009969,1.1347574398802507,0.11199510674704811,5.567689462112533,0.267748184282913,0.47199999999998,0.47199999999998,1.9563571931096913,0.1999999999999318,0.8799999999999955,0.9942130063182114,-2.0250145939288893,-0.7833491858025984,-0.034425511432402925,-0.017859488623356838,12.167606722809335,1.0654944217802993,563,531.792,532.672
0.05349371433637268,0.055999971682973215,0.43559950207993103,5.791082676765305,1.4516503112282777,1.1216749725072799,0.35631796165559293,0.3614289793212293,1.064396646632662,0.10520230202904311,5.370115551224317,0.2820719290939593,0.47199999999998,0.47199999999998,1.9925965150603608,0.20799999999997,0.9119999999999209,0.99399446224702,-1.9975137456912402,-0.7958738177286885,-0.0017520441340144837,-0.0397543242693122,5.820420012335705,0.9784741586534698,564,532.672,533.584
0.050755743137396545,0.05599996936706735,0.4281636636466535,5.6832472557426845,1.418658589662657,1.1254203652154058,0.3482991144091105,0.34656817467664475,1.1573503233985145,0.10192878325851162,5.052763731344067,0.32176441201380374,0.4640000000000555,0.4640000000000555,1.979191747359752,0.20800000000008367,0.90400000000011,0.9923502844721253,-1.919067600516819,-0.7872541068385783,-0.010723537449393554,-0.03188807962027032,6.9293882621055785,0.967726392821665,565,533.584,534.488
0.052588553721708994,0.05599996583916747,0.4095464801202594,6.440278724869424,1.5187846365809048,1.1939797660165925,0.3294453477228267,0.32165588668975603,1.01580511989958,0.10640276375287022,5.139651455073728,0.2643815091542495,0.4559999999999036,0.4559999999999036,2.052741125542089,0.20799999999997,0.8719999999999573,0.9906379745617515,-2.072846978935376,-0.7961039562597715,-0.012447333600290225,-0.03260344652498806,6.781890976005205,0.9501391396423473,566,534.488,535.36
0.05870332371898798,0.06400000012963739,0.43117575186126206,5.848958750025561,1.4477974880016535,1.1578672202908422,0.35225634234683767,0.35094754109384957,0.9991117313252976,0.10410636271096257,5.208073665446882,0.26771919385398146,0.5040000000000191,0.5040000000000191,2.019952623855898,0.1999999999999318,0.9279999999999973,0.9934984130088251,-2.037992916638617,-0.8181259970277185,-0.00035099265023733756,-0.04196059094044209,5.644403415582031,0.9286436079787377,567,535.36,536.288
0.05189717253395298,0.05599999661880611,0.4210192612383719,5.998300939732567,1.5213242823998898,1.1542586993389368,0.34289366117871384,0.36839933875702185,1.0791276368343432,0.10495285881228457,4.997508938860268,0.2623933275629378,0.4800000000000182,0.4800000000000182,2.0202258254954906,0.20799999999997,0.9120000000000346,0.9918228709329906,-2.0175294079999953,-0.8162969277833062,-0.0059503293949739085,-0.03517935792500609,6.443172461278939,0.9305977472208838,568,536.288,537.2
0.05150819873376473,0.05599999289198827,0.39670538945686423,6.66879683345004,1.482150541841341,1.1208070415894786,0.3049638747566511,0.303236261373787,1.1328701664848482,0.10742253223090674,6.431192269143387,0.17869005069675867,0.41599999999994,0.41599999999994,1.929169232534449,0.19200000000000728,0.8719999999999573,0.9919306990103893,-1.8971557411443132,-0.7880537213982123,-0.037074684718445855,-0.008662219300102941,22.205790094939704,1.06256321291708,569,537.2,538.072
0.053001674119424934,0.05599996853633353,0.43039761179075287,6.10668693972112,1.525624647162915,1.16120309529077,0.3398429953464129,0.3579068482277959,0.9109051616121077,0.10670114356360011,5.485514746958517,0.24290538521996155,0.4879999999999427,0.4879999999999427,2.000060997510086,0.20799999999997,0.8719999999999573,0.9920310308486882,-1.959103695788811,-0.7618653811330114,0.015374411719637705,-0.054753497728948206,4.227482536998377,1.068425630643519,570,538.072,538.944
0.0530217717632969,0.0559999643378506,0.44240848128649257,6.530086049319725,1.6071303460236892,1.11568213409274,0.36118676978459435,0.35123550269178766,0.9089100427567622,0.11128119804559815,5.891314673744792,0.25011023754032036,0.4800000000000182,0.4800000000000182,2.1499386910872733,0.20800000000008367,0.8960000000000719,0.99244777986473,-2.391230098383465,-0.839724102298068,0.06426368587786108,-0.09259354128113503,3.2421340494517534,0.9735888105481036,571,538.944,539.84
0.052358189763755544,0.055999963490422904,0.4473702023427545,6.0038227542346325,1.4810024945175089,1.106131816580386,0.36231189864369373,0.356857144741614,0.9994284090056013,0.1083703591296012,5.5513731644755095,0.29159334061216896,0.4800000000000182,0.4800000000000182,2.047391144569304,0.20799999999997,0.9039999999999964,0.9923118477709957,-2.116501102293906,-0.8024153052084808,0.0271258379427819,-0.06548476224070705,3.9972718768298776,0.9227811902522984,572,539.84,540.744
0.06968636348749843,0.07199997200132797,0.46384076322485435,6.538395151977559,1.6707083632558877,1.1696323920165745,0.3689766318984367,0.33112312577869435,1.033479178634136,0.11497996085937877,6.467774076657209,0.2666077294443141,0.5119999999999436,0.5119999999999436,2.0638231174097483,0.2400000000000091,0.8959999999999582,0.9919668908751782,-2.332127871812463,-0.7848002596359163,0.04591942488902556,-0.08856326981991099,3.4766457840985225,0.920827051010152,573,540.744,541.64
0.07887062259188551,0.0799999802540283,0.4504244361089096,8.124816087093066,1.7228446664813735,1.5895664232871896,0.33549835793189897,0.34313439611120294,1.8678356027246008,0.13318776137664298,6.408103998525944,0.4143280146169195,0.5040000000000191,0.5040000000000191,2.0532740628067416,0.2480000000000473,0.9840000000000373,0.9919889039652239,-2.54814905994735,-0.9317987708169841,-0.12918426302799488,0.036324988472816566,-6.5447701400783975,0.920827051010152,574,541.64,542.624
0.060220204724171264,0.06399999764355695,0.42770655953526443,6.245864596608693,1.4653950020894524,1.1676292934713217,0.34123089336194146,0.33892698691838313,1.0652507254178882,0.10837148410060807,5.337785370775125,0.2766240930989032,0.47199999999998,0.47199999999998,2.0344819580487585,0.21600000000000819,0.9199999999999591,0.9923346455286337,-2.0790303764085754,-0.8227618382002777,-0.010422228137125476,-0.03484873856832288,6.708523899555267,1.0762421876121044,575,542.624,543.544
0.05839542091695608,0.06400000004347901,0.4181939776052148,6.225316183606975,1.4519424673622316,1.162269886828997,0.321133183733568,0.3305402247803765,1.0145933214671166,0.10683582267630314,5.41270542042716,0.2540852450876553,0.4640000000000555,0.4640000000000555,1.9419622842225912,0.20799999999997,0.8799999999999955,0.9915612871101164,-1.8401766861636777,-0.7579864729718436,-0.012774767240673444,-0.03135609357082008,6.620091425941639,1.1153249724550311,576,543.544,544.424
0.053118371619996135,0.05600000021682051,0.44792503279426626,7.151684285373948,1.6293611118528069,1.6143118208495721,0.32620693594376615,0.33606340384898054,1.440036197444375,0.1149237404687598,6.736884303686542,0.3902615735303637,0.36800000000005184,0.36800000000005184,2.071151718390271,0.21600000000000819,0.8799999999999955,0.992106374621619,-2.258453159948994,-0.8325886909484129,-0.09716740030131701,0.020089227872553583,-10.02855587777852,1.1153249724550311,577,544.424,545.304
0.053482716281396524,0.05599998911542425,0.44591469498662545,7.293133005922433,1.4242875189496873,1.155848359908608,0.3239994566738226,0.3118513441485531,1.3105181333415337,0.11843159090797956,6.023386325981877,0.3426654630528418,0.36000000000001364,0.36000000000001364,2.0704114868950594,0.22400000000004638,0.8960000000000719,0.9922675608069815,-2.236218495226504,-0.8446918533396972,-0.039376891982525,-0.015740664871327928,14.25217117723936,0.910079285178347,578,545.304,546.2
0.05434034726966089,0.05599999824930584,0.4350855509493953,8.551910139309669,1.6499820029014238,2.233062855262037,0.3065177416460363,0.3031473238122048,2.12703993966622,0.1265601075648134,6.535681596780743,0.5709282633904995,0.34399999999993724,0.34399999999993724,2.06797593850616,0.21600000000000819,0.9359999999999218,0.9942274441391852,-2.489485838953876,-0.9488932003490873,-0.25967849949931243,0.1510299242622236,-0.8405008335414375,0.910079285178347,579,546.2,547.136
0.06749968609641915,0.07200000454260998,0.44809457599037,6.078605135398724,1.4042385653527534,1.2865280176675926,0.33543028843556494,0.3608009557456328,1.2731087128397096,0.10815724713323166,5.803970995064246,0.3497191060726025,0.5040000000000191,0.5040000000000191,1.9749030460810406,0.22400000000004638,0.9600000000000364,0.9912165675064468,-1.9491038356303698,-0.8329045654954332,-0.04340232019586486,-0.004986147728312097,42.08373168821773,0.9589327662320059,580,547.136,548.096
0.06145293578545437,0.06399999110176245,0.4383211300348562,6.004293836630053,1.3745752561030846,1.2830414663107268,0.3339994488680714,0.3373328929686806,1.3510915449427496,0.10767531791473775,5.4392169383328035,0.36914394836458586,0.4879999999999427,0.4879999999999427,1.9405555446530376,0.21600000000000819,0.94399999999996,0.9918973940234416,-1.8889391920396879,-0.8144145609624004,-0.06455837312831353,0.016321730766778498,-11.630120815049597,0.9589327662320059,581,548.096,549.04
0.06852088931443294,0.0719999621153267,0.4381296666177054,5.597203301946725,1.448629402095604,1.3021944387752962,0.34948743478157307,0.3623712630078856,1.6172718665425165,0.1049081159169129,5.734313940191301,0.3807155402382361,0.4959999999999809,0.4959999999999809,1.9099673061146059,0.22400000000004638,0.9759999999999991,0.9914194343673192,-1.8627553946204227,-0.8171942395348145,-0.0703543311036775,0.02008132711256076,-9.815954157354057,1.0117555926212747,582,549.04,550.016
0.05930571186752789,0.06399996773503075,0.42503017822032824,5.950741071148077,1.3466959573433261,1.2556134860662385,0.33855286886798586,0.3103705449154103,1.4481639678264289,0.10651261881300948,6.124717495305083,0.33791919015177585,0.4800000000000182,0.4800000000000182,1.943656463181329,0.20800000000008367,0.9680000000000746,0.9923813556187395,-1.9551886316300304,-0.8512392442412046,-0.09258214154337083,0.045015700707062074,-3.9360723894044,1.0273887065584457,583,550.016,550.984
0.0613491988500584,0.06399999248603419,0.4163055461176201,5.954797536393749,1.3428378629386413,1.0944583557059389,0.32195591133619694,0.3160670611035015,1.0868204766406577,0.10293003956087868,6.368242740607421,0.22075485179646495,0.47199999999998,0.47199999999998,1.9352576930410677,0.20799999999997,0.9199999999999591,0.9916915501716913,-1.8180190055688483,-0.7920608575858592,-0.02963085516208241,-0.011870080028422637,16.64708495440107,1.0977377192757143,584,550.984,551.904
0.05319099790589985,0.056000001001176074,0.4241762846975002,5.936375035627042,1.4960961161903643,1.1142138596961932,0.32824983726916834,0.3683261019996122,0.8972839090117392,0.10507475363317112,5.584392305290339,0.21645261750158823,0.47199999999998,0.47199999999998,1.9345341584611013,0.20000000000004547,0.8640000000000327,0.9926413976431216,-1.7686164548659555,-0.7288787576914759,0.01533048299416544,-0.05286494098341164,4.066737685955822,1.161308311496788,585,551.904,552.768
0.05422920886533926,0.056000005899484805,0.42399580138310083,6.76163899314254,1.4862466868083397,1.264337110989541,0.2860098826493205,0.45445573894113866,1.3064512137219562,0.11026276799221411,4.065963768123816,0.3512905539673255,0.2719999999999345,0.2719999999999345,2.003836977255421,0.21600000000000819,0.8799999999999955,0.9916364866473613,-1.6392209135736715,-0.7526899423127393,-0.035861150259582704,0.005886850446816423,-23.60796430178697,1.161308311496788,586,552.768,553.648
0.059303172569296146,0.06399999180226404,0.4452568594378215,6.465081463809995,1.508468078060205,1.3291178610049406,0.34241552744299497,0.3005184101608179,1.4440915723583811,0.114713976465083,5.715827861111631,0.36743817678826496,0.4879999999999427,0.4879999999999427,1.9191186968972356,0.2239999999999327,0.9119999999999209,0.9917113392610617,-2.0633367941292424,-0.8038855555158717,-0.08908357542736818,0.016481348424353885,-12.965313963997389,1.0938294407914217,587,553.648,554.56
0.06178124175925819,0.06400000537021215,0.452101459391438,6.245628630806441,1.4132871915901206,1.2459375790692027,0.3454072392541769,0.31548050071108874,1.4997205950268724,0.11107349185444963,5.511187146514262,0.39705103241493545,0.4640000000000555,0.4640000000000555,1.9787885853940144,0.22400000000004638,0.9440000000000737,0.9918596383576316,-2.0850316177976898,-0.8397325086297108,-0.07221615417064517,0.011129312774982383,-19.466787829233915,1.0557237255695677,588,554.56,555.504
0.06213207583749793,0.06400000789092083,0.44774282561145323,5.71589081114593,1.3708209299262886,1.2102143126117986,0.3503137906837078,0.3672888198901892,1.5981186796179918,0.10475829470840402,5.533814634632068,0.4037359563866896,0.4879999999999427,0.4879999999999427,1.99635633131698,0.21600000000000819,0.9919999999999618,0.991637733450075,-1.9764875469610779,-0.8647542162489016,-0.058444811580608325,0.012364265238805586,-16.872791229310327,0.9472079307791278,589,555.504,556.496
0.05418948422880704,0.055999997415110116,0.4399297921169274,5.868662357652879,1.3103517558574247,1.4147905622743402,0.3306184436169487,0.3344299347203417,1.411826081492404,0.10715821861248805,6.595631973021354,0.37151871719634694,0.5199999999999818,0.5199999999999818,1.8927147626465977,0.20799999999997,0.9759999999999991,0.993223292865405,-1.816208454635993,-0.8407252779421116,-0.11059494327984513,0.07303742443786623,-1.9875467826992184,0.9227811902522989,590,556.496,557.472
0.05533967965215636,0.05599998888835233,0.41554855342003527,4.9794975651864,1.1319212449325837,0.9298317527059796,0.3247490882270167,0.3491254123718152,0.9493806986724674,0.09965457726108012,6.248038481998295,0.22293748583709835,0.4640000000000555,0.4640000000000555,1.7200048821461833,0.20000000000004547,0.9120000000000346,0.9912259114192173,-1.3445110277480192,-0.6812951645547444,-0.0003356531717944799,-0.03021378645488502,5.840241073153675,1.0830816749596166,591,557.472,558.384
0.05224658754392227,0.05599994653750531,0.40138870567506796,6.067464013476076,1.6301166187243818,1.5009546170931887,0.3250263496123877,0.321142692156002,2.008607473537757,0.11696763394745686,6.894428060957637,0.36085281560891574,0.34399999999993724,0.34399999999993724,1.60806357785562,0.1999999999999318,0.8719999999999573,0.9936491009355765,-1.5623422919899679,-0.6847575773929092,-0.13816651688381346,0.06654715206944373,-2.255510041513769,1.0830816749596166,592,558.384,559.256
0.05827940897733182,0.06399996248734272,0.43208162561177066,5.410912047491983,1.362125441370346,1.132142669262606,0.33764909578431984,0.36248062265274694,1.2457580693270291,0.10265176865904647,5.699331987093597,0.3069465884459234,0.47199999999998,0.47199999999998,1.8208887199725288,0.20800000000008367,0.9200000000000728,0.9926649650570167,-1.6435613016703046,-0.742612717449582,-0.02750509415414596,-0.013711065606778917,14.069559424593242,1.1906204001289833,593,559.256,560.176
0.051950526640076475,0.056000010976805015,0.4297097189241105,5.094689929521129,1.3099052341145634,1.0489894755343285,0.34985595678510273,0.3610339341182226,1.2936592442291086,0.10064048916133256,5.382588696641915,0.3245662950283268,0.4639999999999418,0.4639999999999418,1.795355675115699,0.1999999999999318,0.9199999999999591,0.9931292219333366,-1.5911510269520899,-0.7295493393391596,-0.022393630760262004,-0.015672107036341778,12.377547616408181,1.201368165960788,594,560.176,561.096
0.0594205360255664,0.06400000041046577,0.4329868942749852,5.3686483653661865,1.1543617727204936,1.1016354677032796,0.33128558249716383,0.30489412869560784,1.569883966615027,0.10585908235975507,5.9184299663836955,0.3805703687635749,0.47199999999998,0.47199999999998,1.7484057489230167,0.20799999999997,0.9759999999999991,0.9906334621733205,-1.5458853740908762,-0.770101874701122,-0.07954557020185163,0.0477768943189647,-3.1777002266924543,1.201368165960788,595,561.096,562.072
0.051826719064665294,0.05600001327513466,0.41441356523927453,5.210318606505632,1.0262206160109093,1.0777522152371362,0.3156497435078884,0.37616167563515523,1.2128121276786392,0.09793260188405106,6.022170212325429,0.3537369771105807,0.47199999999998,0.47199999999998,1.8375493455834453,0.20000000000004547,0.9919999999999618,0.9928833258264304,-1.4751163929157944,-0.7882794941850343,-0.030774669996817744,0.015397598082371212,-9.158476190365123,1.001984896410543,596,562.072,563.064
0.04658601540077097,0.04799997782458413,0.4142641685400499,5.2986768959134025,1.076343812906567,1.058532096054408,0.3117040790630705,0.3735932584504399,1.1239035057250026,0.10238907523845119,5.97056613543596,0.3120299089513071,0.4560000000000173,0.4560000000000173,1.7792105377760277,0.20000000000004547,0.9440000000000737,0.9923623651250525,-1.3882787008170812,-0.7360827912533423,-0.029809567304345502,0.011221116272535785,-12.474819894492699,1.0293428458005918,597,563.064,564.008
0.06948544850944714,0.07200000033866644,0.4173461459329923,5.3066682087314705,1.2527213540770648,1.0541590699485548,0.3029693373842674,0.3341693286650674,1.2986861363070334,0.09812770939659296,6.482600142346953,0.21143811579044572,0.4959999999999809,0.4959999999999809,1.7230586982566096,0.1999999999999318,0.9359999999999218,0.9914849644520138,-1.3730329073542225,-0.7113794896730432,-0.04789648809297944,0.018237898272238907,-8.001233453252196,1.0391135420113242,598,564.008,564.944
0.052519765033428124,0.0559999985108162,0.4036770024125482,5.838823805903667,1.1691787454154998,0.8709018886354466,0.28549759674521846,0.29817801275304656,1.1677382887612744,0.10543287668412794,5.833324829798105,0.1609395698525514,0.35200000000008913,0.35200000000008913,1.6557000173678067,0.18400000000008276,0.8799999999999955,0.9923319038338363,-1.3092556468807994,-0.6786475013708515,-0.03410900428962487,0.005553424457294779,-25.720744648102116,1.12411859904469,599,564.944,565.824
0.05302890640727236,0.05599997252505646,0.4276522898996088,5.3716109236505964,1.3268983436019426,1.0623218046515421,0.33586713354612646,0.33661431435906713,1.0835138300228984,0.0978465795970237,6.328796910295959,0.24914868935191403,0.4800000000000182,0.4800000000000182,1.8724816030168614,0.19200000000000728,0.9039999999999964,0.9921425457828648,-1.6904361524080023,-0.7509299872809673,-0.022628894128824413,-0.017251793577441537,11.40547808253644,1.1906204001289833,600,565.824,566.728
0.04700888099168466,0.04799997911067355,0.41026892594607967,5.617500357155375,1.3917550980655446,0.906928613352263,0.3360741814120665,0.35697864798655377,0.9569085592291264,0.10303184219983554,2.6690083178244284,0.3061491549032756,0.4800000000000182,0.4800000000000182,1.925868387952748,0.19200000000000728,0.9360000000000355,0.9877440860883101,-1.776669885689008,-0.8028026435538194,-0.0014680346398891105,-0.03138901871388018,6.831229412799417,0.9687034624427378,601,566.728,567.664
0.047314308544596125,0.0479999600621892,0.41607919639932334,6.218080496291965,1.6829842168988893,1.759694189860029,0.3677576363955729,0.3911062662257379,1.400372611173632,0.10988836237160608,4.744107845027938,0.3708630974078627,0.47199999999998,0.47199999999998,2.1033122009067338,0.20000000000004547,1.0080000000000382,0.9947983391492827,-2.444303097378895,-0.9768201505474188,-0.14028655228963996,0.09471334181502936,-1.6676581561537285,0.9687034624427378,602,567.664,568.672
0.038444640145736626,0.03999999800435079,0.654361413189952,4.882566866306824,1.4505935473759763,0.392025672884915,0.2713214576634995,0.2794782669003482,0.16505779866526668,0.08435654168131541,4.5690468279403404,0.17760239517522486,0.31999999999993634,0.31999999999993634,1.5283404321914782,0.15999999999996817,0.4959999999999809,0.9816973040743301,-0.6765780633954126,-0.23153782448238908,0.2847663630994721,-0.20700501745121888,0.7480529631274443,1.157400033012495,603,568.672,569.168
0.05854488987133615,0.06400000520238695,0.42157859078309057,5.4183639511505275,1.2214545053024992,0.9610362171512908,0.3204535983425708,0.3648992525087623,1.0656367580919612,0.10114659453745728,6.626847883585543,0.1706668809428155,0.47199999999998,0.47199999999998,1.829357872477214,0.20000000000004547,0.9679999999999609,0.9920601983470142,-1.5615347313436159,-0.7803639412431714,0.006644511145168612,-0.04269757005582227,4.812951030516837,0.9853136460009818,604,569.168,570.136
0.05406372372454858,0.05599995780418891,0.40441539079642197,7.6951833955087245,1.638280463971517,1.1864118222134208,0.2966544934751314,0.35033409767346674,2.1129835875450826,0.1243014543861909,8.092825427371022,0.2220254116050998,0.33600000000001273,0.33600000000001273,1.8349745802655317,0.20800000000008367,0.9039999999999964,0.9938651560516335,-1.8941236555530436,-0.8083446449265257,-0.09115499397527844,0.03538194213799438,-4.966218535283248,0.9853136460009818,605,570.136,571.04
0.05089856515349096,0.0559999698987669,0.42434007127109413,5.367514395902383,1.3600312843208724,0.9958231650111775,0.35329259219051606,0.35442191872110307,0.9115196850067374,0.10195409188606562,5.213314640321824,0.25263240170474993,0.47199999999998,0.47199999999998,1.8812760766743346,0.20000000000004547,0.8880000000000337,0.9933339685591284,-1.7319549822554932,-0.7273892841122792,0.029969802491302537,-0.0640199517075424,3.5800572802910255,1.057677864811714,606,571.04,571.928
0.05291838826859165,0.05600000025324603,0.44392895968958007,6.522141714686698,1.4825355297891667,1.178321728400539,0.3582856957133456,0.3430060033628092,1.100558913513257,0.11377297250961378,5.291335242790233,0.3501960044609135,0.4959999999999809,0.4959999999999809,2.098241574046704,0.22400000000004638,0.9120000000000346,0.9936247375518599,-2.314076683550059,-0.8450583260268256,0.016722763363253765,-0.058567671556535146,4.5620455942920835,0.9716346713059575,607,571.928,572.84
0.05271032828761986,0.055999999168357455,0.4553519509807601,6.59096754693265,1.6251187257562003,1.1192844144981338,0.365216791267303,0.34068627647569105,0.9505557357709887,0.11094844190167788,5.787677712354202,0.2870443783593414,0.47199999999998,0.47199999999998,2.1760953806911343,0.2239999999999327,0.8799999999999955,0.9922615015970445,-2.4566927170865713,-0.8277579016528248,0.07184997176178684,-0.09870127558479011,3.107060583714604,0.9540474181266403,608,572.84,573.72
0.12958942008244895,0.01751207182659709,0.2742546852234998,4.782842027117291,4.518628297643955,4.089499576961686,0.671999999947864,1.3440000000000507,0.2639999999999839,0.14352486095853378,1.039999999999964,0.9906125747646315,0.33600000000001273,0.33600000000001273,2.2593141488219795,0.2880000000000109,1.0399999999999636,0.9960194511635656,-1.8456546762864772,-0.4249510158040191,0.4268924344404885,-0.42468806929285596,1.6728406751480924,0.8797901269250784,609,573.72,574.76
0.060742071429871314,0.06399997177272797,0.4400094436862177,6.0217620606864415,1.3920148972158979,1.2262871023500563,0.35373613093668177,0.32581410581733333,1.419880037572542,0.110717655694602,4.868099752656512,0.3923921958828818,0.5040000000000191,0.5040000000000191,1.9659651345846947,0.21600000000000819,0.9679999999999609,0.9921882801244741,-2.0613155469715854,-0.8529330361868638,-0.06556774466102078,0.012621789407472554,-16.97986257738451,0.8797901269250784,610,574.76,575.728
0.05712477240780909,0.06399999934800847,0.4137601953491372,7.444695952241535,1.355773890370949,1.4734697678606132,0.2897247828398098,0.38846558032889406,1.706352329803246,0.12204556158092367,4.521626094429508,0.46177805886618545,0.33600000000001273,0.33600000000001273,1.9110858403722806,0.21600000000000819,0.9840000000000373,0.9951102041475851,-1.7904955963914164,-0.8655525120321488,-0.08985616404101464,0.07221162109519069,-1.6174119283890105,0.863118876515518,611,575.728,576.712
0.05427055269876375,0.05599998100624425,0.4136537982552314,5.133971890408013,1.178682829921313,1.0029020763222591,0.32288607659696866,0.37420391849572315,1.13450643144166,0.10068343865306337,6.251990209479505,0.2572937113352467,0.4800000000000182,0.4800000000000182,1.7592116607810204,0.20000000000004547,0.9360000000000355,0.9914245309303404,-1.4138953790290127,-0.7204277190466695,-0.0163991209499322,-0.011480752755325126,14.520839913196683,1.0254345673162995,612,576.712,577.648
0.059896421280918884,0.06399999915819321,0.41923775531375024,5.902233762020522,1.4122906380126958,1.006374047573713,0.3269315819548742,0.3173441407148767,1.2126218390881776,0.1116582600106731,7.302223523439032,0.17393679982867055,0.4479999999999791,0.4479999999999791,1.7446177491535744,0.20799999999997,0.8959999999999582,0.991411758376794,-1.6216958316017305,-0.714582140379167,-0.01947461753355076,-0.024814056147857037,8.309589989822477,1.158377102633568,613,577.648,578.544
0.060645097300437635,0.06399999267739698,0.4545759421839453,5.901541900402695,1.4438945786432609,1.1656932956451733,0.35196779104687975,0.3587550613073234,1.0149369210312618,0.10914617588875135,5.924412972464904,0.2982447567551047,0.5120000000000573,0.5120000000000573,1.959487939300734,0.21600000000000819,0.9120000000000346,0.9925203678736358,-1.9289275270420985,-0.7715094087373764,0.010734311732784545,-0.05433828819270233,4.528249716454539,1.1250956686657632,614,578.544,579.456
0.06110726657157087,0.06399999350359317,0.44250643558940916,6.573892769946719,1.4853592596821477,1.1488402789249532,0.35453974741547456,0.3296866919577045,1.2136602534433754,0.11578213759440516,5.36975894803385,0.33481756635049464,0.4959999999999809,0.4959999999999809,2.052858945405264,0.2239999999999327,0.9519999999999982,0.9909736019215161,-2.3017746490241313,-0.8767795861029078,-0.009225794939668804,-0.041141168248936696,6.672220858589207,0.9755429497902501,615,579.456,580.408
0.0613707526636001,0.06399999929857805,0.44763859159245295,6.466142657449185,1.421588905428889,1.2582976991179997,0.3499476159785693,0.31624783660524874,1.4070744958296693,0.1124862256561037,5.109396474182223,0.39602807658842776,0.4879999999999427,0.4879999999999427,2.061206904510665,0.2239999999999327,0.9679999999999609,0.9931318280554653,-2.282675033701173,-0.8988884372568958,-0.07123979538233152,0.01121124919843658,-20.39439507075605,0.9755429497902501,616,580.408,581.376
0.060123587759360775,0.06399996419990535,0.44029306273997426,6.032110132685818,1.402659311709632,1.3584168242839982,0.3395130846923166,0.354912812631556,1.7905268228428453,0.10515878256709713,5.253191239450279,0.47757418333829815,0.4800000000000182,0.4800000000000182,2.0312336855591466,0.22400000000004638,0.9680000000000746,0.9902442335068773,-2.05105027396859,-0.8709158452636583,-0.07652548166733313,0.026010972103915626,-7.402294158735671,0.9442767219159082,617,581.376,582.344
0.05873287601229027,0.06399999727098778,0.425274443392695,6.295863141511039,1.4382900528001221,1.3171452035531515,0.33983599114733476,0.3119632201690149,1.6146196186614357,0.11199165150209624,4.529534277118928,0.4151737529472936,0.5039999999999054,0.5039999999999054,1.9527627712229967,0.20799999999997,0.9679999999999609,0.992004374515947,-2.0649170490260365,-0.8695316316221662,-0.10642666495358626,0.04894151043437881,-3.8195872706668874,0.9823824371377625,618,582.344,583.312
0.05384793318771866,0.05599999692828807,0.41084167763507906,7.750366031526103,1.4912003567964598,1.2992740173502664,0.30192650313001673,0.298903894275912,1.5957039400909816,0.12268246052664401,5.165441851486307,0.30562295981948173,0.33600000000001273,0.33600000000001273,1.9403506698136557,0.20799999999997,0.9360000000000355,0.9939121911629168,-2.088231849427115,-0.8788629943987686,-0.13934021153289852,0.08202681696373251,-1.8413739066749182,0.9403684434316157,619,583.312,584.248
0.06927333773887018,0.07199999768854612,0.43891990956914617,5.864712013407826,1.4470841131016818,1.1491982245659376,0.3393241889968324,0.338019738811418,1.000470388449329,0.10625359706471008,5.956712708932428,0.2413490931824441,0.4959999999999809,0.4959999999999809,1.9170581244745126,0.21600000000000819,0.9199999999999591,0.9896662473665224,-1.849488186001709,-0.7670187732197511,-0.004548154651520824,-0.04163247013415973,5.607413656868129,1.1319351560132755,620,584.248,585.168
0.061350616823359225,0.0639999921768851,0.44782394602266123,5.996787484446394,1.4406056672014151,1.1490652204439158,0.3407697727191868,0.34628083558076084,1.0473633594327985,0.10944301904013534,6.053438842604368,0.27825079129517943,0.4800000000000182,0.4800000000000182,1.9119901420887524,0.21600000000000819,0.9039999999999964,0.9919667870240687,-1.8649751878288756,-0.7603901765713298,-0.006046439284535131,-0.0401862500522736,5.735690786592298,1.1221644598025435,621,585.168,586.072
0.05210425349254438,0.05599996542104184,0.4377748885161767,5.744719266022978,1.27073247125259,1.1560072819937117,0.3271210947752628,0.3752532152984729,0.9905811308676216,0.10162136262086162,6.317619977716398,0.31220761418839676,0.47199999999998,0.47199999999998,2.010912625726796,0.21600000000000819,0.9120000000000346,0.9912159416704406,-1.7731468934972394,-0.782998039095299,-0.0004380861014187517,-0.035902204720625136,5.628088078355852,1.0391135420113236,622,586.072,586.984
0.06000593091119624,0.06399996696355485,0.43569373393026845,6.177075023759093,1.2295941229338263,1.0991077836353185,0.317173438720186,0.32145911075223155,1.203452179929455,0.10571742594866188,4.3258170685868835,0.3565546116008202,0.34399999999993724,0.34399999999993724,1.9857711968645202,0.2239999999999327,0.9359999999999218,0.9919258569034712,-1.8517411339147891,-0.8188790633044595,-0.04672990998633747,0.009178500515079797,-18.880931525973143,1.0391135420113236,623,586.984,587.92
0.09221010533916982,0.26425665010368604,0.4576292400705019,20.496247102636474,4.099249420527337,4.099249420527337,0.2824809866917393,0.49878068344901033,4.127999999999928,0.20953821666075198,1.9880397279367055,0.8999043177877232,0.40800000000001546,0.40800000000001546,2.049624710263669,0.26400000000001,1.0960000000000036,0.9970999689105712,-2.0537705878688515,-0.9086756981886874,-0.2376454611118648,0.10684820256458338,-1.1550390413184368,1.0010078267894698,624,587.92,589.016
0.06131243706346101,0.06399999013760091,0.4400231459594642,6.041335831297062,1.5249130992620938,1.5452953706191799,0.3594855726751661,0.37708405657575295,1.9008987732165403,0.11033004778687047,5.858154260204271,0.48444181000020786,0.4880000000000564,0.4880000000000564,2.0245287324243835,0.22400000000004638,1.0080000000000382,0.992022883302572,-2.188683219689673,-0.9131435116423918,-0.1076833128943232,0.05011472158360869,-3.9661665049878345,0.9853136460009821,625,589.016,590.024
0.06899927622934113,0.07199996865988267,0.42810003764160076,6.725978669347495,1.4529200062429073,1.2737791029435075,0.3208092481598372,0.306330221727945,1.28916344285579,0.11436924937583787,5.624096093436406,0.2988506958402241,0.4879999999999427,0.4879999999999427,1.9287006061609628,0.22400000000004638,0.9360000000000355,0.9915528054786793,-1.9953864668962957,-0.8255274878832658,-0.08005867848909837,0.022296425665829706,-8.702104774542192,0.99703848145386,626,590.024,590.96
0.05906703547102012,0.06399996845930873,0.430519548873504,5.588774456190071,1.360395399269817,1.0651583773375666,0.33303476983844404,0.35931878843587095,0.9962140450693072,0.10329777324903146,5.516120366838923,0.27315621770546245,0.47199999999998,0.47199999999998,1.8634667365898334,0.20799999999997,0.88799999999992,0.991676954911077,-1.6638519210124167,-0.7195013072373221,0.011982969845686848,-0.050617530869697884,4.189459192619482,1.078196326854251,627,590.96,591.848
0.05423313007076885,0.055999996725109684,0.44890457620972224,6.212448551145301,1.3590156649354141,1.0900647209428245,0.34483009445070717,0.32318879126400196,1.1485704186369396,0.11333268646566723,5.759244515957954,0.3627233204502931,0.4800000000000182,0.4800000000000182,1.9362712984709614,0.21600000000000819,0.8960000000000719,0.9908272484745395,-1.9485086182290015,-0.7707501925735187,0.010763623404451512,-0.0528082985118485,4.654777136798478,0.9149646332837134,628,591.848,592.744
0.05279114762660973,0.05599997615255515,0.44726884956097324,5.997754026633506,1.344963788844131,1.316511536402254,0.34569618744839803,0.34728699751488934,1.7220078909852292,0.10953374721362935,5.498772439962024,0.47155485728764757,0.47199999999998,0.47199999999998,1.95285901643946,0.21600000000000819,0.9599999999999227,0.9923837851669618,-1.990841473532111,-0.850455515637492,-0.07717094762729801,0.02887650896282315,-6.511554564444046,0.9149646332837134,629,592.744,593.704
0.052348419514440456,0.055999999603299204,0.452654834975696,5.51297710468572,1.5749126165388194,0.8423367410632974,0.36894005551135933,0.360397580756897,0.5797640820033478,0.10929620745424505,6.830085067467057,0.16201640000345505,0.4800000000000182,0.4800000000000182,1.8085364666840005,0.20000000000004547,0.7760000000000673,0.9938703397016024,-1.574382680032454,-0.5501657388553618,0.1606817376615798,-0.15397211841094935,1.7535496926270608,0.970657601684884,630,593.704,594.48
0.23199999999997087,0.21087309102984536,0.5063568525366765,15.850420237962913,3.17008404759653,3.17008404759653,0.7427460787714547,0.18399999999999753,0.22050208029880022,0.3491573817044363,1.733453968536815,1.0879999999999652,0.73599999999999,0.73599999999999,1.5850420237982652,0.4639999999999418,1.2799999999999727,0.9647616204843844,-1.4828240423168886,0.2977977108555441,3.1336589311843093,-1.024015534205288,2.5897172617050344,1.0723339091278115,631,594.48,595.76
0.04727109093351249,0.04799998534579433,0.41833143215466995,3.9563704526042605,1.124271633697984,0.7257393007008587,0.3213372879090931,0.3345710805183241,0.7050378913248776,0.09498829537150992,6.339425199528083,0.11803141388126419,0.4479999999999791,0.4479999999999791,1.3315079720027854,0.17600000000004457,0.7680000000000291,0.9935145101736416,-0.8007471841756543,-0.4396797450394947,0.015348983621110451,-0.045824454381090306,3.0280498356789525,1.237519741940496,632,595.76,596.528
0.16800000000000634,0.12316542487876644,0.13385758621662422,15.111164012627981,0.25589034965709134,3.0237131831524917,0.231151510616908,0.12000000000000456,0.18299999999997854,0.15441172122986824,0.967999999999961,0.37730729859821605,0.4800000000000182,0.4800000000000182,1.511856591576246,0.33600000000001273,0.9679999999999609,0.9440435817937578,-1.5778578675413817,-0.6858176081631524,-0.2814992696476738,0.18838128835298312,-0.38259237063273555,1.237519741940496,633,596.528,597.496
0.10630127953686998,0.11199997236667562,0.45897404039377243,7.006994274612395,1.5462839332850662,1.5346514862239893,0.27824803831721456,0.29500772903029054,1.7854396265664687,0.11320469106749309,7.311670928725241,0.2737029651669466,0.5199999999999818,0.5199999999999818,1.6947850593274782,0.2319999999999709,0.9759999999999991,0.9901081165561172,-1.6047791211334366,-0.7741128852958251,-0.19202434998194767,0.13032433527016152,-0.7213606433899264,1.3831641823317158,634,597.496,598.472
0.06876244841328494,0.0719999852500743,0.42119540080374196,6.203672094875719,1.4538472300151775,1.5340984805972242,0.28589638002315454,0.3230101559450933,1.6549516207575974,0.10326776002285816,6.716240680249534,0.30753214085216385,0.4959999999999809,0.4959999999999809,1.7760727967400856,0.19200000000000728,0.9680000000000746,0.9931307583959692,-1.5705105074733792,-0.7992558742456896,-0.15787332980424726,0.12941805254038002,-0.6643979694993553,1.2648776913305446,635,598.472,599.44
0.05256044484637237,0.05600000015198482,0.4066042085807047,5.188998917079281,1.1882940738694765,1.2072574826275932,0.27125945372491594,0.3072250008172016,1.3128459173928966,0.08432197373286322,5.841150190300949,0.2335349644179339,0.4399999999999409,0.4399999999999409,1.757727780389486,0.17599999999993088,0.9519999999999982,0.9899780006032177,-1.2845347545332066,-0.7397995673964519,-0.09660577083937519,0.09584032467845148,-0.8186532951041039,1.2903425683297647,636,599.44,600.392
0.052471063086686524,0.05599998977772623,0.40062502023547103,6.106256306266046,1.3567650850114217,1.1743566544038093,0.2713878433928947,0.2801135015286928,1.2216397448707277,0.09197219615321175,6.031649873360739,0.16391005361446276,0.4479999999999791,0.4479999999999791,1.886650960940631,0.17599999999993088,0.8799999999999955,0.99247806017479,-1.5669332923576196,-0.7631841298434391,-0.09988784261794481,0.06554753565183562,-1.7367569313565874,1.023480428074153,637,600.392,601.272
0.09311011311641507,0.09599998629432777,0.4438065872369703,7.159068317454904,1.57741587943576,1.3050393994496967,0.25983772396633703,0.27314920132183257,1.416226578544351,0.10334958601320234,6.8915860913908285,0.15228785463429304,0.4799999999999045,0.4799999999999045,1.8079046763629576,0.20799999999997,0.8799999999999955,0.9931160260937353,-1.6089767953576986,-0.7289644907389576,-0.1506571970745714,0.07826583075392604,-1.4954469393144152,1.0713568395067385,638,601.272,602.152
0.11688669106722432,0.11999998412713767,0.4692528590757586,9.036417069441983,1.9283277969446626,1.909247356385895,0.2667717204947439,0.2732501991763918,1.89684927739936,0.11775351740765383,7.5418740025528965,0.2574729749717129,0.5279999999999063,0.5279999999999063,1.9097839115096145,0.2400000000000091,0.9759999999999991,0.9935250006263839,-2.217979794536627,-0.9048655699549821,-0.35272203222966064,0.19843756511310104,-0.4483317525970029,1.1055542762443,639,602.152,603.128
0.07646575923218664,0.07999999185458741,0.42400389116092657,6.594637010063904,1.3582192391593528,1.3960913612372008,0.27771470619585925,0.2764455815303412,1.60644061591723,0.09918263839491731,6.464790441473584,0.2584221105589367,0.4879999999999427,0.4879999999999427,1.9223268173173258,0.1999999999999318,1.024000000000001,0.9901040044638222,-1.7841294236482985,-0.894886701926458,-0.16587170754691788,0.14385869508671006,-0.5911267956358209,1.1192332509393241,640,603.128,604.152
0.07029487415458498,0.0719999927198338,0.4160426905601725,6.144474344757046,1.3534074349596996,1.5281754276766604,0.28613493132001433,0.30519828571092006,1.6842957453603704,0.09283836132037716,5.881710623272596,0.31985002493410586,0.5039999999999054,0.5039999999999054,2.020499334145378,0.1999999999999318,1.0480000000000018,0.9922360167352154,-1.8127800653551802,-0.918908640794828,-0.16670501053919434,0.1715950977422609,-0.30438613360089745,0.9931302029695674,641,604.152,605.2
0.05201354329537215,0.055999998802292755,0.39723272379617813,7.786267689412269,1.3232452551671459,1.106469158182982,0.23421301120456478,0.28280318863697207,1.5190876321799653,0.1021282908987924,2.827817910127475,0.20091950792917307,0.2719999999999345,0.2719999999999345,1.922356083387198,0.16800000000000637,1.0,0.9918840766576247,-1.5519174831401663,-0.8615171922356996,-0.12906742699868323,0.15008523483467423,-0.2832587177099611,1.0312969850427383,642,605.2,606.2
0.05216238577541091,0.05599997302928362,0.4007702010008002,5.503348525844735,1.1977486053667439,1.297045683062758,0.2843441945573769,0.30450210784921,1.3777045394832461,0.08918897994117914,5.821774879816136,0.2454717359586021,0.4639999999999418,0.4639999999999418,1.8688178124340817,0.16800000000000637,1.0,0.9919860144380404,-1.5000651166822967,-0.8221316850522805,-0.10734075436151125,0.11801837627078876,-0.5647566184562046,1.1143479028339585,643,606.2,607.2
0.046782247332422686,0.04800000658108422,0.39866690331794563,5.400955649863161,1.3023331041553867,1.2417473920111735,0.3010156161012119,0.3381262158568015,1.1308912688590513,0.08817180589180836,6.078098437899934,0.2283160885272913,0.4639999999999418,0.4639999999999418,1.9488019682971633,0.16800000000000637,0.94399999999996,0.9896358552592519,-1.615584897772976,-0.8083896961253298,-0.0627732592470561,0.03808043318940841,-3.7669906622710756,1.057677864811714,644,607.2,608.144
0.05183738151560007,0.05599999792751012,0.3960800466481031,5.941535597812294,1.3626758105598633,1.175343121753253,0.2759673833658643,0.26639880394960597,1.2947795821336971,0.0901656104344977,5.772800590583237,0.16784216974929667,0.4479999999999791,0.4479999999999791,1.869885084925284,0.17600000000004457,0.8880000000000337,0.9926304304676377,-1.580031041314223,-0.7704437561377866,-0.11348957780520778,0.078220513075367,-1.4141396678328875,1.086012883822836,645,608.144,609.032
0.052605507761019535,0.055999991575728277,0.4102470896597107,6.0086294123324855,1.4567939325271457,1.1982736011729274,0.3015829432466475,0.28547465673620537,1.1589651311035747,0.09552070137662536,6.148096888279533,0.18835516136457872,0.47199999999998,0.47199999999998,1.898614645222457,0.18399999999996908,0.8719999999999573,0.9942828352405684,-1.7698742562003305,-0.7734166633511509,-0.09557285134321733,0.042987269816252824,-3.5432358270438526,1.1163020420761045,646,609.032,609.904
0.060620935560237676,0.06399995432043855,0.42435237294684175,6.280827663219056,1.4186384387870066,1.3439695593196956,0.3036554331940616,0.3311351398360537,1.3499458580378336,0.09841564644891422,5.990225094575517,0.29342739016404407,0.35199999999997544,0.35199999999997544,2.0118638014745853,0.19200000000000728,0.9199999999999591,0.9932772940997594,-1.9199657930930514,-0.8367124700276706,-0.09941239810929373,0.05641383669578488,-2.484383923083506,1.1828038431603978,647,609.904,610.824
0.053108683707032936,0.05599997944031869,0.4157297250293297,6.6563045304515125,1.6485069682569813,1.5380198210047777,0.3275302644097971,0.3623087475487817,1.8273217060955678,0.1022179573431787,4.154126374484122,0.40529060520103305,0.4640000000000555,0.4640000000000555,2.2056422517561547,0.19200000000000728,0.9840000000000373,0.9941471444501723,-2.444677822915846,-0.9916807378643848,-0.15462445022097382,0.102957639057041,-1.3906898186052283,1.0889440926860559,648,610.824,611.808
0.05378045023135235,0.0559999954286971,0.4029382987938218,7.391398617641279,1.3048628549421148,1.0825956231272078,0.25254435772502337,0.37703142374465803,1.1744367835729679,0.09948790893023114,2.557814921088626,0.24140063549538374,0.2319999999999709,0.2319999999999709,2.2569169987835718,0.18399999999996908,0.9919999999999618,0.9928802617555199,-1.781766106551864,-0.9079673716021571,-0.06553941303667327,0.07614467584505483,-1.025923118551057,0.9970384814538602,649,611.808,612.8
0.05241997472597623,0.05599998109264157,0.4001927997385361,6.371940005329346,1.6268062592029795,1.6852807130721614,0.31624724940129084,0.3106996105709341,1.559632041734815,0.10517044491975062,3.4988146940729195,0.3820289465684506,0.4640000000000555,0.4640000000000555,1.9204618464371936,0.19200000000000728,1.0080000000000382,0.9937198424304968,-2.034343588047124,-0.9347535700677269,-0.21073119803152907,0.17019301450209556,-0.5438047429815311,0.9218041206312252,650,612.8,613.808
0.04585583994319009,0.047999966400143604,0.39230719733097125,5.7483203637683955,1.484059554633369,1.2434995547964571,0.3258382548212257,0.3114691225949322,1.8852255193403487,0.10218521069347623,3.115636102472919,0.36993056407689384,0.4560000000000173,0.4560000000000173,1.849458160308511,0.18399999999996908,0.9840000000000373,0.9942473798627603,-1.8115576307503922,-0.863295781823446,-0.16015903167424456,0.13385696108579606,-0.7609525820390527,0.875881848440786,651,613.808,614.792
0.045207952813593785,0.04799999939602754,0.3968305717478635,4.980014846243647,1.1360314869497448,1.02697108023106,0.2895930351284344,0.34671614715519905,1.0489630496723439,0.09068358980258796,5.945116754610966,0.1911580541384096,0.4399999999999409,0.4399999999999409,1.7135744702585665,0.17599999999993088,0.9199999999999591,0.9905034331689855,-1.2275060007997536,-0.6972235238451958,-0.03282749423319144,0.01441147124360145,-8.889358172194232,0.9774970890323967,652,614.792,615.712
0.05244188621271756,0.055999997980312945,0.3859875744796097,6.231229025109285,1.1724827613517568,0.9334193109264746,0.26898726863941,0.27607086236698775,1.245084222469498,0.10264540654902474,5.888409677638892,0.14365078120716845,0.34400000000005093,0.34400000000005093,1.710424449553775,0.18399999999996908,0.8880000000000337,0.9935084168429272,-1.3668673890847511,-0.7156687818751232,-0.04744118262657631,0.022120743755115763,-5.818305979723568,1.029342845800592,653,615.712,616.6
0.05227923161910491,0.055999997496735225,0.4200223576597314,5.748542519740091,1.417089718127298,1.1998043472561073,0.32501904323929015,0.30705061943550954,1.2515409699498015,0.09631185658119897,6.11254630327979,0.2699161235208574,0.4879999999999427,0.4879999999999427,1.9457301369156477,0.18399999999996908,0.8959999999999582,0.9937290795503576,-1.8574572129808464,-0.7922635549672162,-0.07627488204467198,0.024808811707583162,-7.115026218986313,1.1730331469496658,654,616.6,617.496
0.053295701950065236,0.055999966085779715,0.41599865025704136,6.784297475912545,1.5446416106761482,1.1491476705887058,0.3278271811167998,0.31741827962546376,1.239684559261777,0.10921384365221244,3.98687734932331,0.27438201179482485,0.4880000000000564,0.4880000000000564,2.0806264772793326,0.20000000000004547,0.9360000000000355,0.991293251827854,-2.28645206770968,-0.9048808451782526,-0.07027405044987607,0.016325909308524844,-12.87857805392378,1.1534917545282024,655,617.496,618.432
0.0623400045794693,0.06399997773236167,0.440001627336674,6.389216279792087,1.5112532563272267,1.320665557786097,0.34098546042223693,0.3670588712544783,1.2995597932286347,0.10730761645142337,5.3216269546528165,0.3303733010500438,0.4959999999999809,0.4959999999999809,2.116894987277181,0.20799999999997,0.9679999999999609,0.9934736482674453,-2.2582740494465643,-0.9071505132117808,-0.05844864284798593,0.007270469886307054,-29.656287954401037,0.9335289560841032,656,618.432,619.4
0.054770239740719484,0.05599997137071626,0.4319934390894625,6.087479548324659,1.2823998576635407,1.2338045092106318,0.33081537642001185,0.30744472124291417,1.4282487080588606,0.1002370060443622,5.563502023612731,0.39692636312937524,0.4800000000000182,0.4800000000000182,2.0894735027668494,0.20799999999997,0.9600000000000364,0.9913586901682799,-2.1107717993073947,-0.8951274493829391,-0.08204700103299578,0.03599872640443788,-5.098214594898059,0.9003085889676152,657,619.4,620.36
0.05149220293439455,0.05600000005009287,0.40942660336853937,5.644961138760169,1.4044873468322,1.0188457793747514,0.33706435206271645,0.3640781360711741,1.5848096338073259,0.10065406036254272,2.889963091565103,0.4653305481176255,0.4560000000000173,0.4560000000000173,1.9732226338791512,0.1999999999999318,0.9199999999999591,0.9919590451042503,-1.8347456517604237,-0.7961649203144782,-0.022260574993007126,-0.015209789886847442,12.63203224793345,0.8944461712411765,658,620.36,621.28
0.051279913257370476,0.0559999990790188,0.4136629571309125,5.6712445554685615,1.3309181763264668,1.0631430833960749,0.335648035673514,0.35739465877637183,0.8945347734460274,0.09653317871201605,6.261828364856247,0.21221010832447804,0.4800000000000182,0.4800000000000182,2.0529523384541,0.19200000000000728,0.9120000000000346,0.9929279339728938,-1.9224273859322654,-0.8123285476419475,0.020564437700431672,-0.054876210068011196,4.046377746095517,0.9042168674519081,659,621.28,622.192
0.04699124463508642,0.04799999257941881,0.41852697465264643,6.026641402427926,1.4484727659067658,1.032552090122219,0.3433596133322274,0.34109446535921767,0.880231058735274,0.10354648155212405,6.259092770340351,0.20055055551760276,0.4560000000000173,0.4560000000000173,2.070587075889355,0.19200000000000728,0.8799999999999955,0.9906684424337633,-2.0405123108160845,-0.7954490696607385,0.03280424347820863,-0.06492797027543473,3.7718064149315986,1.079173396475324,660,622.192,623.072
0.05856882710833378,0.0639999572059806,0.4271313263672704,6.9259712475549655,1.5788567751736287,1.2622321860754566,0.3376445525556894,0.30980547589080165,1.194865669946219,0.11178046580175247,5.383993134434892,0.2957506632477635,0.47199999999998,0.47199999999998,2.1053718600331353,0.21600000000000819,0.9039999999999964,0.9945007572896002,-2.3824666395961516,-0.8648943222688613,-0.047133078310100066,-0.014399615014289895,16.40108536724651,1.0205492192109333,661,623.072,623.976
0.05133316674643602,0.05599999141463734,0.41088240636673307,8.715187802755855,2.1485901483605523,1.8439148773563072,0.2943252786362845,0.4243833631993065,1.7774590390340095,0.1181684406858508,4.925861846689276,0.33509402009720557,0.32000000000005,0.32000000000005,2.2728692553475183,0.20799999999997,0.9039999999999964,0.9930698069640188,-2.6198505235902148,-0.9655298811619627,-0.15862541448327908,0.07616243096482499,-2.1373850614137355,1.0205492192109333,662,623.976,624.88
0.05248035416072002,0.05599999766537816,0.4464524859668552,6.09793444252322,1.5892930720127194,1.0259516826425559,0.37054933704343007,0.36073903570956245,0.8178583123476026,0.10903957730571394,6.108918831461669,0.23562747288390343,0.4800000000000182,0.4800000000000182,2.0780830589524615,0.20799999999997,0.8640000000000327,0.9932091453695423,-2.167134437354551,-0.755743165238882,0.10515647596744107,-0.1197754565074468,2.4993808978294987,0.9169187725258594,663,624.88,625.744
0.07850666933502143,0.07999997548545257,0.4781090055979461,7.17472469211124,1.6467641015897236,1.1727611668926265,0.3625601151373188,0.31456667578357206,1.1199159294249728,0.12294156440757022,6.517527552239562,0.2861455792619873,0.5040000000000191,0.5040000000000191,2.0965407295482628,0.2479999999999336,0.9199999999999591,0.9916686610743471,-2.508281870516318,-0.823707759128695,0.023638597702080037,-0.07868155517371234,4.037087415192415,0.9403684434316157,664,625.744,626.664
0.059177272788831156,0.06400000120028902,0.41923448657555534,6.628694628058506,1.517319805265213,1.1769592431565732,0.3309632199902984,0.3004823488130401,1.1286778814669243,0.10970105120201082,5.256623546312695,0.2813384013705715,0.4640000000000555,0.4640000000000555,2.016398636604023,0.20799999999997,0.8799999999999955,0.9910320474328506,-2.122678952368012,-0.798309870803025,-0.029074176413235477,-0.025177841681205973,8.976711228723692,1.0127326622423478,665,626.664,627.544
0.05232904027974487,0.05599999566933321,0.4171945529199082,6.365301689480926,1.5045930043790061,1.10264618046954,0.33342613633035845,0.32239391138439594,0.8974899236833697,0.10853007328344728,5.518848232531287,0.2309643286607866,0.4640000000000555,0.4640000000000555,1.989434202023297,0.20799999999997,0.8559999999999945,0.9923620604116152,-1.9885080884178683,-0.7555957263185872,0.02093570871944743,-0.058913956609837934,3.9996336937777635,1.052792516706348,666,627.544,628.4
0.05284043809401829,0.05599996354845445,0.44828910924180815,6.654888580491054,1.576831117596552,1.1810335195941912,0.35429577769776593,0.3366030824975384,1.0540943470298163,0.1109205129293452,5.552358470347543,0.3092772116499857,0.4640000000000555,0.4640000000000555,2.1602936892636992,0.22400000000004638,0.8960000000000719,0.9915517129538406,-2.4160959039138854,-0.8528567178420373,0.021023257519786055,-0.06403362035480283,4.3508687857146455,0.9745658801691772,667,628.4,629.296
0.05396810545505705,0.055999960398695016,0.44029235942054024,6.5098658754804095,1.3384932380680639,1.3068124964448158,0.336318398243064,0.32039673428394694,1.567896925171184,0.10851812519137377,4.577430721857888,0.44298742436309524,0.4799999999999045,0.4799999999999045,2.081967415982322,0.16800000000000637,1.0,0.9930496976272271,-2.2943351150400453,-0.9619367674849901,-0.10929887753847631,0.06191973786780318,-2.8832384510923434,0.9745658801691772,668,629.296,630.296
0.06178119721209511,0.06399997362876624,0.44970491703089227,6.258492670003936,1.431101534071502,1.226225087499669,0.360382162260477,0.33934469089076047,1.4623181181019418,0.10927067570119542,4.983377165651339,0.41217355595191685,0.4799999999999045,0.4799999999999045,2.1328175756540033,0.2319999999999709,0.9919999999999618,0.9915122339484637,-2.367728125096113,-0.9324298406613961,-0.054320538671103306,-0.0013024513375088902,188.9521178386966,0.9491620700212741,669,630.296,631.288
0.05441500219430056,0.055999999782837775,0.4423953835697963,6.141820553735011,1.4478434710411636,1.220563388683713,0.3552557918581781,0.3372798028270066,1.2890649487553867,0.11056361671097684,5.447226305334516,0.35148305481331277,0.47199999999998,0.47199999999998,2.0320299432114837,0.2239999999999327,0.94399999999996,0.9920231412007758,-2.143539369773598,-0.8525538765654301,-0.04594352963960513,-0.0066987424919513205,34.594624347543814,1.04399889011669,670,631.288,632.232
0.059897753794027044,0.06399999236562795,0.43837515470413796,6.5024689253849495,1.4181222522593782,1.1550827872954963,0.33247712796146184,0.3392338166405419,1.0611345526874332,0.11636279069075214,5.705329583313593,0.2746717754780158,0.47199999999998,0.47199999999998,1.9344346721759889,0.21600000000000819,0.9120000000000346,0.9924871540839637,-1.9332904565452984,-0.7860226126328532,-0.01920120303599055,-0.026886652127491573,8.118944214956372,1.0068702445159086,671,632.232,633.144
0.06020707908220245,0.06399995572525406,0.437990808101521,6.276226948241938,1.497304073017288,1.1113879120178138,0.3387722974623914,0.3425450819050877,0.9363486528035228,0.11127864000954428,6.046156986117394,0.23707595852169222,0.47199999999998,0.47199999999998,1.9531415618865462,0.21600000000000819,0.8799999999999955,0.9915091693374816,-1.9421965328117685,-0.7515642818936531,0.0218052285751034,-0.06270422764716273,3.8794746703444876,1.0264116369373724,672,633.144,634.024
0.0598037122636704,0.06399999533167768,0.42401099603854014,6.052180296909251,1.4775630901666907,1.1158987007790027,0.3201858221201488,0.3447206674872504,0.9056983010694173,0.1053283381467008,5.761954720251271,0.21573556894602836,0.47199999999998,0.47199999999998,1.9019452135276556,0.20799999999997,0.8640000000000327,0.9915414926570975,-1.7426903272103875,-0.7218057992507063,0.012849332784989816,-0.05318967341259564,4.075431887122253,1.0488842382220556,673,634.024,634.888
0.060827920125650525,0.06399999699052217,0.4273335510598276,7.355354454709496,1.8091129695491515,1.6186439267721187,0.3336767675232368,0.33549107481713897,1.6138328360605907,0.11995400213871113,7.491078739586451,0.3548855407203386,0.36000000000001364,0.36000000000001364,2.0098293093739237,0.21600000000000819,0.88799999999992,0.9934916232077532,-2.3316527430018295,-0.8263060513819528,-0.10083313052941045,0.012207953513186655,-18.62281610188031,1.0488842382220556,674,634.888,635.776
0.055548354636116376,0.055999981616638314,0.4565700845328423,6.7608291135411,1.5957543695127292,1.2453821984940299,0.35307439279921127,0.32036685351732863,1.2492715197764694,0.11467639628513963,5.816687211178257,0.33528781127388346,0.4720000000000937,0.4720000000000937,2.088759992281864,0.22400000000004638,0.9039999999999964,0.9906891093156683,-2.3778762426467757,-0.847171071305099,-0.03135179512416388,-0.030720120296295065,8.656702342654548,0.9677263928216644,675,635.776,636.68
0.06699114189249648,0.07199999984278949,0.44799921436292184,7.929918028992598,1.234451054792347,1.1350402725200208,0.2864849116964546,0.33545930208112945,1.5246770458598242,0.11622040813546333,5.803708799451951,0.36145868175885637,0.36800000000005184,0.36800000000005184,2.1426592517192997,0.23200000000008458,0.9519999999999982,0.992076048544859,-2.1235217262401185,-0.9072030931801658,-0.06687941191913266,0.02916030253516779,-5.387787602695444,0.9677263928216644,676,636.68,637.632
0.0755040494487508,0.07999997253859013,0.4639954349344125,6.568192222991463,1.4658619936099349,1.39361290942804,0.3431066685426148,0.33174245529373636,1.5133020763131946,0.11359125951165619,5.886803916641881,0.4091130704892656,0.5040000000000191,0.5040000000000191,2.0449473364124593,0.2400000000000091,0.9759999999999991,0.9904926102767923,-2.230391105140425,-0.8822534351092215,-0.08142964193830263,0.014377194579191408,-15.446689571225706,0.9315748168419573,677,637.632,638.608
0.061282263411616036,0.06399999235158343,0.433542223127956,6.526106079621435,1.4489346258378397,1.285140929054184,0.32171940667205073,0.3325673773712493,1.2915930487545944,0.11380576453667532,5.735159923290151,0.3150930577461595,0.4800000000000182,0.4800000000000182,1.913069934076185,0.21600000000000819,0.9200000000000728,0.9923862759411622,-1.8955987130368759,-0.7988261227482819,-0.06946047120880583,0.016760789260860283,-11.187303504219685,0.9794512282745426,678,638.608,639.528
0.07526971243600306,0.07999998054150337,0.43005730318713137,6.107269466640699,1.3928010962217987,1.1485666444495342,0.31046758088387777,0.2993781080991327,1.1249957217933393,0.11013903868471855,6.068931494500366,0.23235974198532577,0.4800000000000182,0.4800000000000182,1.7403923183362355,0.21600000000000819,0.8880000000000337,0.9919844580193086,-1.5755134033079272,-0.6932781645287907,-0.05138670353922598,-0.00032735795890471986,544.1589012373281,1.0889440926860559,679,639.528,640.416
0.05174411355485746,0.05600001031054846,0.4265765097411225,4.467981887316804,1.142637688207236,0.8224783203864551,0.34221293675642345,0.34114690716268076,0.8514837944163173,0.09684941638120659,6.16478148627469,0.21577376861216346,0.47199999999998,0.47199999999998,1.5988954512559903,0.1999999999999318,0.8559999999999945,0.9921168022097863,-1.1830755801450235,-0.5869286075881841,0.02291376632578951,-0.05572013984008144,3.320202307368659,1.1280268775289828,680,640.416,641.272
0.05167893676383972,0.0559999844537644,0.4320726080338825,5.040502474930298,1.2547536615800887,0.8426120355209338,0.3408696007543926,0.36637406185334764,0.7507775582956273,0.10844314538814476,5.8787162963427075,0.18481300035270262,0.4799999999999045,0.4799999999999045,1.6171611106418027,0.20799999999997,0.8559999999999945,0.9913549470405353,-1.2973767401910246,-0.6047029030845428,0.049963180660366244,-0.08145456164415185,2.6049453741188224,1.04399889011669,681,641.272,642.128
0.06885701769570224,0.07199996606635366,0.4489018798564695,5.686723362179566,1.36221265944744,1.1592766193131645,0.3457911301563068,0.32574629984105674,1.3476457678384335,0.10689641492299408,5.466300161830601,0.35296276062619036,0.4959999999999809,0.4959999999999809,1.8507880304663105,0.2239999999999327,0.94399999999996,0.9921093027636312,-1.8111360898063908,-0.7764882123635277,-0.04569554218154449,-0.006196863755168825,34.28081085957237,1.0215262888320062,682,642.128,643.072
0.052113357790017224,0.05599996572986296,0.4123880465954177,5.560683419508291,1.00439855954055,1.1131607672480477,0.30596405876946225,0.3563716471953165,1.342945958719022,0.10457500599033409,5.784355197830256,0.3750027610334633,0.4560000000000173,0.4560000000000173,1.7878592469968368,0.20000000000004547,1.0159999999999627,0.9932677117350914,-1.4613205186343923,-0.8056645267761063,-0.05088722519729812,0.047422408759601686,-2.4579220127092034,1.0215262888320062,683,643.072,644.088
0.053078238152500574,0.05599997096869495,0.40800015915551824,5.21786156344682,1.1491107061737234,1.2234026724263147,0.3161148189406692,0.36607593581464887,1.518234974814009,0.1015551858971761,5.793804950175866,0.3681443677620851,0.4640000000000555,0.4640000000000555,1.7331955541187407,0.20000000000004547,1.0,0.9939732312208783,-1.4218302405091174,-0.7766797128127437,-0.07108558664830196,0.06689611948541266,-1.6233182140223759,0.9716346713059573,684,644.088,645.088
0.05301166748130784,0.055999947449371736,0.4122028984153411,5.141078026029238,1.2747878822647136,0.9510656625425584,0.28585255992981157,0.321620437494769,0.737564814795408,0.0996827778930685,5.668226418578989,0.13283712199352665,0.33600000000001273,0.33600000000001273,1.5147752375289736,0.18400000000008276,0.7599999999999909,0.9949276322595723,-1.021473397773156,-0.5075381686621421,-0.0180991953126374,-0.01553585500970245,7.877608958247078,1.2511987166355196,685,645.088,645.848
0.16800000000000634,0.14171431054005776,1.0547986247674885,5.9678178433629485,3.2734001580855607,0.4324622626176379,0.5668093058117,0.1701226267768051,0.3884863344687005,0.11428029892752285,1.0400000000000775,0.3838236833526564,0.6240000000000236,0.6240000000000236,1.6367005818219835,0.33600000000001273,1.0400000000000773,0.9434072574131438,-3.18955150940229,-0.644772084643783,-0.43338823167245666,-0.0027897563638872858,217.62099006898904,1.3841412519527891,686,645.848,646.888
0.05268025834870428,0.05599997455529159,0.41600614658315527,4.954601179992144,1.1724386328500254,1.0132657956792221,0.3134830427748307,0.2982606365580028,1.2860394675269207,0.0962162351069472,6.068968336880153,0.2534173957699371,0.47199999999998,0.47199999999998,1.636433261850732,0.18399999999996908,0.9039999999999964,0.9935145660443936,-1.3006651133662208,-0.6781784502845531,-0.0676626064298783,0.039714514561562386,-3.3072727001118287,1.3841412519527891,687,646.888,647.792
0.050932161633958375,0.055999981562587425,0.4144476276395941,5.326384177614664,1.2217130181947438,1.2494148612718348,0.30102136605873187,0.2993206798719908,1.237149612240284,0.09997779176377737,6.310052400371877,0.282618669539152,0.4800000000000182,0.4800000000000182,1.6421951707031766,0.18399999999996908,0.9119999999999209,0.9931121717276677,-1.3316079045174962,-0.7020490735887762,-0.0957692934916413,0.07091249653434087,-1.561132820956676,1.4086290593309359,688,647.792,648.704
0.07559008487204862,0.07999999223398295,0.41926993424937387,7.279826909937784,1.9587142385934955,2.0643955364210194,0.30819417874740823,0.32437531421098265,2.0997941459235894,0.11599261116150732,5.189848602309801,0.384600751801006,0.5040000000000191,0.5040000000000191,1.8564512426159205,0.20800000000008367,1.0,0.9941143584885949,-2.157840275906511,-0.9276889978257467,-0.31221911477177183,0.2082794856655151,-0.4238033093141426,1.1652165899810802,689,648.704,649.704
0.06206187353333092,0.06399997481574536,0.41258966002250663,5.9104745667885545,1.246578870670599,1.0747332494502175,0.2739946061094826,0.33061789977968087,1.850564284684517,0.09656360635210744,3.954154723297232,0.271744651955706,0.2720000000000482,0.2720000000000482,1.8330905171508118,0.19200000000000728,0.9920000000000755,0.9913424165374896,-1.4396352055633943,-0.7979217830492581,-0.10561864700637445,0.11646477090645513,-0.5447240610779569,1.150560545664983,690,649.704,650.696
0.0526438083872891,0.05599999207448659,0.400061738222732,7.060792321642198,1.8845367242636077,1.8088463464666562,0.29728682038766774,0.32176519284895205,1.564365162477411,0.10909764231805817,3.5601677736589905,0.3180616632805866,0.47199999999998,0.47199999999998,1.9092020369358522,0.18399999999996908,0.9599999999999227,0.9946904168701436,-2.0500911340445906,-0.9111708058384707,-0.24869466812789573,0.18057898528062113,-0.4911347404268968,1.0156638711055674,691,650.696,651.656
0.05186378595737609,0.055999999478232185,0.3892794017009636,6.478210053865535,1.2297993275892896,1.0481435779085306,0.25774291777263464,0.25434250242951084,1.296029719985791,0.09499995053429323,5.145744619103523,0.15737087923669238,0.35200000000008913,0.35200000000008913,1.8507588712050227,0.17600000000004457,0.9039999999999964,0.990991417471199,-1.5176617568492416,-0.7793336015986267,-0.09247313742048607,0.0710032454243788,-1.4631689114018804,1.0156638711055672,692,651.656,652.56
0.052618749664246366,0.0559999924262057,0.4023889188070965,6.9957124246941005,1.394440337644294,1.1797420806218122,0.26639193732156596,0.25944233123555666,1.218745927641417,0.10075972268847395,5.339301763343184,0.17242170106044352,0.35200000000008913,0.35200000000008913,1.8933569360057922,0.17600000000004457,0.8720000000000709,0.9938899774474066,-1.7248932773197387,-0.7932814180800448,-0.12421860145882908,0.08022935428368573,-1.4206556590399912,1.0742880483699582,693,652.56,653.432
0.043536096007246956,0.04799999429881196,0.41604664875666075,5.976000173617988,1.42308303886238,1.0260623111559912,0.31814682598052585,0.3149888903144281,0.930391200684107,0.09836794502194345,6.077874363672515,0.17330369465650025,0.4639999999999418,0.4639999999999418,1.971551164530441,0.16800000000000637,0.8479999999999563,0.9928016896472536,-1.8433832898299432,-0.7591683486899157,-0.015320555087720553,-0.02538357246848013,7.685124219690388,1.047907168600982,694,653.432,654.28
0.08326888588221164,0.08799996966062157,0.44602412050420176,6.793059340432419,1.531984220585003,1.5318065093544784,0.3320424017634112,0.3353846608986428,1.555984027379261,0.11038979594805355,5.689934315447946,0.34693969264390073,0.5120000000000573,0.5120000000000573,2.1146073966054466,0.2319999999999709,1.0480000000000018,0.9902022811915852,-2.395265910176354,-0.9940259163318932,-0.14167538950735323,0.08450331526192417,-2.0305989150176575,1.047907168600982,695,654.28,655.328
0.05229218112346917,0.056000004393517634,0.40107221882873356,5.679211319821936,1.3498006097136535,1.4649556739292282,0.31859664108299207,0.3599074344965195,1.5227066082199163,0.10239340740990774,5.6992922319892125,0.3541903402103548,0.4560000000000173,0.4560000000000173,1.8655389152663462,0.19200000000000728,1.0160000000000764,0.9934706044918337,-1.701468889248284,-0.8603814238993289,-0.10621325368678845,0.09481895085023746,-1.1914018866516642,1.0371594027691775,696,655.328,656.344
0.05379195131009235,0.05599999900118576,0.400785120502737,5.872784445744668,1.6559554998308192,1.1719494502017824,0.32411382278373335,0.34615892774649687,1.76086120181404,0.10325934023271938,2.9938526127748135,0.2961031744263243,0.4639999999999418,0.4639999999999418,1.8851014222654674,0.1919999999998936,0.9599999999999227,0.991144984549899,-1.8245652281759888,-0.8375854049491931,-0.12481448078327992,0.08404060804361707,-1.6646535751545857,0.9452537915369816,697,656.344,657.304
0.05362202341132526,0.05599998248097947,0.4026941807189992,6.116302375540984,1.6103157027193034,1.341738245225203,0.31879211805041086,0.33366566568190864,1.4112187257675282,0.10463167888376837,6.0804191714208295,0.255330661562234,0.33600000000001273,0.33600000000001273,1.8639887314088048,0.19200000000000728,0.8880000000000337,0.9944264876580237,-1.8190543072561938,-0.7731941462880818,-0.09292035202695798,0.037327231409741306,-4.488501770175132,1.0508383774642018,698,657.304,658.192
0.05257836097307733,0.05599996955664091,0.43143328779077006,5.72141178979536,1.4748767950652482,1.0697585546260555,0.3573914893966911,0.3618872296216343,0.9089268058816016,0.10261340596315013,5.320755918658015,0.24637154346833573,0.4800000000000182,0.4800000000000182,2.00367537711952,0.20799999999997,0.8959999999999582,0.9936389046837744,-1.9975445481795318,-0.7821759197705007,0.03569674444637634,-0.07012114913448123,3.593482309405477,1.0967606496546412,699,658.192,659.088
0.043275068418683706,0.047999992814027614,0.4073639595751994,8.705220929458893,2.1607355045336543,1.9144793626323262,0.3151648954588791,0.41208219398055024,2.3309090029869743,0.13227127992855026,5.426577667492526,0.4175542223433605,0.34400000000005093,0.34400000000005093,2.00096765358753,0.20000000000004547,0.9120000000000346,0.9948343745700969,-2.519086322355437,-0.9264248209651226,-0.18575627426468364,0.08309000252823115,-2.217788177504213,1.0967606496546412,700,659.088,660.0
0.0535640393131625,0.05599997032615824,0.43269996061125054,6.3376798651074475,1.5181724784854984,1.1951075473167765,0.3571811109115084,0.34338287784942706,1.0814005806449298,0.10758754975767196,5.0906649491001765,0.3004401974915753,0.4800000000000182,0.4800000000000182,2.146189368620851,0.20799999999997,0.9279999999999973,0.9937036655594826,-2.3617549109904963,-0.8796724565121136,-0.010230199975184694,-0.036098757426748514,7.023507302418671,0.8181736739461517,701,660.0,660.928
0.0659538323518372,0.07199999528333094,0.4239948476299108,6.776315072605812,1.533861314081653,1.397968009674726,0.325566927027195,0.3377081533618425,1.344237409006865,0.1092519115995355,5.202265555028459,0.3277872485824556,0.5040000000000191,0.5040000000000191,2.096943182517201,0.21600000000000819,0.9519999999999982,0.9939717448750229,-2.2511442578410974,-0.8985857013922607,-0.08156543485817139,0.025943383878682714,-7.451919541793293,0.8181736739461517,702,660.928,661.88
0.05226131465384736,0.05599998009100485,0.4165894409504715,5.19320472970589,1.1823259961098118,1.0706200689426357,0.3340929685377808,0.3251821712388086,1.2303249070937117,0.09831438716112384,5.7616549123278435,0.3331454761770993,0.4560000000000173,0.4560000000000173,1.826632155358853,0.20000000000004547,0.9360000000000355,0.9918621188573233,-1.5841795488572707,-0.7569564653179884,-0.03731136005456,0.004358747145082713,-40.13793399073684,0.9814053675166892,703,661.88,662.816
0.04609306785158589,0.04799957918300852,0.4580901242807092,4.995780954352877,3.7576498522630284,3.497421970027759,0.6642652787639232,0.6729946270082218,0.6202145249307983,0.11856391997740073,12.336108631493468,0.22469980791218105,0.5040000000000191,0.5040000000000191,1.9919777827120688,0.1999999999999318,0.94399999999996,0.9659040866302611,-2.620829335861378,-0.6496634001892281,0.590938375136121,-0.3296583735419568,2.0400561678043823,0.0,704,662.816,663.76
